16,20
3,18
15,28
18,13
19,24
16,3
1,27
8,12
11,16
14,1
16,17
0,8
39,17
28,16
7,8
34,14
12,2
33,27
8,25
40,7
7,2
10,22
19,14
9,18
49,27
4,3
39,12
31,8
23,2
35,3
29,8
28,1
5,5
29,30
39,9
7,11
13,20
42,25
8,21
7,20
27,29
24,22
34,20
28,27
8,7
11,25
16,21
5,17
44,14
28,4
13,30
2,25
3,23
21,15
29,13
33,12
39,18
10,15
24,26
37,16
5,5
39,10
23,21
17,26
17,5
41,12
36,18
41,14
40,17
19,12
3,14
37,4
6,12
42,7
45,18
47,18
37,17
28,7
50,25
27,14
6,20
50,27
3,18
6,11
38,24
26,2
29,26
25,20
1,10
12,9
17,1
12,22
48,15
21,23
30,14
9,17
19,2
35,9
6,16
5,16
13,29
21,9
27,17
11,29
24,30
48,1
10,10
41,30
15,8
40,8
48,24
32,21
29,28
44,17
48,22
15,18
22,4
37,14
40,30
35,5
46,14
23,5
21,22
3,5
7,9
35,28
14,1
15,12
21,11
40,25
19,18
44,28
48,1
36,8
31,20
35,21
20,16
30,7
15,16
9,20
9,13
35,12
48,5
37,2
46,6
11,28
24,4
36,21
5,20
0,30
33,25
22,20
44,1
22,18
2,23
21,2
49,25
19,6
7,17
46,9
21,20
50,3
16,18
42,12
21,12
45,18
19,5
9,10
50,28
1,18
29,18
47,19
39,10
25,20
27,12
7,8
27,19
48,14
15,23
49,8
41,3
30,28
49,17
49,4
22,28
2,12
3,5
44,27
1,2
27,26
44,15
41,22
31,2
20,1
39,27
8,18
25,25
16,23
13,16
16,17
3,8
14,21
16,29
1,18
3,12
10,1
29,20
13,17
25,6
25,13
6,9
44,14
20,13
46,14
35,1
34,17
4,21
38,28
37,13
6,5
40,10
12,13
37,21
8,2
21,27
24,29
27,28
42,9
18,25
23,25
33,27
9,8
36,18
31,18
11,22
12,25
40,11
14,27
44,1
6,21
38,27
2,25
2,6
1,14
27,14
25,14
27,29
43,30
36,3
25,3
10,25
50,12
14,14
1,17
26,23
28,10
28,17
36,18
32,30
6,13
5,29
9,29
12,25
8,3
39,1
45,22
4,12
35,20
39,11
7,20
6,24
8,16
4,10
9,1
23,5
12,16
33,6
45,1
6,24
33,21
49,30
3,26
10,17
37,21
42,11
45,10
39,19
33,27
45,4
13,16
41,10
7,1
37,28
32,2
24,9
41,14
48,12
35,2
24,8
22,3
4,24
37,21
27,21
35,27
42,21
29,15
12,27
9,7
20,13
19,22
40,22
27,6
8,29
44,5
15,19
27,20
21,10
20,26
0,8
23,8
2,19
36,6
45,28
45,4
36,24
25,10
38,12
42,14
27,13
20,6
20,2
41,8
43,3
19,17
31,27
45,13
18,14
41,8
17,12
10,13
31,23
30,23
31,7
2,1
6,8
1,10
26,14
49,1
41,27
25,19
18,3
32,29
23,12
27,30
26,18
44,17
7,13
15,17
30,13
42,19
16,7
43,21
27,26
32,12
4,24
30,11
1,24
26,27
46,15
48,16
29,5
42,16
41,20
11,26
17,10
11,25
29,16
14,2
50,23
29,23
17,1
43,7
37,2
22,21
5,30
38,20
22,2
37,6
16,27
43,1
38,18
35,16
43,7
18,5
37,12
21,12
48,21
6,11
45,28
17,18
13,5
30,24
2,18
24,14
21,3
33,23
21,27
39,16
42,3
16,24
11,5
38,2
33,1
41,12
32,14
17,25
41,2
6,8
39,18
11,28
35,1
41,24
4,22
22,17
25,13
26,23
34,16
18,19
31,25
42,25
16,1
49,19
1,15
19,24
19,13
37,28
26,7
9,6
15,27
44,13
28,27
12,6
13,11
33,10
13,20
2,10
32,4
5,12
39,30
19,17
8,27
19,6
47,7
10,20
31,20
19,9
12,5
2,21
37,19
20,9
20,17
1,24
0,30
14,2
43,2
47,26
0,7
13,18
14,16
41,28
31,8
15,15
13,11
4,29
10,29
30,24
4,22
13,1
43,14
24,1
49,25
42,14
29,29
44,12
5,20
9,21
23,16
45,15
15,17
34,20
33,25
37,10
18,6
19,27
37,10
16,20
7,16
37,30
32,6
18,2
25,17
1,10
11,11
39,24
26,5
43,21
39,29
24,24
7,5
34,21
19,18
48,1
17,15
37,24
14,23
24,26
10,5
17,19
5,1
19,11
37,3
47,15
9,7
39,4
12,6
10,11
41,14
34,13
36,11
18,17
8,17
42,28
35,2
47,6
29,20
19,28
29,7
4,1
2,16
19,12
34,2
26,22
48,15
4,14
35,14
17,22
8,3
27,16
18,18
7,28
50,20
44,14
24,17
13,21
28,21
9,6
44,19
5,25
17,23
29,28
39,18
44,3
38,14
25,21
20,19
3,22
40,5
13,9
45,6
4,25
15,23
24,1
29,13
39,12
28,9
29,12
3,23
22,28
12,23
44,6
18,30
15,13
34,15
49,30
43,10
36,2
20,13
22,12
17,3
3,20
8,16
22,18
43,8
38,2
32,11
10,3
33,3
1,15
37,10
13,29
22,14
30,4
25,27
36,17
18,3
16,27
50,30
45,30
13,2
21,18
14,6
38,6
12,17
7,18
20,1
12,21
20,9
0,1
25,21
16,13
9,28
50,23
32,9
22,14
37,25
41,5
30,17
45,28
8,1
34,7
9,26
17,9
40,1
44,14
43,26
45,9
13,8
27,9
18,7
15,12
25,13
50,5
27,21
10,8
0,30
41,24
9,21
1,6
0,4
17,8
1,12
29,9
11,2
50,11
47,5
36,9
1,6
25,18
5,17
5,30
3,3
43,15
30,10
26,3
18,9
31,24
45,24
39,9
27,25
26,28
0,29
18,24
20,12
35,18
43,14
25,19
15,25
22,2
4,16
7,8
48,3
38,16
22,7
35,3
5,7
8,4
22,27
8,3
49,1
16,22
22,10
33,14
47,13
12,4
42,15
3,1
16,1
12,12
40,18
8,29
36,11
1,5
45,23
18,8
18,18
44,18
7,24
40,15
49,27
18,23
26,12
35,7
6,29
12,12
19,18
44,27
33,22
12,6
39,1
37,14
28,25
18,6
17,6
8,15
42,1
16,20
15,16
39,4
0,14
30,7
41,23
30,11
22,11
12,23
50,3
3,28
43,4
17,4
17,22
19,18
35,13
38,5
41,24
6,10
25,13
43,11
15,15
34,14
22,6
42,25
20,12
16,12
29,6
39,15
8,1
21,11
37,28
7,29
5,29
22,1
38,24
0,3
44,3
22,9
39,7
49,15
50,18
43,18
45,6
4,9
6,1
48,10
43,18
39,22
0,2
43,11
19,23
5,19
22,18
10,10
40,21
24,6
30,28
14,13
37,6
26,28
2,19
19,18
33,11
21,4
47,9
2,23
46,5
8,23
1,2
14,20
9,19
46,11
29,6
49,28
33,30
21,20
30,17
0,25
29,9
18,9
23,9
0,11
25,21
30,24
35,30
3,5
9,4
45,18
5,24
50,5
22,12
38,19
5,7
25,6
26,18
13,2
19,10
39,18
28,19
23,30
33,3
23,27
38,23
29,16
6,19
37,9
42,15
17,9
3,7
11,27
37,26
8,3
41,23
29,14
12,7
35,24
43,22
24,6
46,14
9,4
14,5
23,6
8,1
4,12
2,6
21,29
49,19
14,6
28,21
25,15
8,12
47,26
48,14
40,14
16,27
24,16
0,21
37,19
41,16
15,5
23,20
46,5
6,17
42,12
50,22
30,26
26,27
30,6
14,3
34,23
38,15
45,18
41,11
10,11
39,8
20,29
29,27
16,17
38,20
31,19
43,16
50,30
22,22
45,24
32,27
37,20
16,27
44,30
27,16
40,17
5,24
17,29
4,2
34,22
44,4
28,23
44,29
46,26
26,4
11,26
36,19
26,23
44,20
0,25
48,2
43,25
6,10
44,4
3,26
33,4
22,1
30,26
30,23
3,20
45,26
45,3
43,26
4,10
48,3
26,17
7,28
19,14
11,8
19,23
32,7
47,18
8,1
16,8
21,2
35,3
20,30
6,10
37,16
5,8
7,28
17,27
11,14
24,12
38,29
26,21
19,28
7,30
19,22
14,26
38,28
10,23
30,5
5,22
11,28
4,9
48,3
9,29
7,1
2,25
32,19
13,13
18,21
14,22
30,14
26,30
1,11
36,28
3,28
22,1
23,16
33,28
48,18
43,7
21,28
46,10
49,9
4,6
20,27
25,9
19,2
0,26
47,16
31,7
14,6
39,25
22,7
11,12
5,5
10,7
16,10
44,23
12,15
25,19
47,28
23,7
14,10
37,9
43,30
7,18
32,2
12,9
45,27
30,24
40,20
15,25
17,20
30,2
30,26
2,20
40,18
16,7
17,5
23,17
16,4
24,14
15,30
36,8
40,10
39,20
9,6
7,22
12,26
2,23
28,2
36,8
48,24
21,20
41,16
15,26
21,30
7,15
1,8
23,7
13,4
6,26
31,12
16,19
0,10
37,8
0,16
7,15
34,12
32,10
36,27
26,28
22,6
20,19
28,11
10,30
41,13
39,2
39,7
40,25
15,17
2,20
39,16
25,28
0,15
32,18
17,21
50,7
36,15
33,10
11,10
17,12
46,25
27,4
9,27
20,17
25,21
20,23
4,29
15,6
10,6
34,27
7,1
12,13
49,1
16,15
49,19
33,15
36,26
41,4
2,18
8,1
28,13
36,4
25,26
35,23
50,11
50,25
0,20
20,8
18,27
5,3
36,2
9,18
8,19
36,20
28,7
3,15
37,15
50,7
4,12
30,7
49,15
30,19
12,29
44,26
19,10
6,4
33,8
7,24
38,2
19,8
31,14
40,20
19,15
0,13
22,6
11,5
17,8
27,3
38,3
10,14
13,19
48,22
42,6
0,26
47,3
22,24
42,12
41,28
40,28
2,12
12,24
32,9
27,11
4,20
41,3
23,20
31,26
42,12
18,28
9,3
29,15
34,30
18,15
9,14
20,19
41,21
8,10
17,28
40,5
9,8
33,13
27,13
6,4
33,10
50,30
0,7
19,8
48,14
4,13
18,1
2,10
17,26
41,1
40,13
36,29
38,12
4,15
8,22
30,4
47,25
36,8
41,24
42,25
22,22
5,1
25,20
18,17
50,28
25,24
35,17
39,21
14,18
3,27
48,6
2,11
28,24
2,4
33,15
42,26
3,13
12,1
35,28
6,28
37,9
23,22
39,6
20,18
1,13
8,26
33,27
41,9
12,18
4,24
5,29
38,12
5,7
21,26
50,19
13,30
30,18
32,10
36,23
38,8
38,3
32,3
33,10
3,4
47,13
28,24
18,11
45,21
45,18
26,24
40,25
27,2
47,27
48,25
22,19
6,23
11,8
28,23
31,30
29,26
19,27
15,9
50,10
29,10
26,6
3,21
46,7
47,29
42,4
11,12
25,7
5,4
11,4
9,5
37,4
30,15
10,6
23,30
2,27
33,7
10,1
24,9
21,24
14,24
3,23
7,13
16,6
24,8
1,19
19,22
13,17
46,17
16,5
37,14
26,14
27,14
8,14
26,23
41,24
13,20
29,14
25,14
8,22
8,9
7,2
46,30
22,13
43,16
46,18
46,19
4,7
40,23
16,5
30,11
37,5
41,2
43,8
43,18
34,25
11,27
6,27
36,24
0,29
30,25
33,10
35,30
32,19
7,25
9,27
23,26
29,30
7,14
48,17
9,13
38,24
14,22
18,3
10,4
27,11
42,15
39,18
2,10
9,9
34,3
37,24
46,20
11,24
38,5
32,26
45,21
27,20
2,24
24,30
36,8
22,7
37,6
47,13
35,16
18,29
44,4
21,28
33,6
0,26
23,14
20,23
37,17
23,9
25,4
25,5
35,6
43,1
0,19
7,13
25,19
47,21
30,3
29,2
4,4
16,20
50,3
39,8
33,27
38,1
24,6
44,14
50,16
37,19
21,4
8,6
29,9
46,22
8,29
43,17
43,9
42,14
34,9
41,25
15,25
8,17
4,1
34,14
8,12
21,15
35,10
19,15
18,9
14,9
2,24
32,16
7,16
23,1
21,18
24,23
28,25
3,24
41,8
32,3
8,3
31,8
6,24
17,30
35,15
18,3
27,29
17,9
7,2
41,4
41,27
3,21
34,17
11,6
8,16
15,2
3,26
10,24
23,17
7,20
40,5
34,24
21,15
1,18
10,13
13,5
19,4
2,2
47,30
19,30
28,4
40,19
20,16
38,20
12,4
14,18
47,14
44,21
46,22
31,30
26,30
39,2
45,18
32,6
18,6
34,16
20,4
13,17
11,20
38,22
28,7
36,24
29,2
11,15
49,24
6,27
22,27
38,19
7,21
48,3
11,12
12,6
43,2
13,2
12,24
38,3
3,5
18,2
22,29
3,24
3,25
11,17
23,29
7,3
22,6
40,21
29,2
3,25
32,9
7,6
35,23
41,28
46,24
46,16
8,29
9,24
39,13
30,3
50,12
11,19
11,15
11,28
34,8
20,28
39,11
49,30
20,11
32,20
42,20
23,11
1,2
7,17
26,19
9,2
46,6
14,29
7,22
26,5
45,27
16,9
49,1
37,13
5,7
13,6
33,14
21,2
13,29
37,13
36,11
46,22
49,16
14,15
28,21
0,1
8,13
37,28
23,29
28,19
45,22
9,1
37,29
48,9
38,28
13,26
12,15
21,10
39,1
39,5
20,16
11,19
42,17
38,19
40,14
47,8
32,16
36,9
18,9
21,9
17,14
32,23
41,16
11,1
22,9
39,23
36,20
43,1
36,4
48,24
4,28
42,20
24,11
34,14
47,14
32,4
24,5
15,22
33,28
9,28
49,1
2,14
40,22
11,6
47,20
8,10
14,26
31,1
35,18
31,20
1,30
11,18
19,7
48,11
5,14
13,3
49,8
45,18
7,11
31,21
11,16
24,28
42,16
12,9
7,10
3,29
11,30
36,28
22,9
25,6
16,19
18,10
7,11
48,30
21,8
0,29
10,28
48,21
17,29
28,22
28,14
47,19
28,19
0,3
29,1
23,20
4,19
25,19
10,22
44,3
7,13
18,5
32,26
25,14
39,25
24,8
45,27
42,15
21,20
45,12
8,6
38,27
47,15
10,23
47,13
25,7
8,15
42,27
0,30
16,22
36,1
17,30
43,6
2,1
7,21
41,23
22,17
6,25
7,28
32,30
8,26
39,19
8,1
45,4
23,8
4,29
34,24
19,26
17,4
33,11
35,8
6,24
19,9
48,16
13,29
13,27
4,14
50,7
16,12
7,16
15,22
45,18
25,14
2,1
31,12
49,6
1,3
39,14
40,7
23,7
15,9
5,19
21,22
36,29
36,1
50,25
7,28
35,9
16,3
20,14
48,29
13,29
48,11
41,27
42,13
18,17
45,13
47,6
22,14
48,26
34,28
17,30
36,21
23,4
5,13
31,20
21,20
44,7
45,15
48,5
25,2
48,21
23,29
41,7
9,13
43,29
26,6
7,21
21,23
0,8
33,20
36,21
0,22
5,21
20,8
35,24
17,19
46,22
8,11
41,28
3,9
46,3
22,28
30,25
47,26
26,2
15,7
23,23
15,1
9,6
48,16
33,19
31,16
1,7
22,2
25,2
2,30
14,8
37,26
7,30
6,2
48,7
32,10
17,12
23,11
1,27
46,17
15,4
1,7
12,28
20,19
21,28
33,3
42,11
23,20
31,20
40,6
1,2
29,2
42,25
34,9
26,3
9,9
24,23
50,18
29,10
18,17
27,12
39,13
37,4
8,18
36,15
4,13
26,3
36,25
11,17
25,16
23,9
18,14
47,25
24,6
44,17
16,14
43,18
25,28
48,6
0,25
48,9
26,4
5,13
6,3
14,12
38,26
36,22
21,3
38,29
44,2
15,28
5,14
13,9
12,30
41,26
3,25
48,19
42,17
16,4
2,6
41,5
7,7
41,21
6,1
11,27
43,1
42,23
25,25
24,14
20,16
8,9
44,24
15,13
26,4
47,5
27,26
34,18
25,2
3,5
10,9
20,6
20,26
34,5
35,26
12,23
20,21
44,3
45,1
31,16
36,26
49,15
20,27
38,12
47,12
23,10
3,15
6,25
48,29
0,19
25,2
4,20
42,8
22,21
19,24
46,19
28,15
33,30
21,18
3,18
41,2
1,18
24,28
6,27
1,27
37,3
9,19
26,24
42,8
30,10
24,24
3,6
10,2
49,29
46,27
22,8
34,22
45,27
5,17
46,27
20,10
30,28
20,6
22,27
35,16
35,15
1,7
46,26
28,10
39,11
47,17
31,6
40,6
14,15
22,25
31,12
19,4
26,23
37,10
22,10
46,1
35,28
40,29
18,8
23,1
3,1
45,17
39,6
43,30
5,2
33,13
18,26
25,8
42,3
45,9
1,26
37,28
36,2
17,14
37,27
32,24
26,28
8,5
47,17
49,3
42,15
43,22
5,16
34,11
15,10
49,27
31,29
23,17
21,20
5,4
7,19
4,7
46,25
0,28
19,7
5,3
30,15
44,9
22,20
47,17
35,9
18,26
0,4
30,6
36,7
41,10
29,18
16,3
49,12
25,29
20,16
15,12
12,19
2,30
12,25
41,15
43,28
47,13
3,7
36,17
42,24
30,26
45,20
15,29
8,26
25,15
7,14
8,25
39,7
37,10
24,13
8,3
7,10
33,11
49,6
20,25
30,5
13,6
29,29
6,24
49,29
47,11
20,15
31,16
13,29
1,28
7,29
43,11
16,21
12,9
12,5
29,29
23,2
11,7
18,22
39,2
6,2
33,20
47,5
49,1
38,21
39,12
9,6
7,16
30,27
15,16
14,14
29,13
48,18
43,14
18,28
2,2
42,10
21,19
10,11
50,23
41,16
24,26
39,20
39,21
43,17
1,11
6,20
50,2
30,13
17,12
15,8
43,24
26,26
10,11
50,13
32,1
43,26
42,29
42,23
19,11
10,16
28,24
1,22
6,8
30,28
28,16
18,19
46,20
25,21
22,16
22,24
13,30
25,23
25,30
7,27
43,8
32,26
49,25
6,13
5,11
38,28
19,28
15,3
16,9
46,10
19,7
46,7
4,18
39,20
40,14
8,30
12,27
23,3
22,12
28,5
5,17
28,17
39,28
41,6
11,18
21,13
17,22
23,27
18,28
18,14
50,30
10,23
21,8
10,8
31,23
27,16
13,24
31,19
37,6
38,1
7,25
20,26
6,15
49,27
24,27
9,18
37,5
30,26
40,3
13,2
37,16
42,25
5,3
13,1
33,15
44,18
21,21
44,13
36,6
48,3
0,25
44,1
27,13
12,4
36,24
41,8
35,23
14,7
45,3
19,13
20,4
41,18
42,26
14,1
43,25
30,24
20,19
37,25
12,11
34,17
50,2
30,19
14,12
14,16
37,29
29,20
44,30
4,12
40,1
31,16
4,8
8,3
7,21
11,6
20,11
43,17
28,2
10,2
35,21
26,30
12,5
19,29
20,8
1,7
38,6
17,10
5,26
38,10
25,10
3,16
49,24
37,19
0,29
32,22
31,28
7,1
21,23
26,28
28,29
10,2
13,22
43,19
15,25
11,24
31,4
13,12
13,7
27,3
4,10
5,17
28,2
28,9
8,26
48,25
20,27
48,26
28,24
30,21
3,7
24,11
24,23
31,22
6,26
29,1
1,15
25,21
19,9
4,4
31,23
7,14
17,20
45,25
23,23
43,30
24,22
6,5
44,18
36,13
28,28
39,10
4,17
18,6
50,21
42,21
31,11
15,17
36,1
44,12
28,9
48,2
9,2
36,22
45,22
36,12
11,27
11,28
29,4
7,1
34,1
1,23
3,19
28,13
4,7
20,15
46,2
16,4
19,22
36,15
21,22
0,11
45,10
42,13
21,4
6,14
25,4
40,5
29,23
25,22
46,2
10,28
22,17
21,29
38,16
50,23
43,19
8,3
34,10
45,23
35,4
25,15
37,27
36,2
33,17
0,1
31,29
35,23
36,20
42,14
35,4
40,22
49,15
14,21
4,1
27,30
5,9
12,28
42,19
0,3
6,5
38,14
40,19
42,23
5,9
21,14
13,8
10,2
27,13
20,9
16,21
22,22
44,10
16,28
48,16
4,28
39,23
32,30
28,28
11,3
40,16
0,13
11,9
34,25
38,29
26,3
25,10
50,26
37,11
24,26
12,14
42,30
15,12
34,21
28,6
9,6
46,4
15,8
2,7
20,8
41,16
26,18
36,10
4,12
8,10
41,3
38,16
42,6
20,10
30,17
21,3
30,17
15,19
49,4
45,30
28,3
7,20
35,7
27,21
32,30
11,24
12,1
43,1
13,2
33,28
38,18
1,9
5,13
4,9
28,11
2,1
24,12
27,13
11,9
8,20
30,21
41,26
1,14
16,12
5,13
10,11
5,30
18,29
19,11
45,6
22,21
22,14
40,28
38,29
17,14
27,21
38,16
4,23
38,24
31,19
21,1
32,5
36,28
16,6
11,1
15,2
45,14
45,29
41,6
42,22
44,16
15,13
35,23
30,17
44,10
31,20
6,17
19,9
36,5
27,27
2,19
38,7
24,7
11,19
18,18
42,19
10,30
50,8
15,14
39,5
40,27
1,30
27,8
2,9
42,7
6,6
20,8
2,28
43,12
46,11
18,14
31,11
48,16
37,7
27,21
2,14
43,30
3,4
33,4
30,12
23,1
5,3
29,4
11,8
24,6
39,12
38,23
14,27
33,23
2,5
16,18
33,29
18,13
46,13
32,25
23,5
50,17
5,23
0,25
19,21
34,17
22,29
35,6
13,2
12,6
35,24
13,14
8,2
11,27
49,1
32,30
13,9
37,16
37,27
27,22
38,10
22,29
9,1
18,7
48,6
14,29
29,19
39,27
31,20
48,26
13,27
12,3
4,10
17,11
7,30
25,30
27,3
45,7
0,8
49,26
13,24
38,13
12,8
12,28
27,10
5,22
28,26
41,9
31,20
41,11
30,19
3,4
13,28
48,8
19,17
43,2
47,8
11,5
37,21
22,10
44,4
6,19
16,11
26,6
10,15
48,24
21,16
45,30
45,16
43,30
18,3
22,21
40,6
36,26
33,6
37,12
4,13
3,30
49,19
26,19
29,14
4,18
29,16
18,26
7,7
31,2
0,1
48,26
24,16
34,15
6,21
31,8
19,28
36,28
44,17
31,8
12,8
9,14
20,16
38,25
43,9
4,13
3,30
37,7
33,27
28,21
30,13
40,16
15,8
43,16
34,3
9,12
25,23
32,6
49,29
26,24
32,21
39,12
25,26
4,27
6,25
15,19
18,23
39,18
35,19
35,30
31,23
32,29
46,10
0,19
21,8
4,20
20,2
28,27
22,28
31,18
7,30
40,21
41,1
44,7
29,19
37,18
7,18
35,11
33,15
19,7
16,16
32,7
18,27
33,12
14,16
35,18
15,25
19,4
44,23
34,25
13,23
34,6
18,14
8,12
48,11
46,5
34,1
20,12
12,13
40,8
30,27
13,1
44,29
2,20
42,27
18,17
13,21
0,24
6,18
38,29
23,22
32,2
3,23
6,20
14,18
49,20
43,21
42,28
0,20
8,1
0,2
8,16
40,23
11,10
49,8
13,14
0,22
39,23
22,9
23,15
29,5
48,17
17,7
9,7
24,22
37,15
18,18
24,5
46,11
43,7
11,23
4,7
34,28
13,17
32,5
11,14
1,11
23,3
41,23
45,12
41,5
22,30
31,28
48,11
5,30
8,24
22,13
16,30
46,9
24,30
47,6
46,4
33,25
45,14
16,21
25,30
7,30
7,30
18,22
3,11
33,11
24,17
2,5
43,13
29,6
20,16
13,12
20,3
10,8
13,4
26,12
27,10
50,7
16,26
8,11
45,28
42,16
36,20
22,26
34,24
24,22
23,12
50,6
32,25
31,15
4,1
20,26
26,26
10,9
41,5
37,19
17,18
8,1
44,22
43,7
35,11
39,23
38,23
18,15
45,17
21,8
18,15
12,11
40,13
37,9
45,10
40,30
41,11
28,15
29,18
27,17
46,9
47,22
40,5
15,12
10,25
36,21
48,20
12,11
6,7
22,19
38,11
17,26
35,26
39,10
44,14
28,15
6,28
41,1
50,27
13,26
7,13
8,20
9,5
19,16
6,7
1,6
26,14
46,4
22,29
45,22
11,15
27,17
36,20
18,4
42,19
21,15
11,21
26,9
50,21
44,16
49,29
47,4
24,6
7,23
3,1
5,25
7,17
25,9
39,8
48,26
28,17
37,28
49,3
14,3
5,20
1,2
27,10
32,2
47,29
9,7
32,1
1,14
2,3
31,28
33,30
18,28
10,2
35,17
37,2
22,14
26,24
2,16
32,20
3,19
29,27
49,17
25,6
21,24
26,8
15,1
12,24
43,9
26,2
33,17
26,18
21,11
17,20
14,15
22,16
34,7
42,21
47,22
28,23
20,25
39,14
22,29
15,20
49,14
35,16
32,24
41,20
37,7
39,28
10,22
7,20
10,8
23,12
41,25
14,4
8,26
46,24
33,30
17,4
36,24
37,23
38,26
48,12
25,13
18,30
16,23
33,7
38,6
9,5
6,12
44,6
28,30
44,3
41,6
27,14
21,16
28,1
1,7
5,22
31,12
0,10
5,28
1,27
10,23
22,25
18,19
40,16
43,15
37,27
22,23
45,13
37,9
18,17
24,26
27,23
20,2
37,25
26,10
33,2
5,25
17,17
37,10
5,19
30,6
16,5
40,26
41,19
14,22
9,21
50,8
16,28
33,3
44,22
31,8
31,22
48,2
2,15
48,11
23,30
4,1
10,9
42,4
23,29
12,2
23,16
39,10
17,20
23,3
34,8
38,19
33,24
7,29
47,10
22,8
39,28
12,27
38,17
3,13
42,27
50,5
19,30
45,30
22,25
2,16
2,22
47,29
0,12
27,30
13,26
38,19
26,15
9,8
4,17
38,21
5,7
39,30
46,8
31,21
2,6
18,9
46,11
48,24
25,18
30,17
42,23
40,19
34,13
23,25
27,14
40,27
4,5
28,24
26,19
35,20
31,29
1,16
50,3
49,7
6,25
44,5
26,13
43,24
2,3
35,17
46,28
5,29
6,8
30,29
21,1
0,11
2,28
3,30
30,29
42,6
42,4
38,5
49,3
43,3
40,8
27,1
5,29
24,21
37,19
16,22
41,1
48,18
35,11
23,10
49,26
2,7
4,3
12,14
39,17
35,30
3,26
12,8
45,23
31,29
49,25
8,13
17,29
48,3
39,10
26,26
42,27
42,8
1,18
11,20
26,10
25,5
7,21
35,6
20,30
27,18
19,28
44,19
12,8
32,3
17,19
15,15
14,21
38,5
35,2
21,15
42,5
26,21
11,15
13,4
6,8
0,5
28,28
26,6
45,21
49,22
46,21
11,29
30,4
24,30
42,9
38,3
15,29
32,23
44,26
44,17
40,15
24,18
10,21
7,21
25,13
30,26
34,12
3,2
5,21
9,11
10,18
4,13
14,29
47,6
19,10
34,26
15,14
18,22
10,16
15,23
29,11
46,29
50,7
14,17
23,11
25,16
21,9
19,25
15,5
23,4
13,3
44,10
33,6
3,23
5,15
46,5
2,4
49,12
21,9
29,24
50,19
32,13
43,22
25,26
33,26
43,26
50,20
41,21
16,19
44,23
6,11
4,30
35,2
2,20
48,28
46,18
32,26
40,20
27,20
25,2
21,21
40,20
14,29
14,18
24,9
36,11
34,14
10,27
3,7
7,5
0,25
7,2
2,10
28,18
30,20
26,14
20,20
2,27
44,17
9,3
10,22
8,27
38,19
5,4
15,2
22,22
44,7
14,30
17,11
37,21
47,16
46,3
49,13
21,8
13,23
4,4
37,25
1,10
36,2
46,16
31,28
8,14
14,7
9,5
0,30
21,27
20,11
20,20
1,25
48,3
27,8
15,15
38,15
23,11
32,28
34,27
42,23
14,13
34,11
42,17
0,28
37,2
25,7
47,4
27,2
49,16
49,18
13,20
2,9
24,29
17,27
26,2
13,13
3,21
3,27
43,30
42,23
14,20
42,24
10,28
27,25
29,6
23,9
1,10
35,18
43,13
37,25
9,29
31,22
21,7
33,23
45,26
13,26
1,11
23,5
1,4
46,13
15,10
2,10
45,19
15,3
17,20
18,13
27,25
46,24
2,9
2,15
29,9
3,23
37,11
44,22
13,15
23,14
3,9
15,3
3,2
21,14
39,13
4,9
29,10
46,5
15,22
49,8
27,5
26,27
46,25
39,17
44,23
34,28
18,4
16,8
39,7
47,14
26,25
46,12
37,1
11,8
23,14
21,16
40,6
38,16
33,7
24,27
41,24
7,23
16,10
36,14
9,16
13,22
21,11
35,20
19,11
6,3
10,9
46,21
34,26
21,3
28,6
4,4
46,4
5,2
7,14
14,6
30,27
17,16
26,21
11,19
38,17
5,18
24,16
44,18
49,26
9,25
13,27
43,1
35,8
17,13
42,28
15,6
33,19
18,10
26,4
6,21
36,17
46,18
4,17
30,28
2,25
47,2
7,7
43,6
44,1
2,3
50,11
48,25
27,25
34,19
37,1
24,9
45,30
42,18
14,22
35,11
32,17
32,21
14,2
49,26
43,4
9,28
34,18
48,20
5,3
43,29
8,1
22,25
31,5
26,24
37,24
37,17
2,2
32,24
15,14
23,21
8,10
33,23
42,13
11,17
30,13
27,23
44,18
48,24
34,16
25,20
25,6
6,10
46,9
28,6
50,25
41,6
20,6
22,4
20,11
33,17
38,3
38,21
21,25
6,8
29,5
0,12
20,30
13,12
49,4
48,5
47,5
28,23
47,15
22,9
35,14
45,23
5,4
5,19
37,25
26,23
2,22
39,9
39,27
34,18
50,19
31,5
39,24
27,27
46,3
20,29
6,2
11,11
27,17
45,13
7,26
20,11
31,17
21,10
11,19
49,20
29,25
1,10
34,2
12,9
46,12
39,24
37,22
25,7
16,28
7,24
0,25
27,1
10,24
18,10
6,24
33,3
25,26
24,10
35,21
47,18
22,23
39,3
44,24
30,1
13,19
28,19
20,26
42,26
2,25
50,5
35,23
1,12
47,15
34,14
7,19
45,18
28,6
29,25
35,22
28,22
11,3
41,24
5,25
13,25
23,13
17,11
37,18
34,21
12,11
33,30
25,3
23,29
35,6
32,9
48,22
23,19
49,1
0,1
17,18
27,18
14,21
46,12
27,2
44,7
6,7
41,9
5,13
7,11
3,2
4,9
23,3
26,10
40,12
9,5
4,3
47,20
11,7
28,27
18,29
10,2
11,28
35,18
36,23
18,7
39,5
28,4
47,14
39,18
33,28
35,25
40,1
29,25
50,27
23,7
26,23
12,2
32,17
43,5
9,15
43,16
37,13
29,30
27,4
32,5
6,26
34,15
11,2
39,6
6,30
23,24
33,23
9,15
16,8
48,5
37,10
42,14
35,2
16,6
45,25
32,18
21,27
50,11
48,20
34,12
43,10
28,26
27,20
42,26
19,16
22,28
38,14
17,15
28,20
12,17
0,23
50,2
0,11
41,20
20,15
26,4
25,4
46,26
5,16
31,22
29,28
30,29
10,21
30,25
6,1
24,9
37,20
40,10
32,23
2,13
4,29
16,16
20,6
44,21
17,5
25,9
20,23
20,25
24,21
25,13
14,3
10,18
33,30
39,27
35,22
7,25
3,13
25,15
49,5
39,12
26,26
35,15
25,29
37,20
29,16
35,29
48,7
46,21
43,16
0,7
15,27
34,27
48,21
23,21
20,10
25,10
32,21
43,1
40,19
31,14
48,20
43,6
1,24
2,16
29,4
16,24
42,29
23,6
24,11
23,3
46,16
39,3
18,27
8,2
41,13
33,26
22,27
2,23
46,10
30,22
4,24
24,16
11,7
11,9
46,8
23,5
27,5
20,7
7,12
32,21
9,24
24,23
33,11
38,1
23,30
32,4
9,17
47,9
22,30
40,8
41,4
50,29
2,23
28,21
6,4
19,17
36,21
18,26
14,6
29,21
18,26
49,19
50,26
28,19
14,25
29,29
29,30
12,18
29,13
5,21
27,4
32,21
7,17
12,11
34,22
8,13
20,10
16,16
50,26
8,9
38,14
4,8
15,22
13,11
36,18
26,23
3,29
18,15
5,6
16,7
4,21
40,15
15,17
4,21
45,11
7,17
11,25
38,9
8,13
46,5
5,9
50,2
47,13
14,25
31,22
22,17
31,24
39,12
22,21
12,17
21,24
37,13
15,7
9,7
26,8
35,25
25,9
33,28
38,11
20,23
11,2
4,21
37,19
9,22
24,23
22,27
12,2
41,30
21,27
14,12
13,7
5,14
36,27
50,22
22,19
41,18
21,21
46,30
44,4
23,12
48,22
43,28
39,14
39,3
0,12
27,8
46,22
11,6
4,25
11,2
3,16
38,19
39,15
45,15
43,1
19,11
16,10
33,26
3,3
11,19
22,22
36,15
16,15
13,17
48,20
47,5
31,21
48,20
17,8
47,11
48,21
7,6
34,2
31,23
30,4
13,8
9,24
42,28
33,7
26,3
0,6
20,11
4,4
8,11
9,8
32,5
1,6
35,3
28,16
23,9
0,24
33,1
20,7
10,1
46,10
42,11
18,15
50,26
28,30
3,7
3,7
17,14
14,1
2,19
4,6
14,25
38,22
9,4
36,26
9,9
46,7
38,11
15,20
16,22
19,11
32,4
42,10
0,8
6,14
36,15
45,16
7,25
27,24
10,8
13,11
3,28
34,9
30,17
19,16
22,7
41,14
15,26
45,17
7,16
21,21
23,28
6,29
4,23
14,2
14,16
33,15
34,2
5,17
0,21
24,14
45,16
12,23
19,27
49,16
28,2
12,2
37,10
40,23
46,6
9,5
20,14
40,14
2,30
8,4
11,4
13,9
4,11
26,27
30,1
22,23
19,8
11,11
1,11
44,20
2,24
0,3
36,5
12,11
19,15
40,25
22,21
12,22
19,8
26,24
35,27
25,3
9,28
12,17
20,5
28,25
49,6
24,15
7,28
12,11
27,27
35,21
35,17
19,27
23,3
10,17
39,17
14,30
11,3
26,23
31,26
29,11
31,16
4,30
50,19
16,28
37,21
44,14
10,27
18,16
14,8
38,7
44,14
7,8
4,13
2,15
48,10
14,15
7,23
27,16
37,1
6,14
23,4
29,21
39,13
35,25
43,3
44,6
31,19
14,3
43,2
18,19
43,1
11,6
38,18
29,25
45,22
6,3
28,21
29,11
44,27
28,10
13,21
16,5
32,20
14,21
50,27
3,27
24,7
26,19
47,20
33,14
45,1
15,2
10,13
41,14
41,27
32,23
2,20
28,9
9,10
4,19
44,23
48,3
44,10
45,10
50,29
33,28
16,5
47,26
41,23
5,18
33,18
22,20
16,25
15,3
18,8
46,27
44,28
0,27
41,25
6,3
43,10
6,12
44,12
31,11
29,26
48,17
26,21
6,2
36,19
22,7
22,14
38,7
46,13
1,3
29,2
33,5
11,14
19,22
23,11
28,6
6,8
13,14
27,20
43,20
43,15
45,5
36,12
34,29
25,22
47,17
32,28
7,8
50,21
7,18
37,4
43,17
19,13
13,18
22,21
40,13
13,27
6,2
18,16
28,17
26,26
30,3
13,29
32,30
13,14
17,7
15,12
19,13
29,30
28,27
10,25
49,12
50,11
29,1
25,3
38,9
0,4
23,29
2,14
11,10
25,27
14,14
21,22
48,5
29,12
0,18
18,2
41,8
4,28
40,13
50,8
10,27
25,26
39,20
40,19
23,3
10,22
42,28
22,13
9,27
35,16
46,15
48,15
47,4
8,4
45,20
35,29
22,3
6,6
25,24
44,11
12,25
6,14
32,15
21,11
19,13
24,26
44,27
22,7
29,16
10,28
38,14
3,13
11,16
49,5
28,29
18,9
9,5
16,7
17,16
26,29
1,4
42,13
23,9
48,16
48,3
17,24
4,29
15,17
29,14
8,12
13,9
50,17
20,20
40,18
7,1
5,28
36,15
40,14
4,23
32,26
8,30
45,18
43,2
8,9
12,13
5,19
19,6
8,20
31,21
47,3
34,3
46,8
42,1
38,3
46,4
14,9
41,29
23,17
5,28
32,4
36,7
10,26
18,6
9,21
45,4
50,5
14,25
10,8
16,24
9,13
0,25
16,1
49,29
7,12
23,9
32,3
20,20
26,21
24,6
26,13
48,21
20,9
32,14
35,2
31,11
50,22
49,5
34,19
21,11
28,23
2,27
4,4
0,9
12,11
39,9
12,25
6,4
41,17
10,23
24,22
11,14
33,19
8,29
9,3
48,14
7,3
47,4
31,2
24,28
4,12
39,1
33,7
26,23
0,22
0,8
28,9
22,10
9,7
34,9
33,10
33,25
9,2
19,14
29,11
8,11
9,30
45,30
47,27
14,16
7,5
42,29
46,1
34,19
0,5
8,15
33,1
10,24
36,22
33,28
20,21
11,11
11,7
28,27
44,16
50,23
7,5
49,27
32,29
16,20
17,30
36,18
44,20
37,24
38,11
11,10
49,29
48,17
49,26
41,22
20,11
14,18
31,29
27,12
32,20
34,26
16,1
49,3
38,16
35,17
30,7
1,12
5,8
45,10
0,30
32,18
48,1
20,27
50,2
9,30
35,9
29,23
39,7
34,1
3,14
47,27
27,17
16,28
3,28
7,19
33,19
27,26
38,13
7,11
1,9
45,16
11,26
45,20
45,1
25,18
17,14
1,29
31,24
26,5
2,29
6,1
18,21
15,26
26,3
31,27
26,2
45,13
13,7
8,18
48,22
33,20
41,13
19,23
2,18
49,1
42,14
15,17
23,6
12,14
41,1
39,10
40,28
11,1
50,6
49,21
30,13
21,5
30,29
25,3
38,6
47,13
34,18
20,20
48,8
1,29
39,7
30,9
16,12
26,17
28,22
46,16
48,29
22,11
22,9
29,11
33,4
41,23
17,26
28,6
22,13
36,17
33,5
42,1
44,19
35,1
35,16
8,12
5,24
0,24
4,19
19,22
39,6
44,10
15,6
40,7
16,23
6,11
6,30
38,6
32,27
39,3
31,3
31,1
48,28
4,28
14,19
36,2
29,17
13,11
7,2
29,6
0,28
7,5
33,5
8,7
1,10
44,30
33,7
44,21
41,20
31,21
21,20
28,14
48,2
34,8
14,25
1,14
34,18
22,17
29,14
49,6
46,7
48,14
39,7
1,26
32,5
28,26
38,9
38,1
44,13
4,20
17,11
41,2
44,3
50,22
49,9
41,5
7,29
30,5
37,22
19,9
45,22
20,15
50,9
40,22
33,1
6,29
14,11
5,8
6,24
15,17
26,20
32,20
49,2
48,19
6,23
17,15
12,19
21,28
18,9
6,17
23,2
47,5
14,15
21,21
42,27
28,21
36,29
49,19
4,30
20,26
46,5
12,24
32,24
9,30
26,23
16,15
7,3
47,24
43,10
27,3
50,1
9,26
50,20
0,17
34,5
32,7
40,6
33,10
47,25
24,12
30,29
35,20
6,11
46,19
38,3
45,15
6,16
35,24
9,6
13,21
8,12
7,30
6,7
3,22
21,1
48,11
47,19
31,23
29,10
7,1
17,29
48,13
14,9
34,5
14,23
46,24
13,2
47,19
50,18
37,4
14,3
17,30
21,30
3,7
28,13
1,13
25,6
8,19
12,8
25,5
48,28
45,15
35,25
20,9
14,2
17,3
37,10
35,2
46,14
42,11
45,10
46,19
8,26
37,21
8,10
36,4
50,3
8,12
42,26
12,29
30,26
26,10
37,30
25,30
12,20
17,19
21,19
29,23
5,17
41,23
50,10
20,25
39,16
29,18
3,11
39,4
31,3
15,20
38,26
1,19
18,6
3,12
13,25
39,8
44,30
46,22
1,27
39,24
49,5
47,16
20,17
8,29
27,2
2,18
2,19
30,11
17,26
49,16
19,28
39,9
15,15
7,16
4,9
47,23
13,2
41,1
0,2
11,9
17,2
41,23
19,14
45,13
8,8
43,8
36,17
28,13
31,3
21,18
10,29
5,8
18,12
27,5
40,6
6,16
33,23
41,23
29,20
6,21
39,26
47,10
7,12
5,14
34,16
32,4
43,28
35,1
22,10
35,16
1,22
8,6
1,27
41,22
24,26
23,2
42,11
49,23
0,16
19,4
46,19
22,4
50,5
40,14
19,3
44,10
45,23
7,25
38,21
23,26
19,6
14,11
41,24
49,6
25,23
28,12
19,4
3,7
32,4
31,15
28,2
6,1
21,14
43,8
1,18
15,18
38,8
23,5
20,13
21,7
17,9
0,21
10,19
6,18
48,23
37,12
46,27
6,7
12,7
27,6
16,11
19,23
44,3
7,2
41,16
44,29
10,22
3,1
27,9
46,22
14,6
45,28
39,21
10,25
39,27
21,26
20,10
4,23
35,5
1,2
30,15
17,24
41,22
49,25
25,11
31,9
41,25
10,28
13,29
10,9
16,12
20,29
18,2
13,28
15,13
40,27
29,19
16,21
5,12
41,23
29,17
45,12
3,2
47,14
26,5
0,22
6,7
0,29
37,11
50,18
34,7
2,24
15,2
46,4
25,20
0,11
23,9
43,2
2,1
29,28
38,9
16,28
38,21
24,30
5,6
2,1
35,6
24,21
19,26
20,22
7,11
38,16
22,22
34,30
26,14
21,25
36,15
29,3
9,29
21,5
0,8
50,25
31,20
30,24
1,19
40,9
35,18
4,23
12,3
49,15
29,16
45,13
1,19
3,27
15,4
35,28
13,20
7,12
35,26
21,24
21,22
9,26
6,13
4,8
28,13
47,8
48,5
13,7
44,21
43,30
50,21
15,27
17,20
18,19
34,2
36,19
8,4
21,28
37,26
12,28
48,3
43,16
26,28
48,13
1,2
49,7
20,21
24,8
0,9
43,12
27,18
49,5
48,13
32,8
17,23
22,22
29,7
32,28
8,25
15,28
1,11
20,14
18,6
12,13
30,23
19,9
22,4
19,19
42,27
46,11
23,1
44,20
18,16
35,23
34,29
38,5
44,13
29,5
40,28
31,30
13,5
7,12
42,11
45,23
24,8
36,1
14,18
9,16
35,16
41,19
7,19
25,7
35,18
12,28
44,25
36,3
45,16
19,10
45,7
30,17
37,7
16,5
24,22
50,16
50,23
28,9
30,13
48,5
39,11
3,11
28,15
47,29
0,21
13,12
7,6
13,19
23,19
29,10
9,6
42,3
11,2
39,25
44,21
40,5
8,9
9,13
28,27
28,10
43,3
13,25
5,9
30,19
29,9
36,9
45,12
13,6
8,23
29,8
12,6
14,24
19,15
38,14
4,4
19,29
43,3
7,24
30,23
46,26
36,6
19,10
42,15
27,8
6,26
24,11
5,17
38,23
43,21
14,27
33,1
6,29
22,9
28,16
22,19
3,8
4,4
50,25
37,26
49,5
48,24
39,2
5,17
39,12
2,25
13,11
38,13
25,14
33,3
43,22
14,23
42,30
15,12
39,23
0,6
9,25
1,23
12,18
19,19
34,30
15,20
46,22
29,18
3,16
43,21
3,11
22,3
22,1
49,26
22,27
36,17
7,1
50,13
45,11
48,3
37,2
11,25
39,9
14,23
3,21
36,16
17,25
9,6
46,2
13,6
4,29
48,6
27,18
30,30
27,22
34,9
40,1
16,14
44,2
22,3
2,2
7,7
14,24
27,16
23,4
43,11
31,25
29,6
26,11
7,23
14,5
39,26
6,27
35,27
23,1
14,17
45,6
36,22
26,30
33,20
16,30
40,16
44,5
38,24
20,18
29,14
41,8
24,30
36,13
16,19
14,21
8,25
45,10
35,10
27,28
18,23
30,24
19,17
33,27
37,22
7,23
40,30
27,3
36,30
26,29
1,19
10,4
33,17
34,16
35,19
11,19
34,5
32,22
8,1
0,23
29,12
41,16
48,18
22,24
42,16
43,14
14,24
10,19
27,8
0,22
19,2
22,23
12,10
36,6
38,19
30,24
24,5
22,5
4,12
22,15
9,4
28,1
35,26
12,5
15,5
50,2
15,23
4,19
1,19
47,3
14,28
29,22
43,29
16,18
22,18
2,8
33,11
11,24
42,9
11,4
30,23
1,28
33,9
21,5
17,10
9,27
18,20
11,10
8,1
46,26
3,21
13,4
32,12
42,1
40,26
41,9
16,28
49,19
15,1
7,16
38,6
46,16
41,9
5,20
4,18
16,2
6,14
0,14
22,7
30,24
21,22
35,4
37,8
27,28
20,22
7,20
11,19
29,30
19,2
4,2
14,23
32,16
48,10
31,18
19,8
4,17
42,26
38,5
46,4
15,16
16,27
14,14
18,28
37,26
39,2
15,28
11,12
15,11
26,24
46,16
37,4
41,23
12,23
9,25
40,23
2,21
43,4
41,22
19,29
28,26
7,28
48,14
48,1
3,29
5,24
43,18
34,26
15,20
28,23
7,17
32,14
29,8
34,29
38,13
47,26
12,26
41,20
10,27
7,1
28,6
20,10
13,3
49,2
2,12
2,14
31,24
42,13
44,27
19,3
15,7
11,15
49,29
1,20
43,3
12,12
25,5
16,10
19,26
5,26
0,9
2,25
45,27
1,10
42,15
48,22
31,2
25,26
40,12
22,5
41,21
26,1
34,15
41,18
12,23
17,28
50,6
25,10
15,23
33,28
40,18
5,26
12,28
37,9
50,26
11,16
31,20
42,12
10,27
49,10
37,2
29,22
46,16
10,24
38,24
2,29
1,9
47,1
28,6
16,11
35,5
44,19
21,2
4,12
19,21
26,19
3,29
33,23
11,27
27,18
18,29
24,14
48,24
9,30
29,22
34,7
6,5
2,26
20,19
37,14
45,28
16,13
24,23
39,18
47,17
21,15
18,27
24,6
10,4
39,10
22,3
27,14
7,25
4,21
9,2
7,5
20,24
43,22
19,18
43,8
38,16
6,4
21,10
1,30
36,3
35,11
41,8
20,20
36,15
8,29
19,10
7,13
16,21
33,26
1,3
35,13
35,30
14,8
1,13
12,23
42,19
38,1
47,24
21,14
37,22
25,11
46,5
16,4
13,4
1,25
0,20
17,30
16,8
3,19
27,29
9,25
38,22
22,27
36,1
24,25
15,22
4,10
50,18
1,9
28,15
4,28
23,2
45,13
28,12
48,26
18,22
7,22
50,10
38,27
16,18
9,21
18,10
14,28
9,20
36,23
9,2
43,3
24,1
37,8
8,6
22,9
45,28
25,3
28,10
7,9
44,22
7,17
19,4
18,22
21,27
13,28
27,8
19,14
20,5
2,26
13,12
45,29
22,16
32,26
26,26
9,17
16,2
42,4
26,1
36,21
30,22
22,2
0,4
11,24
46,5
39,28
22,15
22,25
42,25
43,14
24,16
41,30
20,24
49,10
32,25
34,26
23,28
36,28
25,28
38,14
31,18
26,2
27,29
40,12
6,4
21,12
44,26
1,30
37,11
11,14
23,24
50,26
27,26
34,16
41,16
7,7
10,17
44,18
17,30
24,16
24,1
44,17
31,2
29,19
13,4
24,7
15,30
41,7
9,7
50,15
23,15
50,23
28,23
7,13
18,3
5,10
37,16
41,18
9,16
15,3
13,1
4,12
7,16
48,4
39,24
25,6
47,16
34,9
33,24
29,30
31,28
34,26
0,7
2,29
32,10
18,7
3,26
18,21
10,28
11,17
43,5
3,26
45,29
48,4
8,21
18,2
32,28
16,2
35,1
28,23
35,13
39,5
12,18
26,4
39,4
3,22
33,4
23,20
38,25
27,25
3,9
35,2
43,23
43,18
23,5
33,2
8,10
5,26
43,13
46,5
45,20
8,11
24,2
40,1
36,22
43,17
22,26
33,5
30,27
5,5
49,22
47,16
19,22
0,29
28,8
13,13
36,23
43,23
45,25
31,30
9,7
40,30
47,30
46,23
1,21
37,13
0,1
45,4
33,15
2,21
28,11
34,7
9,23
16,3
17,21
30,8
41,22
32,26
44,28
43,12
12,19
31,22
11,16
43,29
37,19
44,17
15,24
23,11
3,24
30,14
3,1
21,10
43,25
27,4
6,2
8,8
30,6
32,28
13,2
19,22
3,15
43,15
33,27
40,7
5,21
49,25
26,5
40,18
15,23
6,8
11,22
42,5
44,23
43,4
45,6
48,20
13,17
27,9
7,16
23,29
5,20
0,16
18,7
10,29
49,15
31,23
43,23
50,28
13,19
12,13
23,28
41,22
47,26
47,7
46,13
31,11
41,25
14,28
42,12
41,4
18,4
1,20
29,20
4,18
5,3
6,25
22,23
45,12
33,16
9,23
30,10
12,30
1,17
14,3
46,15
44,25
31,13
20,11
18,15
47,6
1,2
32,1
26,14
39,17
12,18
31,17
4,2
34,6
4,3
49,12
16,2
10,14
17,9
18,17
47,27
39,13
21,20
28,13
32,25
20,8
2,8
23,1
33,4
35,22
19,8
49,14
40,1
47,1
45,11
32,27
8,10
4,24
2,20
8,25
42,26
32,5
11,7
40,26
23,11
41,15
16,1
12,23
1,19
39,24
30,2
43,24
27,24
50,10
25,15
10,2
15,24
50,30
30,7
19,3
34,24
33,24
39,11
26,27
20,19
10,15
28,5
33,25
12,25
30,3
42,18
18,11
1,3
46,25
27,2
8,12
11,3
20,16
39,25
32,28
48,11
3,10
22,4
28,12
4,5
28,13
45,8
38,5
23,17
41,10
4,1
19,15
17,2
38,23
22,17
46,27
19,1
29,28
27,13
15,29
45,2
45,19
34,27
31,17
8,12
42,20
46,18
11,14
36,7
40,25
12,21
29,27
43,27
36,23
8,9
34,26
31,26
0,5
0,10
2,20
17,22
8,9
24,26
19,20
10,16
49,16
0,27
48,8
27,2
6,6
2,15
42,26
40,28
11,22
31,21
37,15
33,3
20,29
26,18
32,27
12,10
11,30
32,19
33,13
7,8
25,1
6,18
22,14
29,6
10,18
0,2
0,7
43,22
22,5
39,24
35,19
0,9
17,16
25,6
10,24
16,25
40,3
45,30
45,24
8,10
5,8
27,25
0,20
43,30
4,8
4,29
23,24
35,14
3,16
1,28
18,24
27,21
21,8
15,30
37,21
20,27
32,5
37,1
30,23
21,15
11,22
22,6
47,7
15,22
19,14
6,27
29,14
41,3
34,10
22,28
11,5
29,9
3,30
41,1
21,3
35,3
5,27
25,6
9,9
18,15
47,22
25,30
21,1
31,2
28,27
6,17
34,9
11,6
38,10
42,12
0,28
16,14
36,30
13,22
21,20
49,17
24,18
37,20
44,19
42,3
32,21
8,18
28,14
28,10
41,25
2,12
16,13
22,16
14,26
3,12
9,25
14,23
4,10
14,8
17,4
16,4
39,28
37,13
10,25
20,21
9,11
16,27
30,6
14,16
43,29
9,27
38,23
35,22
19,13
28,30
32,26
41,4
23,24
10,27
1,18
11,16
42,5
17,24
13,23
12,24
22,15
42,6
5,10
41,16
12,18
24,26
24,20
14,10
13,29
34,30
8,8
8,23
3,21
30,18
8,28
50,8
23,6
11,15
10,5
11,27
14,23
47,7
16,22
41,10
35,15
26,11
34,16
26,10
14,11
21,1
43,9
42,23
29,18
4,26
17,10
5,25
11,9
21,19
30,13
13,5
38,28
46,16
25,27
15,7
11,12
24,26
36,1
44,22
35,15
43,25
44,29
34,22
18,6
50,15
33,13
44,18
13,14
24,28
7,29
11,12
43,9
33,6
2,7
16,25
32,14
25,23
15,9
36,16
7,28
29,17
49,21
0,11
19,8
8,6
0,8
42,22
12,5
37,29
35,6
30,17
10,17
40,16
29,24
20,10
37,28
36,17
40,14
9,24
9,25
17,14
36,16
8,13
19,24
38,17
12,9
4,27
30,7
29,2
46,29
17,24
49,21
30,11
20,25
17,19
7,5
13,17
44,28
7,15
13,20
39,15
26,23
11,24
38,1
38,16
15,10
37,10
28,25
47,24
18,19
32,24
10,9
3,14
43,15
37,26
40,14
21,3
44,10
8,28
6,15
6,27
20,24
14,20
31,12
40,10
24,1
22,17
23,4
46,19
48,27
26,13
44,28
4,26
14,12
25,7
37,17
8,5
11,19
40,29
23,29
30,8
35,29
39,5
26,3
49,12
45,22
16,18
45,21
42,16
36,15
9,12
27,4
24,22
34,13
21,8
45,14
3,29
27,25
0,15
9,10
49,26
22,11
15,10
15,10
48,18
27,10
31,17
39,13
48,4
50,9
4,22
34,4
20,12
33,12
41,22
12,22
29,17
10,7
36,6
37,1
48,28
29,25
20,10
22,3
0,5
8,26
38,28
2,17
33,27
5,23
24,14
38,8
31,28
33,9
2,24
24,4
5,1
0,8
2,25
21,14
25,1
8,8
21,28
31,10
47,30
28,5
31,16
41,14
6,21
45,21
13,16
46,22
48,17
39,20
21,24
23,5
40,30
10,10
37,5
45,2
34,14
23,23
13,28
31,3
35,26
32,13
43,11
31,25
0,21
8,20
15,25
47,6
35,21
50,8
22,27
25,29
30,16
4,12
14,5
6,19
11,11
28,6
1,19
41,26
43,26
22,17
23,5
6,27
47,7
16,24
15,10
9,4
16,29
22,28
26,30
41,24
46,16
9,14
21,29
34,8
13,17
40,8
19,26
42,14
14,30
5,23
35,5
29,26
17,26
18,20
1,5
45,6
22,14
11,25
25,10
35,29
43,24
9,21
41,22
34,19
16,16
16,7
23,1
9,25
1,10
47,13
5,12
21,28
8,22
29,25
47,26
17,19
27,2
22,20
34,3
46,4
4,30
2,12
23,13
21,5
29,11
20,25
43,27
38,22
36,3
14,14
13,24
14,25
42,19
23,20
4,15
43,17
23,30
46,22
9,28
40,15
42,15
46,11
41,27
50,15
2,27
40,13
28,6
32,20
38,29
24,6
34,9
37,9
41,2
48,2
2,11
38,14
9,25
25,27
16,29
31,26
48,13
44,13
16,13
17,14
36,12
9,18
5,19
44,13
5,14
31,5
5,9
5,15
20,11
29,27
32,16
15,14
27,30
42,25
39,1
46,29
19,15
11,4
14,21
17,24
43,20
7,17
17,3
16,4
31,13
12,17
10,1
37,1
19,30
0,29
17,30
40,11
35,27
35,23
19,21
2,30
43,18
47,14
27,13
15,13
49,12
4,22
46,20
18,15
37,5
0,9
41,12
24,9
20,29
15,26
37,3
27,1
25,13
17,7
41,27
11,13
13,17
40,22
15,5
34,7
4,1
45,12
34,12
47,26
12,12
7,14
4,20
47,7
0,15
44,16
29,18
3,3
27,22
17,6
9,18
19,11
42,2
37,1
33,25
28,7
30,2
7,21
39,2
47,22
5,11
50,13
9,14
30,27
18,1
7,10
29,15
34,19
13,2
20,15
7,27
35,21
26,2
40,21
5,12
39,2
9,14
22,29
45,26
37,8
48,7
2,9
47,15
34,18
13,30
27,12
49,12
28,8
38,14
3,25
37,8
12,17
10,5
47,11
23,28
47,10
44,22
30,5
33,21
11,12
29,10
50,11
13,28
44,28
31,11
31,18
15,23
30,21
3,25
16,25
19,14
31,11
22,8
25,8
45,5
45,4
23,24
25,3
29,7
24,7
45,5
32,11
14,15
22,23
30,5
34,30
16,22
24,5
39,29
4,26
0,3
15,1
10,13
0,6
49,21
11,1
25,7
50,17
32,22
44,27
2,9
22,15
10,1
1,14
41,21
50,14
41,13
40,20
5,22
36,23
48,16
13,3
31,25
33,11
37,30
33,15
38,11
39,17
21,29
22,26
31,5
33,30
2,5
4,11
34,1
22,10
46,20
49,27
27,16
5,11
41,21
23,22
34,12
43,2
8,13
27,18
45,13
47,12
31,10
43,29
20,30
45,8
25,27
47,2
6,7
48,24
31,20
40,25
14,19
32,28
46,10
33,27
37,30
11,26
2,1
14,4
22,16
46,17
44,12
29,11
27,8
34,25
44,9
18,20
42,22
12,18
1,8
49,6
49,7
49,5
50,22
15,9
24,21
29,3
29,29
15,1
5,30
19,20
36,4
18,25
34,7
1,29
18,13
12,27
35,15
13,7
37,7
14,20
40,21
2,19
48,8
7,2
45,2
39,15
3,29
14,21
31,3
47,6
44,1
11,4
35,3
33,13
48,26
18,23
50,5
39,28
17,13
19,23
43,8
40,3
47,20
44,11
7,24
2,18
21,18
7,21
22,17
35,13
36,5
42,13
24,4
50,25
49,11
40,13
17,8
6,29
14,30
40,22
25,22
42,20
25,12
42,3
33,19
18,6
49,13
50,1
46,2
5,21
29,16
46,20
24,3
7,24
38,23
42,9
37,24
31,28
35,27
19,12
12,1
31,9
24,23
32,17
18,14
12,7
25,26
39,6
36,30
12,25
44,3
38,10
40,19
49,18
9,9
39,26
31,5
42,13
26,2
33,15
23,16
48,18
37,6
44,15
22,27
37,24
32,27
10,25
16,24
44,29
24,11
11,5
44,9
36,13
14,8
25,12
34,4
43,5
5,28
1,19
7,30
35,17
14,10
49,17
26,23
7,16
46,28
46,11
27,10
8,18
49,14
47,19
16,10
21,30
26,1
29,29
35,10
1,13
36,22
42,13
16,5
47,21
36,3
38,17
39,9
49,29
22,5
19,30
25,28
14,26
47,16
28,14
3,19
49,11
33,26
41,22
22,29
49,28
41,24
3,21
3,26
42,20
49,28
42,24
18,17
43,17
45,17
38,26
43,6
28,12
27,18
31,8
24,13
25,2
3,20
32,21
1,5
2,7
50,20
5,6
12,19
35,9
11,7
14,23
26,1
0,22
8,16
3,3
45,8
25,7
35,16
19,29
13,2
15,22
24,11
21,26
10,3
9,16
42,23
44,4
37,5
43,8
24,15
19,2
47,13
47,18
49,27
23,9
24,17
35,17
5,14
21,15
10,13
44,10
5,8
49,18
1,5
40,19
46,24
40,6
3,13
18,12
39,7
35,22
10,15
3,7
35,8
28,24
12,24
14,26
9,30
32,9
2,12
6,20
37,12
39,2
1,12
7,23
48,26
32,18
32,30
7,7
40,19
11,4
37,17
25,14
17,10
41,1
38,22
34,29
43,21
33,2
35,15
7,4
21,22
50,6
31,28
47,16
43,24
29,17
43,8
8,5
41,8
36,1
21,24
35,30
38,1
15,18
1,24
25,17
24,29
39,4
21,5
43,10
6,22
10,9
6,3
2,21
43,21
1,27
23,5
10,16
16,7
12,8
30,9
49,11
3,16
2,9
37,1
0,13
25,29
1,10
28,18
26,20
8,16
40,2
26,20
34,28
39,19
46,23
5,19
39,29
25,17
34,12
3,26
44,23
13,17
23,2
26,18
30,6
12,20
47,8
14,20
29,1
49,22
42,1
49,3
45,24
16,29
48,17
3,23
16,29
41,3
34,26
30,5
40,19
35,19
17,20
26,4
2,18
23,27
38,8
48,2
34,2
37,6
5,4
26,29
7,6
36,16
19,22
18,14
23,15
10,1
42,23
45,23
29,30
16,2
6,13
39,24
49,19
30,10
47,23
33,27
43,15
5,23
6,8
22,30
17,27
43,5
38,24
11,11
29,12
47,18
27,11
7,12
28,12
27,27
10,28
7,7
47,14
48,3
2,18
5,1
29,11
7,28
19,11
20,26
17,6
33,26
2,24
11,19
9,20
31,19
40,7
46,8
42,18
26,7
6,30
24,4
50,14
27,6
9,1
9,27
19,13
26,8
24,18
31,24
1,11
36,12
31,15
13,23
0,16
26,9
20,27
21,20
24,19
4,20
3,13
36,29
36,13
33,19
24,23
21,16
50,9
9,7
24,23
28,9
44,13
29,16
25,26
34,9
19,14
15,11
45,29
49,19
4,25
40,8
20,23
37,23
26,24
6,30
9,26
9,18
43,8
45,12
36,6
27,3
16,15
37,2
17,26
18,14
12,20
8,29
10,7
44,27
20,30
22,20
22,14
39,7
31,19
36,2
26,15
4,16
8,2
26,29
5,3
12,20
3,4
3,23
6,19
20,19
21,22
40,14
8,30
30,26
38,16
44,16
24,4
49,21
13,25
28,16
39,7
31,22
49,18
31,3
23,25
25,30
19,30
38,13
0,9
45,9
4,25
37,12
3,2
7,6
9,30
11,24
12,8
27,13
17,11
24,25
7,19
44,22
8,16
13,20
20,26
21,12
14,29
34,19
34,14
30,24
48,9
50,16
39,28
7,23
26,4
47,30
23,8
34,28
48,5
23,30
48,11
25,13
0,16
44,13
39,13
0,27
37,27
38,2
40,29
30,22
26,4
3,30
39,30
0,7
17,11
30,23
19,1
44,11
29,12
17,15
27,11
44,2
23,27
11,5
30,15
37,28
8,4
9,22
36,25
7,11
7,5
10,11
7,26
29,19
7,27
18,5
8,28
30,30
12,17
39,1
38,29
22,15
0,14
1,10
1,6
23,28
6,27
6,11
4,18
47,22
27,13
3,27
41,28
31,18
8,9
40,5
12,2
48,17
25,19
24,28
7,5
3,16
25,12
1,14
42,3
32,4
23,27
39,17
41,14
49,12
17,21
40,12
7,27
16,26
34,14
31,7
43,8
39,3
44,23
50,28
6,29
24,27
10,21
34,21
40,17
35,11
3,10
27,28
36,17
11,4
39,21
28,22
3,6
27,13
13,1
39,16
20,3
27,22
22,22
24,14
13,5
14,5
15,18
44,8
10,6
32,8
35,15
35,11
48,12
8,29
26,17
47,27
49,10
3,17
34,17
23,5
47,5
20,8
18,22
39,27
50,30
12,1
36,5
31,19
27,8
38,21
41,11
42,6
29,11
10,5
33,7
14,5
27,6
18,16
22,9
7,7
39,17
17,30
8,13
24,29
5,19
12,23
31,8
8,9
2,15
37,5
41,25
16,30
22,6
14,25
25,9
5,21
41,2
19,8
30,14
11,30
37,17
14,4
45,8
36,9
40,8
9,23
3,4
49,13
16,28
44,17
14,16
0,17
38,30
37,11
9,23
1,16
47,26
9,20
39,7
38,7
37,6
28,8
9,2
49,14
33,5
7,30
10,11
40,2
5,14
1,17
23,23
39,6
3,24
14,3
15,12
23,19
15,20
30,30
23,5
26,22
11,11
21,15
16,6
20,5
28,19
35,28
13,23
26,19
25,13
21,19
9,21
39,30
49,25
17,11
24,19
40,18
14,19
37,27
47,15
7,13
29,29
19,20
4,28
7,23
27,12
42,2
37,2
48,30
37,25
29,13
31,25
13,28
6,9
41,22
8,12
7,11
19,13
40,27
1,30
47,1
7,8
30,8
47,21
13,9
35,17
13,22
35,25
46,24
45,29
22,5
48,10
35,26
10,28
47,1
23,30
14,28
23,16
2,13
26,10
10,24
44,28
0,1
47,8
44,24
13,18
47,14
45,13
1,3
16,17
15,2
18,13
48,18
2,18
30,2
14,9
47,10
39,5
46,2
45,11
44,21
36,4
41,3
14,3
31,28
13,1
46,4
0,10
3,26
45,23
25,14
33,22
3,30
49,6
24,13
43,9
23,28
3,22
2,12
13,5
16,7
31,21
12,8
30,10
7,3
40,13
49,25
0,20
49,7
30,20
19,7
43,1
19,7
24,15
15,21
31,13
35,22
34,13
15,29
2,25
18,2
36,26
15,20
41,13
33,3
41,13
29,7
49,24
32,26
9,11
31,2
10,2
14,21
8,24
39,22
31,7
0,14
6,3
20,20
3,2
8,28
45,12
7,11
17,3
11,18
50,2
30,28
46,12
49,28
16,11
18,30
48,15
49,23
22,24
44,12
11,6
47,24
32,24
1,10
12,12
9,16
47,28
18,26
48,7
27,14
43,20
41,29
19,3
11,27
7,24
25,7
45,8
35,18
29,16
5,14
21,7
20,9
12,3
12,19
48,8
23,13
0,26
40,23
50,16
43,3
50,29
8,1
26,21
21,17
28,28
32,20
19,12
41,25
19,7
24,6
25,25
31,22
5,6
48,24
28,5
37,9
23,28
26,9
14,16
4,30
3,3
17,9
42,7
12,4
26,13
2,19
10,2
27,3
29,3
11,11
48,19
47,25
9,19
36,28
46,12
49,21
14,26
35,1
49,11
21,5
46,29
24,6
26,15
42,24
18,27
13,11
50,14
39,12
43,10
40,12
16,16
44,5
47,15
15,14
30,15
21,26
6,3
35,13
0,27
40,26
31,24
27,2
4,10
35,18
4,10
24,28
28,27
39,13
40,24
23,26
17,8
6,9
6,11
42,22
19,26
11,13
17,20
49,3
21,4
47,8
0,4
40,25
4,23
6,25
4,8
12,14
37,9
36,5
4,6
24,27
28,10
16,8
36,19
37,23
13,13
3,23
9,30
21,2
46,3
21,4
27,3
40,21
34,25
39,8
26,7
31,4
3,6
6,15
31,8
26,17
3,28
48,20
17,27
23,14
15,5
27,22
48,16
27,3
3,27
1,9
18,11
46,16
21,6
10,11
18,29
28,5
39,3
12,17
23,28
42,1
44,28
25,3
5,27
23,4
17,19
17,16
26,5
33,16
23,27
0,13
22,8
19,25
39,11
50,7
20,6
22,20
31,9
21,1
35,22
50,23
20,1
35,19
6,30
11,5
8,24
42,16
11,22
46,10
12,21
9,24
0,2
11,6
44,18
39,28
2,15
38,4
6,14
4,3
40,22
23,18
14,24
10,6
50,14
39,20
49,3
27,14
10,2
19,27
34,7
0,30
36,20
3,8
26,9
49,14
39,6
38,12
32,15
22,8
29,7
12,1
4,6
25,18
41,3
48,28
41,7
47,9
10,22
5,10
18,13
29,14
39,4
35,19
42,24
46,22
11,10
7,4
33,20
10,26
4,28
24,3
28,12
12,6
47,20
14,7
7,9
21,12
44,19
29,28
29,10
22,8
6,1
24,23
35,30
9,5
30,16
12,17
22,24
34,9
21,25
38,4
30,22
50,22
9,23
21,13
3,20
2,26
37,8
17,29
40,11
43,30
5,29
38,28
22,6
17,14
21,22
14,23
33,24
19,21
28,21
14,22
22,14
22,16
15,19
16,26
19,11
4,22
46,15
12,18
20,10
21,15
50,5
10,15
19,15
46,2
42,28
33,23
37,7
1,2
47,2
8,5
12,10
40,29
18,23
17,29
9,10
33,27
35,19
45,23
12,18
37,2
25,1
46,8
6,25
23,8
9,9
10,13
27,12
16,9
21,9
23,27
2,24
35,16
10,6
40,9
0,25
49,30
49,15
20,11
32,28
23,21
9,16
36,21
18,2
50,11
8,25
48,13
50,25
35,18
10,21
24,24
49,18
4,16
41,7
8,9
6,25
49,22
19,16
32,24
0,6
8,1
41,2
8,15
19,3
11,15
38,10
3,3
20,28
45,30
16,2
3,7
22,30
39,22
7,30
41,3
17,1
24,23
7,13
16,26
26,9
26,3
26,29
24,26
34,5
0,18
34,1
28,22
2,21
48,20
8,29
43,18
9,18
4,17
47,14
42,11
33,14
28,9
44,10
45,15
29,6
14,6
48,6
31,13
2,10
11,24
26,1
31,8
49,17
38,29
12,17
18,22
31,1
42,30
3,17
44,1
11,11
34,20
8,16
32,23
2,21
5,3
15,8
33,3
28,21
15,15
6,15
42,21
50,5
20,27
23,21
39,5
30,28
43,12
40,18
10,7
13,7
17,22
21,24
33,26
39,20
1,15
16,5
46,9
46,9
9,16
42,25
28,14
18,13
17,6
48,17
10,8
8,28
24,20
27,27
6,3
18,13
27,6
42,6
17,20
24,26
39,5
45,7
1,15
30,23
48,16
16,15
46,10
5,2
33,14
40,19
4,8
39,7
17,25
50,22
31,25
47,12
5,24
1,23
37,22
49,27
29,22
26,19
21,19
12,8
34,28
25,20
25,15
18,30
50,15
15,9
16,12
2,20
23,20
39,24
49,22
17,7
22,24
20,4
9,11
15,2
29,5
27,29
37,1
48,1
43,1
38,9
45,25
38,28
2,11
1,9
33,23
2,10
10,4
10,23
11,6
24,19
38,8
0,8
3,2
18,3
0,6
36,13
38,10
27,5
1,13
34,17
2,26
37,5
24,6
41,19
27,7
15,5
2,7
6,15
36,19
0,9
34,13
39,2
47,4
23,28
46,7
25,7
23,15
21,14
15,23
31,22
35,18
23,7
46,8
14,14
25,10
0,20
35,20
18,28
42,3
34,5
13,16
24,27
24,11
40,22
36,1
23,7
10,6
45,30
25,10
23,12
37,17
15,5
34,14
29,10
46,28
32,17
14,21
47,3
35,19
5,15
32,23
8,2
3,10
34,2
10,21
9,30
36,8
8,25
45,25
24,29
27,5
8,6
47,19
5,2
40,25
21,4
43,15
2,28
49,23
2,29
37,3
16,13
45,13
26,6
41,29
18,21
24,3
45,12
34,28
30,25
1,12
47,18
29,14
49,9
32,18
8,1
16,4
39,10
21,3
24,21
44,12
12,29
7,4
28,18
42,23
35,29
27,6
1,19
23,13
22,19
42,5
41,4
45,22
11,20
41,5
25,19
20,1
43,9
37,9
28,21
0,8
5,10
23,23
38,13
27,4
41,2
50,15
16,29
45,6
41,4
3,19
30,12
45,17
12,13
42,19
12,18
9,16
29,24
47,19
32,1
46,8
41,3
7,20
0,7
26,30
30,7
15,17
3,5
35,14
47,18
27,7
0,3
3,1
5,2
8,15
6,12
11,19
11,21
29,13
26,28
50,19
12,18
21,15
4,3
39,30
28,13
21,4
0,20
11,23
41,24
47,23
48,28
47,30
35,26
29,29
24,13
10,26
29,19
23,19
31,17
34,8
34,1
12,1
47,7
47,1
7,7
34,27
18,22
20,22
15,25
26,29
27,14
25,23
44,26
28,5
3,27
15,21
30,1
6,19
37,23
32,28
38,23
3,18
31,2
4,14
49,10
32,19
6,3
36,20
0,5
3,3
16,8
0,23
30,14
17,24
13,7
36,7
32,15
32,12
21,8
41,20
3,11
39,10
44,7
5,7
32,25
19,16
38,14
30,4
23,2
17,13
24,20
29,15
3,20
40,22
38,5
42,21
19,24
46,24
13,9
30,28
49,13
27,13
4,8
18,26
7,10
19,19
37,21
18,1
10,9
8,1
40,25
45,25
35,16
20,17
42,1
1,15
33,13
10,9
47,26
46,19
30,29
29,6
17,13
50,9
15,24
42,15
25,9
6,16
14,17
21,24
18,28
39,6
1,16
12,20
2,23
15,6
36,24
46,24
9,26
40,28
12,3
37,30
22,19
44,6
19,29
2,2
30,9
8,8
45,24
26,27
33,18
42,28
2,4
31,19
15,24
4,21
20,11
41,28
21,28
45,5
9,25
8,17
42,27
15,14
13,7
34,5
41,4
41,23
50,26
10,29
47,16
35,22
24,9
32,9
13,1
8,21
45,19
18,29
0,21
9,12
28,10
47,17
3,1
39,19
40,24
11,6
25,10
50,26
5,28
4,10
49,18
24,4
2,25
6,12
5,2
25,18
0,20
36,27
49,16
6,13
22,6
13,3
3,3
3,14
15,25
7,6
30,3
15,19
36,25
48,13
34,29
34,11
45,6
46,18
46,23
41,24
21,27
25,23
40,24
20,2
38,3
7,7
43,28
23,20
16,5
35,21
15,17
0,8
35,30
20,22
3,14
29,21
20,4
36,29
2,29
18,29
48,22
11,7
17,22
38,10
29,3
0,9
6,28
39,8
28,13
20,7
21,26
39,13
25,27
50,29
38,1
11,7
12,30
30,22
37,13
26,9
0,7
28,2
48,29
47,23
34,8
12,19
39,1
40,21
27,29
38,19
44,9
15,3
33,8
30,7
18,20
45,25
43,3
47,17
16,26
36,18
44,19
30,16
28,8
8,21
8,18
47,18
26,14
29,18
32,27
24,9
15,5
16,17
7,14
21,28
26,17
10,2
3,14
24,19
46,7
3,26
45,18
32,2
3,10
8,8
36,6
5,4
46,27
24,15
27,26
32,24
42,8
46,25
50,26
9,9
47,29
44,7
35,26
14,21
8,8
44,17
13,20
42,16
22,30
25,20
48,29
37,29
30,4
6,21
23,5
44,2
47,16
2,9
50,25
16,20
28,3
19,21
10,9
37,12
14,26
0,25
49,15
41,30
31,26
45,13
29,7
24,14
39,22
24,19
22,27
3,13
0,16
44,29
32,24
1,24
24,25
49,7
6,27
50,16
21,28
7,25
46,25
42,19
49,14
36,11
19,3
47,24
48,17
28,30
25,9
23,29
50,17
2,15
43,4
37,11
46,4
10,24
40,14
7,12
10,3
3,26
38,20
40,17
9,13
34,17
28,25
23,23
19,22
40,21
14,4
18,17
39,6
45,14
45,23
47,10
15,21
40,24
49,12
29,24
22,3
7,28
11,11
31,8
34,23
39,25
30,27
13,16
42,16
19,24
47,15
12,13
7,11
23,3
48,12
20,25
14,27
30,13
33,6
48,5
28,1
29,18
37,21
48,5
32,14
48,20
43,4
34,3
13,2
27,23
3,3
1,29
42,20
13,4
50,16
23,11
26,13
42,21
15,12
44,3
9,24
19,27
10,9
9,23
37,23
46,4
1,1
44,17
4,21
27,20
44,16
42,30
47,1
26,27
50,15
8,9
1,1
36,27
31,6
34,27
11,1
24,20
33,5
20,11
11,27
1,2
0,24
10,27
3,20
12,26
0,21
42,11
26,27
0,10
24,28
34,11
50,1
2,17
24,21
9,28
27,16
42,2
33,23
14,27
4,5
1,8
15,1
44,13
7,25
35,3
32,18
19,13
14,6
37,3
33,28
14,14
43,23
23,21
19,10
14,26
30,2
8,17
8,10
37,29
39,1
25,4
25,26
5,10
37,25
2,4
22,16
15,17
41,9
46,24
11,5
13,20
49,20
13,15
16,26
50,13
37,4
34,26
23,3
28,24
44,6
26,16
13,19
49,17
25,21
41,5
23,24
49,28
2,10
19,25
42,19
35,10
1,20
29,9
24,27
29,25
50,4
25,13
33,4
32,7
48,26
50,28
31,18
20,2
17,13
33,6
10,9
32,4
41,9
28,20
34,26
50,26
20,24
35,7
38,13
28,14
39,13
1,21
7,13
45,30
25,30
7,14
29,30
10,16
18,16
36,18
27,14
6,4
13,12
38,17
44,23
25,19
21,4
50,5
5,28
38,11
22,6
26,4
14,1
46,13
5,11
16,6
38,16
34,4
37,9
19,30
31,29
32,28
35,20
23,18
3,24
8,18
40,3
0,1
13,5
28,24
40,8
44,3
2,30
5,16
21,25
5,25
21,20
19,9
50,6
6,11
1,12
33,26
40,9
26,4
14,4
13,25
14,1
31,29
25,11
15,30
35,2
46,4
34,26
2,29
37,18
40,18
49,30
29,4
37,28
3,15
22,21
7,21
40,11
5,9
50,1
35,9
13,20
12,24
9,15
23,28
39,1
22,21
36,12
2,30
38,26
20,19
21,30
44,26
42,12
49,17
19,7
32,6
24,26
42,17
5,7
5,30
37,23
4,28
39,17
6,5
9,8
46,25
12,30
31,8
7,17
46,20
2,18
21,20
43,19
6,28
34,17
22,8
10,16
6,22
39,28
39,5
31,11
24,3
9,20
2,24
0,21
11,20
23,28
1,20
43,8
9,28
31,6
12,27
13,3
27,13
33,9
25,28
37,20
36,20
32,26
43,2
7,23
8,14
48,3
23,14
24,16
19,1
6,12
4,30
19,23
10,20
18,10
43,25
21,26
32,27
41,6
24,29
35,12
2,21
1,20
35,13
1,22
4,19
20,28
15,9
35,3
23,6
49,14
27,6
17,1
11,10
34,17
17,4
12,16
39,14
24,21
28,1
40,2
40,6
48,11
14,27
44,26
9,24
47,29
23,6
13,27
2,25
39,4
35,20
5,14
46,5
44,3
22,21
44,3
20,6
10,4
25,26
41,9
20,4
35,23
22,26
45,24
25,21
32,23
10,14
5,24
30,13
41,19
1,24
34,14
35,29
20,14
47,20
7,26
22,18
44,25
43,18
43,19
0,30
17,8
15,9
1,28
10,17
9,10
40,9
20,4
25,10
34,9
27,11
49,7
45,12
9,30
20,7
34,27
40,12
37,13
39,20
28,30
15,11
11,29
11,4
1,26
4,13
50,3
9,3
48,3
50,11
29,19
10,27
18,16
50,12
50,17
31,3
44,25
5,11
28,28
13,9
19,16
27,4
40,18
49,16
46,23
40,22
32,18
27,1
27,21
30,14
33,4
2,27
21,1
3,7
25,8
34,12
8,3
7,21
0,17
10,23
36,27
16,25
6,3
34,18
28,18
21,29
34,23
48,19
32,9
24,7
32,5
16,13
40,11
40,18
35,8
43,23
14,22
27,10
2,24
27,19
39,18
24,9
7,26
43,5
8,29
48,11
37,24
6,27
43,22
15,10
35,12
42,11
30,4
12,25
10,10
43,15
23,21
10,28
21,14
1,9
27,11
4,7
29,16
50,20
35,30
8,8
8,11
0,30
38,23
43,3
7,9
48,28
4,23
27,13
0,19
42,28
37,13
50,9
9,19
26,29
22,12
16,27
33,30
4,2
16,24
15,24
14,8
33,10
15,4
6,15
35,2
17,6
15,15
10,4
43,6
27,26
15,20
38,18
47,28
34,18
18,22
1,5
10,8
48,18
49,12
31,1
33,5
11,17
13,9
3,7
47,8
50,8
34,4
13,26
13,13
15,24
15,30
10,21
1,18
20,14
2,6
21,16
45,13
30,23
4,15
41,7
32,13
33,27
6,20
37,27
13,1
31,30
19,28
16,8
16,8
3,27
1,2
46,9
39,4
33,13
8,12
28,27
49,15
39,19
17,22
36,9
19,4
12,22
43,5
38,9
28,18
10,1
27,15
39,3
41,4
0,9
48,29
22,12
5,8
49,21
9,27
8,4
38,13
41,21
19,13
29,23
45,12
29,1
47,30
22,26
11,15
25,25
30,15
5,6
26,25
15,24
23,22
41,2
48,20
34,6
37,22
50,22
13,13
2,9
31,12
34,9
7,18
29,18
41,13
23,22
4,15
17,23
2,11
46,29
11,28
34,13
5,20
0,28
31,24
44,24
20,17
19,2
6,8
41,26
3,30
21,29
36,25
44,17
48,12
16,24
14,5
42,5
43,19
49,22
30,8
30,29
43,4
21,30
44,9
47,9
47,13
36,15
20,14
22,21
36,10
47,29
6,8
23,15
12,6
26,22
27,15
17,13
4,10
50,9
28,19
5,2
33,28
4,23
32,9
43,14
10,17
12,6
24,10
4,26
4,8
39,19
10,18
41,4
44,10
7,2
1,14
9,15
5,30
37,18
17,11
38,26
21,7
32,27
45,10
20,22
21,15
19,19
40,7
40,5
26,23
6,12
36,18
36,29
22,14
31,27
39,1
50,18
1,20
26,7
47,9
26,15
16,17
12,13
7,27
50,4
16,26
50,20
0,7
43,22
6,3
22,6
24,2
4,25
18,11
38,22
36,17
8,27
16,18
30,20
1,7
29,25
50,30
3,5
35,13
20,10
39,18
44,25
10,10
34,28
48,14
38,23
16,23
44,21
29,4
39,4
26,7
6,17
30,1
41,22
32,8
47,25
30,3
47,26
4,3
38,24
29,25
48,8
32,18
49,8
13,1
14,19
21,13
8,29
12,18
10,13
8,7
44,7
42,26
41,4
39,11
43,25
2,20
27,20
12,9
44,3
41,28
43,29
35,9
42,11
3,30
45,22
31,29
24,3
21,2
21,21
45,30
11,17
21,30
34,11
13,22
22,30
15,30
40,3
46,9
1,20
12,30
29,17
28,5
41,16
2,2
3,19
11,11
27,2
22,8
25,18
13,21
6,27
15,5
17,16
20,9
38,30
7,17
31,29
30,22
50,4
19,24
29,19
31,11
4,18
44,9
2,21
1,21
28,18
17,14
44,4
6,25
43,6
20,13
49,4
25,25
26,3
39,16
41,29
20,12
12,21
0,22
12,27
18,27
48,24
33,9
30,4
18,4
49,4
14,3
27,26
21,28
38,7
42,28
42,7
38,4
6,30
30,2
38,15
14,27
4,16
29,24
4,21
18,28
11,12
10,26
45,20
34,10
32,4
17,25
30,27
32,4
45,14
23,27
12,21
9,22
21,15
1,30
6,1
12,13
15,1
2,13
2,10
50,15
0,21
4,2
29,18
7,28
19,6
23,18
23,22
16,28
22,17
22,28
3,25
14,14
33,23
36,10
18,27
21,6
18,24
11,8
23,15
35,16
36,3
17,28
26,20
10,26
12,6
43,1
4,15
23,23
28,3
16,12
23,22
42,28
43,30
27,20
33,21
0,24
4,13
24,3
18,4
45,28
28,19
47,5
15,17
37,1
10,4
38,11
21,29
22,20
32,7
9,22
36,5
14,26
4,10
23,7
36,2
11,29
27,5
45,28
10,22
5,6
35,3
23,21
46,27
14,23
26,24
47,12
48,3
32,16
32,24
34,1
19,12
36,27
33,1
40,20
24,23
50,17
16,25
39,29
36,12
24,18
19,29
34,26
48,5
5,24
22,2
29,14
26,29
43,22
32,8
37,28
44,18
21,21
21,16
19,15
2,7
0,1
7,3
22,15
20,22
27,21
15,11
32,13
35,8
1,20
47,6
3,26
47,27
1,19
24,13
40,23
32,4
22,16
2,12
29,13
15,12
9,20
12,11
37,1
10,10
27,26
13,11
3,12
46,4
39,15
36,7
38,27
6,5
49,11
1,15
49,16
1,14
25,20
13,10
37,6
21,21
24,13
32,28
5,26
27,1
46,12
39,29
23,2
39,26
8,26
24,28
21,11
46,17
29,28
49,28
34,7
47,3
27,4
39,14
45,6
42,27
40,18
8,10
43,15
46,3
43,8
34,23
12,23
16,28
36,15
7,19
26,28
43,2
28,27
29,6
46,22
44,15
12,12
26,15
10,24
32,27
40,29
39,23
26,9
46,10
7,16
39,8
28,21
48,21
34,8
39,13
24,29
11,16
34,17
34,16
43,21
29,27
26,21
1,18
12,25
42,1
9,8
18,24
26,10
48,2
22,2
4,3
12,4
24,27
39,1
23,6
5,21
47,15
1,8
15,19
28,9
28,7
15,10
24,5
25,26
37,21
49,27
44,24
45,2
11,16
21,8
7,28
40,2
27,27
5,14
11,2
46,29
6,1
26,27
25,6
8,26
19,6
39,24
50,3
35,9
17,28
29,20
10,30
14,3
5,22
13,15
48,19
37,16
39,15
50,16
5,14
41,8
17,29
44,9
3,21
11,5
47,12
49,11
15,30
27,18
5,29
29,7
47,16
29,11
5,18
5,6
50,21
33,26
29,11
31,14
9,30
32,19
32,25
9,23
12,3
16,18
10,7
23,29
8,14
41,29
19,4
17,30
32,11
7,3
7,7
32,18
46,11
36,30
42,8
13,13
25,12
18,9
28,8
34,3
36,6
36,24
11,12
41,13
31,4
7,20
28,15
22,24
40,18
5,4
47,14
5,22
44,12
20,24
16,6
49,1
0,30
16,12
0,10
22,23
4,8
20,15
25,3
30,2
37,2
9,13
20,15
42,9
2,18
24,17
48,11
17,28
43,16
10,11
35,13
50,17
35,17
15,14
21,9
22,23
26,23
38,26
17,14
48,22
30,16
16,29
18,24
13,15
43,25
0,28
18,15
45,17
31,19
20,23
34,18
44,26
20,23
23,1
50,20
23,30
50,14
47,27
47,24
45,20
4,14
30,24
28,28
28,2
46,23
33,11
1,22
32,6
9,21
39,3
33,8
32,23
16,22
34,16
19,14
41,12
41,30
6,2
44,23
48,15
15,28
39,8
2,4
41,9
35,18
46,26
8,30
12,15
17,22
40,17
34,2
44,12
29,18
31,5
33,21
3,6
8,28
26,16
2,9
41,23
30,3
31,23
1,29
23,28
42,23
43,12
39,6
16,6
19,11
32,25
18,15
38,12
26,29
44,22
5,29
14,24
1,13
26,8
22,20
39,22
39,22
0,22
10,3
27,16
6,3
37,3
23,6
10,24
7,19
10,4
21,29
46,20
1,20
42,24
35,8
18,26
2,4
13,17
30,4
18,20
48,13
37,2
31,8
38,28
43,7
38,26
30,5
37,29
3,19
35,3
12,28
47,14
21,8
27,13
17,12
32,24
18,14
37,29
45,9
50,18
30,29
34,24
39,16
27,12
34,22
1,1
15,11
6,19
50,5
35,11
32,30
9,13
49,15
22,23
23,5
32,7
30,23
46,18
18,21
38,10
38,24
26,9
41,27
39,7
45,24
38,1
32,28
46,17
1,15
49,22
38,22
32,4
41,14
36,24
42,15
20,4
24,12
48,14
27,22
6,25
40,19
14,12
20,15
0,18
25,6
15,13
18,8
18,17
5,29
32,13
26,23
36,9
28,11
12,11
27,19
28,27
5,3
20,5
36,17
24,9
39,23
25,25
44,6
45,17
4,14
0,28
28,4
31,24
49,4
42,11
12,14
24,12
22,29
49,15
22,24
21,11
10,23
44,23
13,6
14,2
7,6
11,30
31,1
12,2
12,20
49,14
30,17
28,22
10,2
9,29
48,30
31,29
41,15
21,21
15,13
12,5
44,28
12,27
33,27
38,1
45,18
42,8
8,4
27,22
33,22
41,25
37,11
24,4
32,15
38,10
34,3
4,17
4,15
19,4
33,4
42,6
17,24
36,3
49,4
27,30
35,13
46,25
18,24
36,4
38,7
44,22
48,7
21,12
27,5
27,9
24,14
15,21
11,13
47,3
45,29
9,20
45,22
0,15
23,6
49,21
31,22
28,22
39,5
7,10
50,20
6,28
28,1
1,10
28,25
31,24
32,8
42,5
41,13
3,20
50,25
38,5
40,22
13,28
5,17
13,26
13,13
10,12
43,5
40,11
33,12
44,10
45,3
38,15
49,21
30,14
28,20
1,10
38,26
26,3
10,8
7,25
36,4
46,22
35,22
36,29
3,19
1,26
14,1
18,3
5,18
16,5
18,17
34,1
34,11
5,3
5,4
10,12
26,29
8,13
10,30
27,7
45,4
30,20
33,23
10,18
20,5
30,23
42,11
5,12
11,10
6,2
17,30
32,11
42,27
18,5
29,13
49,18
19,29
20,19
6,19
7,20
29,6
50,9
27,20
16,14
5,18
2,17
40,17
46,12
49,9
43,13
23,1
5,1
41,27
26,12
13,2
14,12
8,29
46,12
28,3
44,23
23,3
35,15
30,10
39,4
1,1
31,17
2,25
43,3
15,8
12,12
10,19
49,3
44,3
45,15
22,9
41,30
48,24
36,9
37,27
24,5
20,26
34,1
23,26
1,23
41,3
4,26
17,10
36,17
46,30
9,23
14,30
8,12
34,25
46,21
8,12
9,14
15,14
5,5
43,20
18,23
47,6
49,8
6,15
26,7
18,25
21,28
30,4
35,14
9,15
12,11
27,30
1,10
34,17
1,23
38,12
2,9
40,23
45,1
23,22
16,14
23,5
44,12
13,6
33,18
11,28
39,23
37,4
3,27
35,6
19,30
42,9
31,26
41,10
35,27
14,15
47,14
47,1
37,25
23,27
23,24
18,20
29,3
14,2
32,10
9,22
40,10
30,29
19,6
40,29
25,13
4,24
26,9
11,21
24,16
14,18
8,21
46,29
29,23
18,1
27,20
13,5
8,3
4,30
29,14
43,26
2,4
28,18
47,19
14,2
45,26
42,21
37,23
17,30
14,26
28,9
28,8
28,8
25,29
32,21
25,4
19,5
49,24
15,15
6,28
27,24
20,9
0,15
23,12
32,29
4,28
33,19
10,22
41,26
14,30
32,12
34,11
31,29
32,28
37,24
32,25
14,8
7,27
8,20
40,27
44,24
3,22
15,20
3,8
5,11
31,10
22,28
12,5
19,18
2,17
3,20
28,26
10,18
32,2
37,18
34,12
23,1
2,5
18,15
43,13
41,11
49,3
44,4
15,26
6,21
34,7
0,14
19,13
34,23
24,17
29,8
34,24
42,30
50,30
18,12
28,3
2,13
48,4
31,28
7,2
17,29
1,1
34,7
43,23
1,19
16,2
34,14
0,25
13,23
21,28
