8,6
49,29
10,3
46,16
39,18
40,18
16,30
38,10
44,10
4,10
21,5
33,2
43,14
0,22
48,2
49,1
13,9
2,27
37,20
11,22
17,19
21,1
9,25
0,20
50,25
31,10
9,6
23,19
45,22
38,20
40,6
24,9
21,29
3,2
17,6
7,9
26,9
11,2
32,18
21,28
45,28
4,22
0,6
50,28
7,21
12,7
41,24
3,3
3,2
14,30
36,15
26,21
6,15
14,13
45,22
11,13
1,5
49,20
33,19
48,13
9,27
38,4
9,19
42,20
45,28
26,20
0,13
12,19
17,6
10,12
27,4
44,17
1,22
35,15
3,17
30,28
32,29
1,15
48,22
14,3
30,10
23,15
19,25
26,3
16,21
48,27
47,24
29,30
43,14
13,4
40,2
48,28
49,10
15,26
12,16
48,10
11,6
30,6
26,2
16,15
1,5
6,24
44,12
37,22
20,23
32,18
7,14
43,18
12,27
9,26
10,29
30,5
19,20
27,16
4,16
50,11
25,26
13,25
43,3
22,18
38,15
33,13
27,28
10,13
6,30
21,27
42,13
42,20
16,2
38,26
21,25
17,26
50,22
5,1
27,8
5,4
46,6
50,20
12,13
1,1
18,14
28,13
13,4
8,20
16,27
39,15
4,19
20,20
37,2
23,3
1,4
5,3
38,30
19,14
26,14
43,27
16,22
11,29
38,15
39,14
47,26
8,7
1,2
0,28
39,23
18,8
18,20
9,5
13,6
35,9
32,13
9,26
30,24
22,1
49,19
27,4
11,17
12,25
3,26
12,4
7,23
29,7
29,9
11,28
8,19
14,16
50,4
45,18
34,19
43,6
19,22
16,19
9,27
35,5
17,18
37,20
3,18
3,15
10,28
6,14
48,23
35,29
5,3
24,12
45,13
39,3
19,25
5,22
50,1
21,23
46,6
16,4
31,20
25,30
7,27
8,18
8,29
32,17
17,20
4,18
7,23
30,29
28,22
49,16
43,1
4,10
11,27
25,14
19,19
49,30
42,5
6,5
13,4
21,4
9,12
31,18
11,30
19,16
28,14
31,19
25,25
49,11
27,15
24,19
31,6
38,4
48,18
46,13
29,14
1,8
45,22
11,26
48,10
10,8
21,19
43,25
48,23
36,25
16,17
32,29
16,10
36,13
43,24
36,10
34,9
13,19
24,7
12,13
25,27
5,20
26,24
9,2
20,2
48,16
30,18
50,12
11,5
29,30
15,3
7,5
26,16
34,17
42,6
47,22
39,19
25,17
22,4
24,1
14,14
18,3
10,30
8,25
21,2
16,5
24,23
18,6
8,11
32,28
37,12
19,15
12,1
48,6
7,22
8,10
21,7
40,17
21,2
22,8
11,7
38,21
16,22
30,2
40,23
31,12
1,29
6,29
19,8
17,14
36,6
34,6
7,1
22,5
26,7
36,14
29,30
48,22
12,7
28,18
37,11
18,18
7,6
27,4
33,20
8,29
32,7
27,6
33,14
47,23
23,16
50,28
20,29
25,17
39,13
40,22
31,13
24,18
49,22
40,4
1,30
45,5
20,4
28,15
4,8
28,3
26,6
24,7
26,27
42,12
5,8
21,17
41,8
43,8
16,29
29,27
6,25
34,25
14,3
10,21
0,19
21,20
31,28
17,12
0,17
48,4
28,10
10,7
37,24
46,12
40,27
9,20
5,8
39,5
31,26
22,3
2,29
44,11
6,15
7,30
34,28
36,17
23,5
30,23
21,30
1,28
21,4
24,17
18,5
2,8
37,7
10,26
32,12
32,3
40,2
48,16
44,7
31,29
39,24
44,20
50,19
9,23
32,30
6,3
29,21
2,29
1,29
47,15
46,3
37,30
25,8
34,16
24,16
46,10
39,21
27,9
44,10
3,5
50,1
7,26
32,10
27,10
1,19
45,13
29,8
2,14
14,13
30,4
48,9
47,19
31,6
10,21
11,4
15,15
19,8
3,25
24,22
31,27
18,1
29,11
44,27
34,26
3,10
44,1
11,30
50,22
22,30
11,9
30,4
39,3
44,24
10,8
42,8
5,5
34,19
3,19
15,14
24,13
1,17
24,30
30,13
35,7
18,25
28,15
15,10
5,25
11,22
47,28
35,7
48,19
30,26
29,11
22,23
30,25
7,15
29,13
6,2
15,11
45,15
45,1
33,9
17,8
41,24
0,14
27,10
8,4
3,10
39,20
31,14
2,5
9,25
18,3
33,18
46,2
31,29
33,1
31,14
15,16
1,27
5,30
14,22
22,15
9,6
28,5
11,25
32,30
20,2
12,4
8,9
1,6
49,25
18,3
15,20
22,13
36,1
11,21
34,6
41,8
20,13
49,25
8,25
28,3
14,7
6,9
10,27
29,3
6,21
19,8
18,5
8,30
0,6
1,4
26,4
29,1
6,27
23,4
36,6
18,29
33,18
10,19
25,29
47,22
33,16
23,18
15,11
1,5
33,3
22,2
42,1
13,26
34,30
11,3
41,15
15,6
0,25
37,9
24,6
46,14
18,13
45,25
9,23
40,5
13,4
1,20
14,2
46,14
12,13
49,21
18,28
1,30
31,28
5,7
1,21
30,15
1,22
11,14
46,23
8,25
38,28
19,3
2,15
23,1
20,21
13,17
18,2
19,3
35,23
9,17
19,16
17,22
2,29
8,19
3,17
14,11
44,7
49,13
29,9
14,15
43,19
16,5
27,20
25,3
46,29
36,2
42,11
24,15
22,26
47,21
48,23
42,6
5,12
2,23
10,29
20,9
19,17
18,9
46,25
1,17
32,22
19,24
31,25
45,30
38,24
1,15
14,20
11,3
1,6
28,1
14,5
37,11
0,25
9,26
6,25
48,21
16,27
19,9
9,6
18,10
34,20
44,17
0,14
40,28
49,7
33,22
13,26
48,16
3,8
1,20
39,20
48,23
17,19
4,16
15,24
33,11
14,28
43,28
15,13
43,19
37,27
40,15
16,20
40,13
5,18
41,23
4,9
18,2
4,29
17,24
47,5
0,20
44,17
25,19
13,13
35,20
24,13
20,8
30,13
36,4
17,10
37,5
29,22
49,14
27,25
5,2
15,9
6,11
30,20
9,12
29,30
41,4
10,6
16,5
0,21
2,11
10,27
42,23
0,18
11,24
0,10
26,14
22,13
11,21
37,17
5,14
6,3
21,14
10,25
44,16
8,20
13,12
7,3
26,26
30,22
10,21
37,25
19,9
41,8
24,2
27,19
22,15
27,14
45,1
7,13
20,3
38,15
43,20
23,3
7,25
29,7
21,11
21,29
23,29
9,19
1,14
29,20
39,11
39,12
6,25
26,21
40,10
43,26
26,5
11,19
12,13
43,1
45,21
6,29
42,18
22,17
3,18
32,28
38,14
15,12
45,21
30,24
44,26
1,2
43,26
15,25
38,1
26,30
39,19
8,10
22,7
43,13
36,2
36,30
20,26
31,19
41,19
48,6
27,23
30,7
3,10
16,27
25,28
5,6
19,28
12,5
19,4
40,26
17,27
4,23
22,17
38,7
46,26
16,8
23,10
12,9
10,1
40,30
45,22
29,14
40,26
2,21
46,23
36,17
16,7
25,2
0,1
46,25
28,29
42,21
50,30
20,29
42,25
17,11
30,30
7,1
24,25
30,14
2,15
16,19
27,27
39,20
48,17
21,3
35,2
43,14
10,27
4,24
19,10
46,11
21,2
28,30
9,15
24,30
27,21
4,29
1,3
12,3
23,24
16,23
12,23
38,28
2,6
47,24
6,1
2,7
14,1
32,8
7,4
17,13
37,10
35,12
11,25
2,11
41,12
4,30
3,21
48,20
13,17
1,7
16,12
8,5
39,10
41,19
47,30
15,7
4,3
19,15
20,2
5,12
18,16
31,23
16,4
26,17
15,20
1,6
9,3
3,21
39,1
9,20
18,15
32,28
25,25
8,6
49,1
8,23
46,15
9,8
5,26
50,3
32,13
50,2
49,12
45,13
27,18
37,7
49,16
40,3
6,17
45,26
45,25
14,29
45,11
27,1
7,19
35,22
21,18
38,30
35,2
29,23
15,21
32,23
1,16
44,25
6,26
26,12
36,20
25,8
29,4
4,9
31,23
35,22
47,28
42,28
24,22
37,12
49,11
3,21
50,18
6,19
43,10
42,29
7,25
30,16
36,14
11,17
7,30
8,11
16,12
8,30
3,12
6,10
33,24
5,15
30,24
35,29
35,10
8,16
7,16
47,4
26,16
22,3
42,5
44,22
21,12
25,21
3,3
48,27
15,12
42,27
27,20
37,23
8,26
4,1
19,25
14,4
22,21
39,8
33,1
28,23
38,11
36,25
12,18
8,15
46,12
37,20
29,1
20,26
9,16
4,6
7,3
40,13
46,7
35,21
13,14
8,11
26,28
31,12
17,19
13,12
46,8
18,17
41,6
24,13
32,13
49,25
6,22
18,12
16,13
47,29
25,14
7,6
9,24
42,3
5,26
28,13
30,29
38,25
24,3
50,10
50,7
17,27
22,7
19,6
49,25
46,8
3,21
13,4
16,4
26,7
12,18
39,30
6,8
3,6
38,26
13,9
26,2
42,5
26,28
35,6
22,6
44,16
47,27
6,7
23,18
27,17
25,26
12,13
46,1
48,30
9,29
37,26
45,24
43,7
36,10
20,30
9,9
44,18
23,15
28,27
24,20
10,28
2,27
28,10
1,19
11,20
16,18
8,20
20,8
22,24
2,13
45,7
15,22
42,10
29,2
26,24
19,26
14,2
30,25
37,12
28,1
29,19
30,19
50,18
2,6
14,19
46,27
29,26
11,7
18,28
43,17
22,10
39,24
26,26
11,29
30,27
16,20
13,20
33,3
45,5
8,14
45,6
38,14
46,26
36,14
18,30
37,26
27,12
49,25
41,27
13,4
18,5
49,20
17,3
33,24
32,26
31,19
33,10
12,22
3,10
25,28
19,10
24,16
12,20
30,16
42,19
23,23
3,10
43,20
11,10
7,4
38,17
0,15
44,2
46,9
49,15
1,1
25,25
8,17
50,1
31,25
1,25
41,15
45,2
9,24
41,25
42,5
29,25
35,5
21,1
10,16
5,14
10,10
13,28
20,4
31,29
29,11
43,9
20,11
22,1
4,7
31,30
25,30
28,16
2,27
2,20
42,1
49,21
13,17
42,1
22,17
26,22
43,22
10,5
24,17
29,27
30,23
12,10
45,18
12,5
18,6
23,14
43,18
40,14
23,11
11,20
5,4
44,1
40,24
47,5
30,2
41,7
21,29
11,5
22,30
32,16
5,4
36,9
17,11
4,19
41,14
3,8
40,23
50,18
15,23
24,23
27,4
43,2
46,1
44,17
22,9
21,16
31,14
14,6
5,28
35,3
26,28
43,12
48,26
1,28
40,11
30,4
30,8
26,10
29,19
48,5
26,19
32,25
49,9
2,11
4,6
27,10
50,29
45,26
39,20
8,13
10,18
8,5
29,29
7,13
26,10
13,11
11,28
9,7
46,17
19,25
21,15
40,4
22,25
17,14
48,22
25,12
24,4
37,21
36,19
19,27
8,12
16,15
39,21
36,26
3,11
44,29
24,10
5,29
26,13
5,10
21,30
38,10
20,29
6,16
47,28
44,23
7,18
24,21
5,2
32,30
42,3
25,16
36,18
25,6
28,8
21,15
15,29
37,19
3,25
49,18
4,18
6,2
21,20
39,4
18,13
48,8
15,8
47,20
37,16
4,14
16,4
37,12
7,24
16,4
10,13
6,15
20,9
13,6
5,8
35,16
30,23
36,3
39,28
31,4
35,24
26,16
48,22
49,3
13,6
9,16
43,1
33,4
4,20
9,17
9,7
49,29
6,2
11,4
33,11
16,28
50,25
38,20
32,12
22,7
28,3
40,15
30,25
23,23
27,14
34,5
22,13
23,26
23,7
1,26
34,23
7,26
24,3
46,19
20,28
10,29
22,26
35,13
7,13
41,13
10,30
35,16
25,19
5,19
43,25
13,28
50,15
19,27
50,6
49,1
4,11
46,20
2,13
2,4
22,9
19,29
18,25
35,12
5,19
49,7
22,16
39,30
13,25
18,16
41,30
50,9
43,5
23,27
6,8
12,29
42,12
26,25
41,21
18,27
25,6
5,17
41,26
8,17
24,25
32,27
8,7
37,28
11,13
18,17
12,19
34,4
13,27
43,12
3,1
21,26
34,16
46,12
16,19
31,23
14,22
41,23
5,18
13,28
18,15
27,3
49,26
27,4
43,11
20,2
17,27
8,2
23,24
7,25
8,30
48,3
18,8
24,26
48,24
47,20
48,4
17,15
7,20
21,14
26,13
10,25
0,3
21,29
8,21
32,26
5,4
49,1
14,13
49,19
50,29
10,11
35,20
18,28
43,22
39,29
39,8
49,15
32,26
39,7
30,30
36,4
11,1
40,8
16,18
43,26
31,26
25,16
7,10
23,15
12,1
2,10
17,7
12,13
35,1
23,4
29,24
43,7
10,18
41,26
35,24
49,5
7,20
0,24
49,23
25,25
40,9
15,30
34,22
45,12
23,1
50,13
1,26
19,28
10,25
10,12
31,5
41,6
2,19
28,10
10,1
36,18
31,20
34,3
7,18
37,5
47,1
13,11
48,6
18,25
3,1
42,7
15,1
40,14
26,7
27,24
9,7
18,30
3,23
50,11
26,29
9,7
3,6
30,5
26,7
12,21
3,28
14,5
43,29
1,4
10,30
37,21
32,25
24,1
41,19
29,8
9,19
50,7
36,10
1,22
18,14
14,8
9,20
14,22
15,19
47,14
18,20
5,30
40,13
38,14
46,13
19,5
44,26
50,18
14,1
32,26
41,13
43,29
26,9
32,13
14,13
17,8
16,24
32,4
37,7
36,29
27,25
48,11
7,15
8,9
33,28
27,10
26,16
12,8
31,25
33,28
8,7
11,10
37,3
0,20
40,29
9,8
48,1
12,18
31,5
15,29
26,2
4,15
9,15
16,4
13,9
11,7
4,12
5,10
18,15
15,11
40,19
18,3
1,17
31,16
33,25
42,6
27,10
23,11
19,7
0,24
19,29
47,14
41,23
3,8
31,10
41,15
39,23
13,8
46,23
22,25
41,27
10,19
7,7
39,30
23,28
23,2
15,3
12,22
26,29
0,9
13,11
9,10
36,17
31,6
0,27
34,26
15,22
47,24
37,14
14,13
35,29
33,7
31,17
1,28
33,9
15,10
4,17
48,11
15,11
17,14
20,24
17,2
0,19
2,20
2,14
12,14
35,10
13,24
6,7
17,12
4,29
14,15
9,3
48,29
47,27
47,27
50,5
8,1
18,6
26,4
26,11
3,1
35,20
20,21
30,17
47,18
16,19
36,18
20,27
12,17
45,6
18,21
24,5
26,4
26,5
44,21
30,6
21,1
4,14
43,15
22,18
8,9
15,4
32,21
6,7
25,11
6,26
14,18
25,9
35,15
38,22
34,27
6,19
0,6
3,21
12,2
39,23
11,17
44,6
15,7
18,29
43,12
34,12
21,1
4,7
27,15
44,4
11,13
17,17
42,16
38,22
21,17
36,15
33,3
13,3
17,24
44,7
50,18
5,7
5,12
12,17
28,22
21,25
40,15
27,17
16,17
11,24
27,2
13,26
1,6
14,8
22,21
5,30
46,28
29,18
8,11
12,16
29,30
11,25
4,5
30,17
28,10
20,19
30,24
3,24
30,7
17,14
7,14
16,24
4,12
33,27
1,6
47,16
9,19
31,15
42,1
10,6
3,19
25,30
37,8
43,2
22,15
42,18
27,12
0,19
9,20
32,15
9,25
22,9
6,24
32,17
27,3
11,23
42,14
18,27
8,26
11,17
39,25
50,24
50,28
30,3
33,10
6,18
27,23
19,3
39,17
31,17
50,13
29,15
26,15
16,12
10,24
30,3
21,13
1,5
48,10
43,28
36,22
32,22
2,1
26,22
12,6
34,28
40,17
44,9
50,8
4,26
43,17
34,10
7,17
48,23
11,15
26,17
5,13
36,17
22,28
9,30
20,10
32,29
49,26
28,6
6,17
44,19
36,25
15,11
24,26
9,21
11,1
17,16
24,20
46,23
37,25
30,5
11,20
20,7
12,11
32,30
32,30
11,20
25,14
31,21
26,18
48,18
30,4
12,7
49,2
9,5
49,29
46,8
4,24
45,2
32,1
46,23
39,27
12,14
36,21
0,15
12,14
24,23
26,27
5,28
43,24
12,14
2,27
42,19
19,26
18,3
10,21
33,12
45,14
50,11
45,13
40,30
12,15
27,13
28,1
25,14
24,8
43,27
29,3
39,24
26,27
40,5
15,22
10,14
13,14
22,14
44,1
8,17
23,30
1,24
20,13
41,14
2,19
2,22
24,28
41,6
50,12
46,20
21,18
25,23
1,12
39,7
33,8
48,18
41,18
47,30
50,4
32,30
25,26
17,3
19,27
39,16
45,5
14,27
20,12
3,14
20,30
0,19
5,22
35,20
45,23
10,6
37,10
3,21
40,9
26,17
10,19
5,21
32,27
0,9
36,9
8,20
13,10
11,17
34,15
31,19
50,22
42,16
5,28
7,22
11,17
20,30
22,16
39,25
18,5
17,12
2,9
7,4
16,1
12,4
38,14
42,19
29,9
7,13
36,13
45,29
31,29
29,29
3,22
30,23
17,16
31,21
13,2
27,13
26,9
1,24
32,15
36,17
23,15
46,10
37,28
21,27
19,1
17,16
25,3
6,1
8,25
48,1
47,24
49,15
35,14
29,21
48,30
42,15
5,7
20,16
44,16
3,28
48,6
41,12
11,5
31,21
4,29
38,28
13,16
1,2
26,26
1,24
3,11
50,28
0,15
21,18
29,3
3,5
26,21
47,9
15,12
48,29
5,29
11,14
41,13
44,6
32,24
28,7
31,12
33,9
49,5
43,29
9,28
27,10
21,16
10,16
43,14
5,14
14,5
1,28
31,10
19,1
13,23
27,9
23,14
5,25
29,6
31,8
29,30
2,20
12,2
18,18
41,17
15,30
32,8
33,2
41,27
19,27
37,27
38,4
40,6
14,15
25,21
21,23
49,13
16,25
5,26
5,7
5,19
50,23
8,20
22,22
31,24
49,12
26,21
25,15
31,10
12,20
9,12
8,30
27,13
2,13
36,2
26,28
40,15
17,30
6,15
10,17
8,9
24,5
50,27
27,2
28,23
44,30
47,18
14,15
21,30
22,22
11,29
5,16
5,25
31,28
18,22
31,7
35,27
15,3
8,1
35,21
38,11
2,14
29,10
8,21
39,30
42,16
41,15
13,25
12,16
31,18
14,22
41,26
21,2
43,8
13,15
8,6
35,24
37,6
22,9
36,6
33,19
47,12
2,18
26,17
43,30
46,17
23,9
41,10
20,23
36,25
37,25
33,20
35,30
50,18
22,13
31,22
26,25
7,20
29,19
39,9
37,11
2,4
38,19
31,13
34,19
9,13
14,18
25,5
10,25
1,18
20,26
50,10
21,25
13,26
32,4
48,18
29,25
34,6
8,26
5,22
7,29
46,19
49,5
26,19
39,22
19,26
32,6
4,11
45,28
2,17
48,25
46,1
10,6
30,30
49,23
49,21
25,20
23,21
28,20
12,16
20,10
25,13
13,4
47,13
3,1
47,2
4,8
43,2
27,3
7,5
2,23
35,23
31,26
45,29
29,7
21,23
0,14
27,9
30,20
34,1
10,29
44,13
45,7
38,16
35,1
42,10
36,25
48,5
43,26
7,14
44,3
38,9
10,15
50,24
15,2
30,14
24,16
32,3
40,17
12,3
30,1
10,13
41,26
29,21
40,6
17,30
3,4
18,8
47,26
2,30
30,21
43,24
2,4
21,29
45,2
27,26
31,10
17,2
44,6
30,12
35,9
36,14
25,25
9,30
17,17
29,30
9,24
44,27
17,20
39,20
28,20
9,25
16,9
16,11
32,24
44,7
6,14
39,17
33,4
21,24
43,22
4,14
14,23
48,30
47,26
20,18
0,11
36,26
3,7
13,13
46,15
39,3
27,13
4,28
6,29
35,8
12,17
26,2
27,11
16,13
27,6
6,9
34,29
17,3
44,10
34,9
47,7
7,17
22,14
15,27
21,1
22,6
12,11
15,6
22,30
8,17
25,30
49,20
29,16
43,28
4,28
27,9
44,7
36,13
4,1
3,22
24,11
40,24
29,23
24,15
4,28
50,7
3,15
23,11
28,8
25,26
48,15
18,11
1,11
13,29
20,25
40,26
22,3
14,24
31,27
33,11
0,10
37,7
48,18
20,30
8,4
13,17
15,4
34,24
31,22
48,3
34,4
13,24
24,27
41,1
36,12
33,3
47,21
28,19
47,25
15,30
32,13
9,27
31,2
19,3
6,15
22,20
2,2
44,15
0,21
44,25
18,24
10,24
38,15
7,24
6,27
23,17
26,24
16,20
40,6
37,6
44,6
9,18
9,21
41,25
19,10
39,25
30,22
4,6
28,28
24,13
28,18
45,28
50,2
44,19
31,25
50,16
34,26
30,1
45,29
38,15
15,13
13,18
4,26
29,15
23,14
28,11
2,16
15,13
44,30
21,7
23,4
14,5
43,3
23,16
42,21
36,13
35,27
38,29
48,24
6,2
19,13
34,5
17,22
49,20
20,19
33,8
34,11
47,7
47,13
43,6
16,9
50,16
39,21
11,30
10,18
9,29
33,29
15,12
12,28
13,2
35,13
1,8
46,1
46,6
28,16
50,22
15,26
34,8
2,10
15,2
49,16
19,19
37,1
13,25
23,28
32,4
17,3
42,4
26,30
29,29
12,17
31,21
9,9
12,9
41,14
28,28
49,24
39,29
6,9
50,10
35,10
37,2
45,13
15,6
47,19
31,18
3,30
24,27
46,15
8,18
33,18
33,16
46,10
13,30
1,5
30,5
49,22
7,29
35,10
7,10
26,25
26,3
15,10
2,23
21,1
0,26
11,15
20,4
48,23
6,20
20,23
45,11
18,3
26,25
44,21
35,17
33,19
13,27
24,18
22,2
26,8
18,3
31,4
26,21
32,8
26,4
9,15
6,6
0,17
5,3
39,9
46,17
5,2
34,2
37,10
0,26
14,5
8,1
32,12
0,5
36,9
22,21
33,25
15,2
47,3
30,7
37,23
19,3
12,7
37,28
8,10
38,30
15,22
17,10
36,21
6,13
35,26
41,3
5,15
22,26
43,10
31,26
7,4
34,23
44,15
27,27
44,7
11,1
36,25
36,9
36,19
15,15
26,7
33,7
37,3
8,10
18,9
19,30
26,23
39,26
16,18
35,9
18,14
14,30
42,24
44,30
28,5
10,7
1,6
48,11
41,29
1,14
28,16
39,21
41,28
35,28
1,10
25,18
0,17
48,15
17,11
11,28
18,14
8,27
13,27
42,11
9,4
35,6
1,19
39,15
23,8
16,6
33,30
44,12
12,25
18,18
24,7
36,16
49,6
48,22
50,29
12,9
50,13
2,19
31,23
43,28
38,11
37,23
3,1
31,1
33,29
43,3
48,14
33,2
12,10
17,27
42,25
16,28
2,1
41,4
24,2
3,29
22,3
1,28
3,27
40,5
21,8
23,17
41,16
25,11
24,10
12,29
11,13
43,21
1,27
5,16
25,23
19,25
23,24
10,27
27,4
3,21
6,24
39,13
0,20
16,20
37,9
27,12
43,4
26,10
10,18
35,16
31,10
26,23
37,7
46,12
27,7
30,14
24,13
23,30
49,4
47,9
12,8
28,5
31,3
2,10
47,12
24,11
26,24
32,7
6,18
5,29
21,11
28,28
46,27
43,29
48,22
13,11
8,20
43,4
4,6
16,24
16,15
18,6
26,23
39,2
8,6
42,3
34,29
29,4
38,30
22,27
48,23
22,14
39,11
26,17
42,30
4,2
35,9
4,29
12,8
10,2
48,16
25,18
17,17
8,19
39,28
44,14
24,8
15,3
32,14
0,27
34,12
42,27
0,21
37,7
4,28
48,2
21,25
11,23
43,9
4,9
37,15
37,4
13,27
48,15
14,12
6,13
26,12
8,28
48,23
32,24
44,7
3,20
21,20
33,1
0,5
39,25
43,18
38,25
38,30
21,18
42,6
19,26
4,26
15,8
27,12
4,22
6,25
20,19
4,16
13,18
3,29
8,21
21,2
39,3
1,14
28,7
48,3
0,2
18,2
28,25
33,7
6,20
6,27
5,30
14,18
0,18
9,30
20,17
2,13
3,1
41,12
20,10
39,21
14,26
34,21
31,10
0,19
33,4
34,10
34,14
30,6
10,14
32,21
44,12
48,4
44,18
42,15
4,3
27,27
8,16
13,1
40,13
38,28
2,20
30,21
25,20
4,5
42,29
38,23
34,16
10,27
43,18
17,7
42,27
31,28
38,29
44,1
29,2
29,5
0,28
11,5
26,21
27,9
17,20
30,24
39,2
8,27
43,1
29,19
26,24
26,30
46,1
47,1
48,23
24,24
49,2
17,14
8,22
38,30
23,19
28,5
45,23
1,6
29,20
44,3
13,2
4,15
6,6
5,25
27,26
23,6
33,10
11,3
49,30
36,21
47,27
2,9
28,24
11,2
5,29
26,29
33,26
26,11
22,6
40,3
38,1
33,16
17,29
38,14
16,1
43,25
40,1
8,25
49,17
24,3
2,12
7,27
6,21
44,11
4,6
4,23
15,29
39,28
15,2
36,3
30,21
33,13
36,29
31,24
32,17
23,19
31,21
5,26
30,21
12,1
48,7
26,14
31,27
6,8
50,2
29,21
30,5
47,23
49,26
13,20
0,13
45,28
16,13
40,15
27,6
30,19
23,15
32,13
45,6
49,29
14,12
1,2
36,6
25,14
20,17
28,7
4,16
50,19
5,11
25,23
36,22
4,5
8,20
10,26
21,6
16,12
29,10
41,5
24,22
15,2
12,3
34,9
18,24
47,12
19,7
27,13
7,3
1,13
40,8
41,19
4,9
8,2
6,7
34,23
20,21
37,7
21,15
35,16
6,1
13,9
29,8
38,1
44,8
8,7
47,29
0,5
22,25
48,9
36,16
35,5
15,29
38,30
1,7
47,13
45,30
43,5
8,20
48,2
10,11
50,9
21,13
6,1
36,16
34,20
37,30
32,2
50,9
8,17
37,24
19,12
23,10
39,21
22,1
46,26
37,9
28,15
38,14
47,2
37,6
36,24
46,3
13,19
6,3
32,19
25,6
11,29
12,29
23,6
36,14
0,2
19,14
31,8
26,2
7,1
4,5
27,6
28,27
42,10
32,21
47,16
16,25
9,26
34,25
0,19
13,30
9,24
40,15
40,13
30,28
22,22
14,29
39,18
31,10
13,22
38,12
27,23
42,29
4,30
39,27
1,1
15,21
34,25
31,6
45,27
24,29
5,15
6,24
18,3
41,12
38,6
2,6
0,25
32,29
19,11
19,19
23,8
47,11
5,18
25,1
50,19
27,6
45,11
13,28
30,7
16,4
46,10
0,16
2,11
43,2
16,21
25,3
39,21
15,16
29,25
49,27
46,19
44,11
37,2
23,26
24,2
11,10
15,10
31,10
9,21
47,25
20,10
30,11
15,20
17,2
46,12
25,17
7,25
45,9
4,29
1,11
13,13
13,22
47,2
14,13
49,19
23,20
6,1
28,1
9,3
7,7
26,3
13,14
35,19
41,4
11,4
22,14
21,7
40,21
42,26
24,10
25,8
3,26
35,5
38,10
23,15
0,14
17,27
24,30
15,23
8,16
43,7
24,7
22,11
30,17
28,12
35,3
43,14
43,3
30,22
43,16
24,23
43,28
31,14
37,18
18,14
13,14
27,15
0,13
48,27
47,22
44,9
38,5
33,21
13,6
30,1
14,23
0,30
24,25
39,18
6,17
27,13
50,10
17,4
38,3
2,20
37,4
5,15
35,22
24,9
2,19
21,8
43,11
32,18
43,22
10,28
43,21
15,2
13,26
20,7
5,26
32,15
10,24
29,11
42,27
8,20
32,8
1,14
49,7
43,26
35,25
40,25
39,15
26,29
29,2
10,30
36,14
39,10
41,7
30,24
13,20
17,26
34,13
34,7
13,17
27,16
44,1
13,24
10,28
15,17
33,10
14,2
22,2
7,2
34,6
16,22
46,16
39,18
17,29
12,16
44,17
35,13
13,20
39,22
50,16
28,29
47,13
48,4
30,23
27,30
32,20
5,11
6,7
22,19
41,16
17,11
3,24
28,21
10,9
17,25
37,12
22,16
1,9
26,27
18,9
21,14
10,15
38,21
25,10
42,26
33,25
34,28
3,6
50,24
48,1
49,21
28,23
7,18
16,17
35,1
0,14
16,2
16,21
2,8
32,1
32,23
44,3
42,6
9,13
6,11
1,30
0,13
39,11
14,4
16,14
22,19
43,9
44,29
31,16
32,7
45,14
35,3
42,15
18,10
48,15
50,4
2,12
47,9
4,29
16,19
50,7
25,30
47,15
48,7
38,30
49,30
33,30
45,23
21,15
7,29
1,21
17,30
18,1
7,14
25,6
6,18
1,24
33,9
24,29
48,23
29,1
16,4
30,10
46,7
9,18
31,23
13,2
25,14
21,10
25,5
10,24
32,2
49,29
44,4
50,27
50,13
19,5
9,19
8,25
1,13
3,2
6,17
48,21
24,26
50,4
42,30
1,23
39,10
11,24
10,21
50,26
29,19
41,21
38,22
2,2
37,12
45,6
36,16
3,20
29,19
37,15
44,28
40,11
36,4
2,4
17,9
26,17
31,18
17,21
14,30
13,17
29,30
17,11
14,2
32,18
20,18
49,23
0,6
18,24
37,5
50,6
36,21
44,15
24,11
10,23
7,6
40,10
40,12
21,24
39,22
29,4
23,18
14,3
50,20
18,10
19,12
50,29
35,24
27,16
11,29
48,21
37,23
16,16
36,16
7,30
7,27
5,17
45,21
39,4
20,14
41,5
6,14
3,6
23,25
32,10
28,10
32,21
11,24
38,8
40,15
42,23
45,16
8,7
18,19
24,23
33,6
36,5
6,26
39,16
5,24
48,23
29,1
42,29
14,21
37,10
8,6
44,17
0,24
3,30
23,30
34,26
27,16
12,26
37,11
24,29
50,2
4,2
50,24
29,12
2,21
8,13
15,25
21,10
3,28
20,5
36,8
29,24
19,1
35,26
19,22
23,15
10,30
15,30
50,15
50,21
6,5
3,16
41,17
36,23
20,24
5,21
6,26
28,6
18,7
29,30
34,18
42,15
21,26
45,10
21,27
47,4
6,5
15,29
12,19
19,20
3,6
35,20
9,20
10,6
34,8
35,28
33,26
25,16
23,5
37,4
49,28
29,25
45,5
6,2
41,30
40,23
42,26
33,20
43,7
31,21
4,16
21,28
7,29
23,19
46,7
48,6
42,5
11,3
7,7
42,17
39,26
38,26
5,3
18,10
28,6
34,11
5,15
35,9
46,1
45,20
42,9
37,5
29,15
48,6
12,15
49,4
17,23
45,23
2,27
24,26
35,4
31,21
21,14
6,8
34,18
33,29
11,17
22,17
16,2
50,23
25,25
15,19
16,20
46,8
14,12
29,28
5,29
8,29
32,23
4,8
40,24
35,17
20,27
33,14
30,6
23,3
40,13
50,28
44,23
31,29
19,4
10,24
48,3
0,7
18,10
30,10
22,13
27,16
47,18
35,8
24,7
37,4
17,25
12,11
22,10
20,17
2,30
42,10
3,13
3,17
48,30
14,11
29,15
5,23
1,13
18,19
3,10
20,15
49,6
31,30
12,29
20,27
22,7
31,3
9,20
41,1
39,28
35,27
49,18
5,13
25,24
24,1
8,4
34,18
19,1
20,3
44,18
4,5
11,9
4,30
20,10
22,3
36,21
23,9
41,24
46,21
45,21
21,13
18,15
1,24
33,26
6,9
18,22
38,10
5,2
30,5
49,28
27,14
43,3
27,12
3,30
8,27
47,11
39,6
26,6
30,15
26,12
10,5
0,25
30,29
43,14
29,1
47,10
12,11
19,6
40,25
30,2
27,16
26,9
17,14
14,15
41,22
9,27
39,7
5,16
32,30
33,30
9,2
26,10
50,11
4,7
13,21
25,23
38,7
43,17
36,8
27,12
49,20
29,26
35,27
13,26
2,19
38,23
50,16
32,11
41,25
6,24
43,28
5,17
43,5
11,19
2,5
12,22
49,21
36,26
34,14
31,6
20,3
50,18
50,30
49,4
6,28
12,11
46,4
26,16
7,10
21,9
20,24
36,5
7,9
33,19
49,19
17,21
22,27
7,16
6,18
40,4
30,15
45,11
22,25
18,14
46,12
43,29
10,2
17,27
39,21
41,25
4,11
22,5
45,23
42,5
44,5
8,2
34,28
26,14
50,19
10,22
44,7
32,18
40,15
24,25
12,12
38,2
48,29
5,18
31,3
11,22
14,28
27,20
24,20
11,26
28,5
32,24
39,24
18,23
4,24
48,16
45,5
3,28
27,14
36,16
11,6
47,25
37,5
47,27
31,8
1,12
17,7
17,27
28,28
23,12
37,25
9,14
7,11
21,12
23,8
41,6
35,13
32,19
8,17
46,24
47,17
40,29
30,8
46,19
25,13
11,9
43,10
17,8
21,19
21,20
37,2
49,8
0,25
26,14
46,7
15,11
0,6
23,6
28,24
47,8
49,5
12,24
34,4
40,20
23,27
34,9
50,26
28,21
10,16
21,30
16,18
32,9
15,9
32,28
38,9
21,6
49,16
30,4
47,21
18,11
47,18
3,9
10,25
29,16
33,18
33,12
19,7
50,5
30,28
35,6
20,19
26,2
42,19
39,1
50,1
33,27
50,13
22,18
13,7
15,9
30,8
46,28
2,26
25,18
33,2
20,20
36,12
35,20
29,20
30,3
22,20
43,8
28,4
17,9
19,17
7,17
9,26
4,13
32,13
19,15
45,9
43,19
8,20
24,21
1,13
7,4
50,18
8,10
39,12
40,24
20,28
25,20
1,21
12,9
12,19
13,9
4,12
10,28
36,30
14,23
2,20
27,20
42,27
46,6
14,22
25,17
21,29
0,10
18,22
46,9
16,15
46,14
4,4
29,3
39,23
34,26
41,18
5,3
49,21
36,30
37,28
39,9
3,10
40,6
37,24
20,30
46,5
7,9
42,8
18,4
4,3
16,19
18,1
30,10
17,19
36,8
30,6
14,8
40,18
15,18
40,23
45,25
7,19
31,8
43,7
41,6
30,11
38,24
17,14
30,30
39,29
43,28
29,21
22,25
0,17
7,25
36,15
18,19
19,6
42,12
7,1
49,12
8,30
25,12
0,27
33,18
28,26
29,24
18,29
10,16
39,11
0,26
14,23
19,12
25,1
30,9
22,10
18,9
13,2
13,12
21,13
50,26
44,23
4,30
40,7
49,10
14,13
29,10
15,24
34,18
36,27
35,8
41,11
5,17
16,14
32,5
18,8
19,11
3,14
12,19
42,25
29,16
25,8
15,5
15,24
31,9
38,5
33,20
0,18
31,2
40,1
46,7
26,29
1,15
41,28
43,18
14,27
0,29
37,11
25,11
0,8
42,3
40,2
2,19
5,6
42,26
40,12
26,5
42,27
20,19
16,6
17,18
41,19
46,1
36,23
50,9
43,19
24,1
17,19
23,26
37,7
27,2
12,23
36,9
33,24
3,7
30,23
29,29
37,3
34,21
35,23
50,1
19,21
20,11
29,18
27,24
35,3
13,8
41,1
41,12
42,13
41,6
42,13
29,6
19,23
19,27
20,19
29,27
21,2
7,4
25,16
44,2
37,16
22,17
25,5
16,24
33,13
33,13
25,21
17,30
10,25
4,28
29,5
40,3
19,12
50,22
18,8
23,2
20,4
30,30
13,26
25,22
13,10
4,15
44,27
43,7
24,15
9,19
29,7
35,20
23,2
46,5
42,30
14,12
43,19
28,23
0,5
30,9
20,26
35,9
13,2
5,21
16,12
8,23
33,16
28,19
48,4
12,30
20,5
29,5
22,5
3,20
46,17
14,13
29,11
13,23
23,14
0,12
33,28
29,21
27,17
14,6
13,29
40,2
6,11
15,3
35,26
50,20
19,26
35,11
2,4
32,18
10,7
36,28
30,27
42,10
39,10
9,23
33,29
6,1
6,12
38,15
35,24
36,11
34,24
43,17
35,17
16,26
42,27
36,16
42,3
27,30
21,24
15,1
41,5
38,22
32,24
12,16
7,24
21,5
18,22
20,1
33,17
41,12
25,11
38,4
16,11
0,10
0,27
49,11
14,30
10,12
37,7
5,5
40,17
40,12
48,1
25,6
44,29
18,13
23,7
0,11
18,24
29,13
8,4
32,2
18,26
2,2
50,23
29,8
48,28
49,24
34,13
39,24
43,3
29,13
19,5
38,3
46,24
17,15
46,9
47,1
11,24
19,1
41,14
23,22
30,6
45,21
43,15
25,9
48,2
33,16
44,2
6,29
13,28
48,27
11,7
8,25
25,16
45,13
50,26
1,13
44,14
41,7
43,17
5,27
5,29
23,9
4,14
21,26
17,5
12,15
38,4
39,12
1,4
8,4
20,10
49,1
14,14
25,25
28,8
11,7
31,19
12,9
11,25
46,8
14,20
11,10
45,18
22,24
5,23
24,3
15,24
47,19
18,10
45,29
20,25
46,9
39,28
2,19
49,9
12,15
27,17
28,21
33,17
47,8
13,29
6,7
25,1
44,27
8,11
3,21
17,2
2,24
6,29
41,12
33,20
17,27
0,25
32,26
2,26
5,19
7,21
33,27
5,2
33,4
17,17
13,1
46,23
37,17
38,2
29,24
17,1
8,18
8,13
19,11
45,16
27,16
36,2
15,17
47,2
13,16
14,2
21,15
4,16
33,9
48,27
4,3
19,11
21,22
25,10
39,29
31,24
19,6
18,9
16,6
41,28
26,10
16,16
33,13
44,20
12,4
12,14
21,14
29,24
13,25
7,27
31,20
50,3
17,5
18,4
49,25
39,10
14,4
24,2
27,5
28,8
50,4
3,16
14,21
10,29
25,24
29,21
39,2
42,15
15,29
23,4
36,20
14,8
33,4
30,18
29,6
40,13
27,28
43,2
44,5
10,17
7,4
1,23
6,19
32,11
15,7
50,21
2,4
24,12
29,12
3,8
45,26
25,8
2,15
47,30
28,8
38,13
1,3
8,29
27,2
20,25
20,2
42,1
48,16
22,24
46,1
45,1
48,25
43,3
27,26
22,28
10,11
35,26
17,26
11,16
32,28
11,6
14,9
32,25
4,2
1,3
0,24
36,16
17,29
1,27
28,5
36,3
32,15
8,24
41,25
41,10
44,18
34,17
33,9
16,15
49,17
50,1
9,8
3,25
46,3
17,13
17,3
1,6
26,29
27,28
50,20
45,26
36,8
8,24
13,26
5,15
13,22
36,23
10,15
19,26
39,26
9,25
9,13
37,27
44,2
49,7
32,7
6,27
6,27
39,13
36,5
36,11
11,2
50,17
14,27
32,28
36,20
33,19
12,18
29,17
4,24
20,10
50,14
24,20
5,19
1,21
39,10
18,17
13,10
40,19
35,19
29,30
19,5
50,24
33,19
25,11
47,11
13,30
12,2
41,1
33,23
18,29
39,5
6,28
49,24
15,13
25,11
44,8
15,11
33,4
6,19
39,24
41,16
24,28
26,1
14,21
16,29
3,20
1,23
48,10
8,12
38,11
48,26
3,13
14,25
35,30
1,28
46,12
31,17
8,24
41,19
48,29
24,24
7,9
11,3
26,7
42,12
40,22
0,26
2,1
38,30
15,16
45,10
41,24
10,27
9,22
16,12
9,17
40,11
24,3
27,20
13,18
1,19
30,26
4,4
18,15
43,21
34,10
25,10
12,17
28,30
9,3
6,24
24,9
25,6
11,11
25,5
0,17
45,29
2,10
40,9
48,21
31,22
29,10
44,23
0,5
2,28
45,27
41,13
14,27
29,3
49,23
30,22
8,5
30,25
35,19
49,7
44,9
2,14
40,26
39,30
29,3
49,29
24,24
39,25
9,4
22,23
7,14
3,14
9,28
4,6
45,16
25,24
15,10
30,18
14,30
1,5
16,25
48,8
22,6
37,3
20,13
28,3
41,30
49,11
48,1
38,20
45,18
5,23
3,19
43,30
16,22
21,14
2,27
20,24
18,10
18,5
39,27
45,5
31,16
50,11
16,20
50,23
24,27
35,14
39,23
23,25
15,25
4,30
7,7
27,10
15,13
7,4
2,28
3,24
11,13
3,15
44,27
0,11
37,16
3,9
0,19
31,30
8,24
9,15
14,13
26,3
16,11
22,4
50,23
38,24
34,26
1,10
14,15
27,16
3,1
10,3
29,12
27,7
2,22
3,4
0,23
33,12
15,7
43,1
50,29
41,4
33,29
21,22
25,13
40,20
18,21
13,15
29,21
49,2
31,28
6,3
18,19
36,2
38,27
39,6
1,9
50,17
24,16
45,19
42,15
34,13
0,11
28,11
9,29
48,2
43,20
43,3
12,19
3,23
16,3
26,5
22,15
30,15
11,30
8,29
25,14
46,7
0,24
34,19
27,23
9,26
24,16
36,19
17,16
24,13
9,18
4,21
19,8
9,24
0,17
41,11
5,11
6,30
33,22
32,23
34,30
26,8
14,12
20,6
28,19
22,18
17,21
3,26
12,1
34,15
21,8
47,27
4,18
47,9
0,26
31,18
24,8
29,9
8,15
6,22
7,16
38,8
47,18
40,24
47,17
15,25
12,19
47,13
34,3
44,13
8,24
22,7
31,15
23,1
18,16
50,1
49,11
19,18
38,10
13,13
28,2
49,19
5,19
45,5
33,28
24,4
37,8
26,21
14,21
38,23
1,21
13,29
42,27
4,26
0,12
47,13
5,9
18,5
41,18
16,8
47,1
24,17
49,14
1,24
9,18
47,29
24,18
21,29
41,15
49,8
43,24
35,8
37,13
31,28
0,22
8,14
31,17
0,14
3,16
1,13
16,24
50,23
1,18
11,28
18,23
18,30
0,7
24,19
50,6
30,26
25,15
26,26
6,9
16,20
1,20
18,27
48,11
41,13
22,4
15,8
34,3
24,12
48,19
17,19
31,9
1,7
49,26
45,15
48,5
14,27
47,3
27,3
12,2
50,7
7,26
3,7
27,10
36,26
40,13
5,15
11,15
6,29
5,21
35,25
9,12
13,15
7,12
42,17
11,16
47,13
33,21
30,13
34,21
37,14
6,18
1,5
43,4
3,24
48,6
0,14
50,26
3,13
40,19
47,18
32,15
29,22
18,13
21,20
29,24
3,1
47,22
47,13
29,2
44,20
38,5
37,15
38,12
36,13
42,22
48,17
5,19
6,16
8,8
32,1
9,27
12,12
10,15
28,10
28,19
19,4
5,9
22,24
38,27
2,15
41,28
33,4
7,3
46,12
17,21
13,9
38,17
26,11
47,23
33,10
39,20
27,3
43,26
31,11
21,9
11,18
25,15
19,25
3,21
21,29
41,4
32,16
5,28
29,30
22,6
28,1
34,19
21,16
19,21
7,5
18,14
22,1
24,21
13,10
43,2
50,13
48,8
11,6
39,16
31,28
22,15
16,21
13,19
27,4
38,26
9,24
34,9
26,9
42,14
28,6
38,29
23,8
2,29
40,5
31,4
42,6
22,11
50,18
21,8
34,26
35,15
43,15
38,5
49,26
43,3
16,21
18,8
46,14
27,11
50,29
0,23
3,28
38,8
28,17
8,7
10,15
20,7
27,1
43,27
12,28
0,16
4,20
1,24
42,10
0,4
44,15
29,22
43,28
38,13
35,4
47,1
37,5
10,7
36,7
6,28
41,20
11,22
2,20
36,26
0,4
8,25
3,19
38,17
1,2
13,9
42,1
23,6
14,30
18,14
5,2
28,21
20,29
14,23
15,17
5,9
0,27
5,6
46,19
28,14
37,8
43,14
1,5
32,5
1,13
41,5
49,20
15,4
22,14
28,6
36,5
48,3
27,26
30,8
9,16
4,13
20,23
36,14
16,1
50,30
17,8
12,21
41,5
50,28
13,14
28,25
39,20
29,30
1,8
27,14
50,21
26,23
9,2
14,23
28,20
45,17
45,4
34,9
14,5
44,11
6,3
49,21
34,17
39,9
28,15
16,15
45,19
31,1
49,21
50,7
43,30
41,7
29,3
33,2
24,7
45,28
17,14
42,15
22,12
11,24
23,16
38,22
36,11
5,12
28,5
31,1
16,4
6,15
23,19
1,24
47,25
42,4
50,25
19,27
35,29
48,1
16,17
20,7
24,16
43,19
20,4
14,1
18,26
39,12
34,6
12,19
40,28
31,27
46,17
7,5
50,21
47,5
11,10
32,20
41,7
4,1
7,6
19,11
50,19
20,17
38,26
21,15
16,2
17,23
48,14
40,9
42,5
20,6
16,12
34,3
22,10
31,19
34,27
9,28
17,1
7,9
34,20
20,13
25,15
14,17
43,19
49,24
36,14
2,18
25,22
18,12
16,15
15,7
25,27
13,11
40,28
30,4
50,5
21,9
12,3
5,8
2,19
50,2
14,15
18,1
14,28
36,6
1,25
12,5
45,8
7,25
1,6
39,2
18,4
49,23
21,26
37,16
48,18
19,15
21,16
16,6
30,6
7,24
26,22
32,28
25,23
41,23
7,28
2,27
17,8
26,23
3,12
12,2
32,24
4,18
47,28
34,25
20,8
42,12
25,21
29,11
12,28
9,11
34,4
1,16
26,13
28,6
31,24
25,11
10,16
47,4
17,26
41,29
37,11
14,26
23,7
38,13
22,2
4,6
31,24
34,2
8,21
3,15
12,17
18,15
2,18
18,13
2,16
4,2
23,14
26,15
46,27
44,24
35,20
40,19
46,1
31,10
4,19
24,29
44,27
9,9
37,22
7,8
25,5
46,13
36,27
42,7
29,22
40,14
11,15
50,26
34,12
48,7
42,6
2,22
23,27
16,8
24,24
24,3
11,10
38,13
23,24
41,27
24,4
19,23
5,12
33,29
23,19
0,11
14,5
21,28
8,25
8,24
33,26
5,3
7,30
40,30
19,6
3,17
48,19
38,27
33,12
28,4
47,7
5,1
29,26
16,22
0,28
22,27
10,23
8,22
28,21
6,12
4,14
0,12
34,24
27,1
34,2
27,11
26,17
30,12
47,21
44,14
14,17
4,17
25,13
17,27
8,21
24,28
35,15
30,11
35,14
47,11
37,6
0,7
0,3
13,5
24,13
5,21
47,19
8,4
31,13
3,26
2,20
43,14
13,23
2,14
16,9
26,6
25,8
9,18
28,20
0,20
49,27
36,15
7,11
2,10
38,16
49,14
2,29
15,19
21,6
41,7
49,18
36,22
35,13
45,2
4,11
45,11
8,30
39,24
41,21
33,26
11,8
44,4
17,28
1,14
14,20
30,22
7,17
19,11
49,10
9,24
24,24
42,26
16,10
10,15
11,23
27,10
0,7
25,28
47,22
22,12
24,22
22,30
24,9
11,4
48,12
30,16
29,19
9,3
49,12
8,18
24,5
49,10
4,29
47,12
38,2
13,5
7,23
4,27
27,13
33,6
9,29
50,4
39,9
1,2
31,8
48,28
43,3
46,17
1,25
40,10
21,2
20,27
30,20
39,5
10,18
44,21
40,19
44,20
6,16
16,17
29,7
4,9
31,11
28,16
44,30
32,29
37,18
32,22
43,29
41,13
37,7
3,17
42,3
2,27
2,12
27,4
41,4
45,19
21,7
15,20
19,30
23,28
16,24
27,10
15,8
42,4
8,20
38,30
37,21
45,30
7,29
0,11
18,18
10,11
25,30
50,7
49,23
35,1
27,12
6,22
17,10
40,22
2,15
37,28
25,12
1,19
5,26
30,14
28,5
20,6
26,20
30,29
41,17
24,23
35,28
29,17
8,22
31,6
7,2
23,27
41,7
50,19
19,4
36,3
20,23
46,22
6,29
45,23
11,30
23,13
21,21
26,21
20,17
23,6
39,10
41,26
1,19
50,28
47,13
6,29
30,19
27,11
13,7
23,9
15,9
14,8
23,5
19,22
6,14
46,22
3,16
32,22
49,20
32,21
40,18
18,14
16,14
9,11
48,20
42,10
25,26
5,16
35,21
48,8
14,9
43,14
29,13
38,17
24,14
16,19
29,18
38,30
19,24
42,26
41,25
23,1
25,22
45,30
46,25
43,22
38,28
38,23
6,26
36,10
16,22
37,26
28,15
48,4
37,15
46,28
43,19
26,28
17,30
41,22
3,25
37,27
14,29
32,24
40,27
16,22
32,14
43,5
22,26
42,27
0,12
50,11
42,24
7,3
41,22
4,19
32,6
16,16
7,11
8,28
17,1
30,11
40,16
50,21
34,27
16,2
21,5
34,20
26,22
28,24
34,30
20,13
10,28
49,11
28,9
30,11
15,26
44,5
26,25
22,23
30,13
7,15
49,14
38,15
35,2
19,19
0,6
32,16
10,5
0,8
0,23
49,12
31,23
26,9
25,10
1,24
48,23
14,8
28,12
43,6
1,30
45,21
19,29
37,6
0,26
41,29
20,12
35,13
40,6
9,14
30,14
3,8
6,21
6,8
38,6
42,10
5,6
15,29
9,4
5,24
21,1
44,12
13,14
9,21
47,19
28,20
37,24
5,19
44,2
4,24
1,18
46,6
0,5
6,30
25,1
33,27
19,19
32,2
6,15
25,23
50,17
3,19
19,17
27,7
14,11
39,9
10,30
38,29
17,6
13,28
39,16
23,22
24,9
31,28
6,3
30,19
39,18
28,29
40,21
43,23
7,23
24,28
34,20
25,25
18,8
44,19
1,9
19,8
48,4
10,18
0,2
35,25
8,4
33,2
26,3
20,20
0,15
37,10
41,23
16,10
33,29
46,6
42,1
36,12
3,21
45,10
5,14
0,17
40,15
16,30
45,30
43,11
46,2
23,20
0,14
21,7
25,3
32,10
27,21
43,28
47,29
0,16
22,25
43,9
23,18
41,16
4,21
28,15
46,1
46,23
49,9
32,2
8,18
6,8
40,10
37,29
15,29
34,2
6,19
36,3
11,12
0,22
20,27
1,5
47,17
18,15
27,28
33,12
36,8
45,13
15,16
0,17
36,10
26,11
33,5
11,27
49,10
16,12
44,21
48,13
9,3
42,15
25,19
25,19
50,17
26,9
37,3
47,4
11,20
3,27
0,21
17,12
40,9
43,6
6,18
14,8
26,3
47,9
6,17
33,8
31,20
36,24
19,28
43,29
43,3
12,8
23,12
5,26
16,6
34,17
39,11
35,12
11,20
38,5
1,30
14,12
27,9
15,18
2,18
47,9
7,27
44,9
7,21
36,21
13,23
13,4
44,25
8,20
24,19
31,10
38,14
40,14
21,22
23,28
36,4
24,18
19,5
34,4
22,25
13,9
43,27
46,17
33,3
17,7
0,11
34,19
13,2
37,25
10,16
25,13
10,14
9,18
8,12
23,3
24,22
19,1
3,2
23,8
7,21
1,28
31,5
15,9
26,28
29,3
39,25
41,25
7,2
12,24
23,2
16,2
10,11
15,4
11,10
47,7
43,29
44,30
36,27
10,13
11,23
30,6
18,27
49,6
29,2
27,12
36,9
35,27
40,27
5,24
28,18
29,21
2,4
43,6
32,1
40,1
33,11
34,28
16,22
38,24
32,12
49,10
7,11
6,26
45,4
44,30
20,17
27,28
37,9
12,12
17,6
39,23
43,26
35,10
16,16
39,24
49,30
0,5
21,26
35,13
16,7
2,28
26,23
47,7
10,7
35,24
24,19
26,2
31,8
46,27
20,19
30,22
17,23
33,13
49,17
46,1
18,25
15,29
49,29
46,6
50,5
46,6
49,2
27,1
1,14
22,18
44,9
2,11
50,13
17,24
39,18
14,18
9,19
46,17
50,10
18,16
22,26
33,14
6,27
18,2
12,1
23,22
8,18
7,14
11,20
17,16
37,28
34,23
21,7
33,27
28,20
42,12
13,30
14,30
39,16
18,24
17,6
46,22
46,8
10,11
45,24
50,3
11,29
21,17
13,11
3,17
14,10
9,1
50,5
39,25
32,7
43,20
37,30
8,2
29,4
11,14
11,1
30,22
38,11
42,12
3,11
42,23
31,4
22,29
46,17
34,6
6,16
47,9
38,4
46,30
6,3
41,25
14,27
4,30
34,26
10,21
33,29
49,27
49,26
30,10
14,28
35,29
0,6
11,12
49,29
2,11
22,3
44,16
40,10
40,11
32,14
37,6
15,24
29,11
6,12
35,17
17,11
20,16
16,17
27,12
48,27
48,21
36,4
10,24
25,6
10,26
29,12
26,17
24,16
12,5
22,20
48,22
28,3
27,26
23,16
3,7
36,25
40,25
40,9
45,9
1,17
11,26
3,20
18,12
28,11
40,25
3,2
5,19
19,16
6,7
4,15
12,24
48,6
13,4
26,18
22,16
5,18
9,3
45,21
25,8
14,20
10,24
31,26
28,27
16,8
42,14
34,18
41,18
28,15
26,30
42,10
30,6
8,16
18,11
31,1
3,10
3,6
37,1
12,22
8,24
8,8
9,18
16,12
37,2
15,15
46,3
41,4
41,19
38,25
19,23
39,10
24,26
4,20
37,5
35,26
6,27
49,2
3,4
41,11
49,10
42,26
33,2
5,22
19,23
39,15
47,14
43,15
46,11
32,7
49,22
4,18
47,22
19,10
48,27
25,2
14,13
50,9
19,14
18,16
19,7
29,20
22,25
36,19
28,10
11,4
39,4
6,16
21,26
19,30
39,17
11,20
42,22
22,2
35,25
6,14
14,14
46,1
41,21
7,25
5,19
47,7
21,17
30,9
5,19
39,22
23,19
37,4
19,20
1,16
36,3
21,25
39,20
24,2
33,3
30,22
12,17
29,14
18,12
21,25
44,29
37,15
18,6
19,7
18,19
46,24
16,14
8,11
7,1
42,17
2,5
21,15
29,17
19,10
48,7
18,30
33,28
8,11
21,11
19,24
45,23
4,3
15,27
9,25
27,16
3,1
47,4
15,5
1,23
10,24
43,8
24,28
31,5
29,28
27,30
16,2
20,20
24,26
17,7
15,8
45,23
49,7
20,22
23,3
13,14
3,9
44,17
20,14
50,9
37,29
49,25
32,5
23,7
22,12
9,14
14,5
45,29
42,10
25,13
14,4
31,27
0,7
0,15
8,24
49,10
16,16
35,25
15,13
32,8
42,11
19,11
48,11
14,3
13,23
7,24
37,14
20,30
0,30
38,16
22,15
13,15
20,25
42,30
15,21
2,15
42,1
49,27
18,4
8,29
44,9
11,14
21,16
46,6
31,11
41,18
8,29
26,20
47,27
40,22
27,20
24,2
46,5
27,14
15,18
18,12
13,5
50,26
4,28
26,20
26,21
38,27
42,21
30,28
36,27
7,26
21,25
30,15
39,19
16,6
8,25
48,9
39,5
44,4
24,26
27,26
46,4
7,15
27,6
10,19
23,16
40,11
25,5
34,3
41,16
38,15
1,6
3,20
29,13
33,22
24,25
19,1
39,26
11,30
32,5
28,17
6,23
16,21
2,8
17,10
10,1
35,7
7,26
27,20
12,30
1,15
49,14
8,15
16,10
16,1
46,4
19,9
19,17
4,3
25,16
24,12
16,16
3,14
30,24
38,5
33,18
18,5
46,15
29,18
8,5
41,7
37,25
6,24
36,27
5,3
24,12
31,10
20,27
36,7
1,19
45,16
20,17
46,16
48,26
26,5
18,20
15,1
16,6
21,10
9,22
31,30
11,5
16,2
40,11
40,13
23,26
14,18
30,12
38,29
36,7
30,28
44,14
24,13
35,21
25,5
43,14
26,27
27,18
46,10
45,21
37,12
16,1
20,27
9,17
24,2
25,15
44,13
40,1
16,2
45,1
43,3
49,13
36,22
13,28
10,10
3,27
17,14
27,4
20,15
20,27
26,16
49,9
33,24
16,17
15,22
10,1
13,12
9,18
25,29
45,1
50,4
34,5
19,27
23,30
21,23
13,3
4,18
22,11
6,8
12,17
43,6
19,30
25,24
48,20
16,11
43,13
8,5
10,5
42,25
4,1
21,3
39,7
44,17
11,23
23,10
8,18
49,28
3,26
37,9
19,23
5,13
50,1
26,5
25,12
42,23
38,20
10,1
22,20
18,4
25,19
36,19
28,24
37,8
36,17
0,1
32,5
46,22
35,5
21,25
2,9
23,23
7,1
1,12
16,27
24,30
25,23
20,24
15,5
20,22
22,6
28,17
30,5
44,16
11,8
30,17
16,3
2,5
2,9
36,17
26,9
7,29
1,26
1,4
42,30
34,5
27,2
6,27
10,3
37,29
36,15
21,14
25,3
35,20
3,15
20,25
34,2
8,5
13,21
46,26
19,16
11,1
32,4
45,23
30,17
11,21
18,9
10,27
15,15
16,16
14,21
4,19
35,23
4,9
30,2
6,8
5,21
37,22
19,16
40,18
4,6
4,11
23,2
34,29
2,21
20,11
7,19
28,2
24,10
1,24
10,25
7,28
35,6
4,27
19,5
2,13
27,12
12,7
12,10
20,9
41,22
24,24
16,1
10,12
18,23
22,5
12,17
45,25
37,9
7,1
45,27
27,12
44,10
38,11
37,8
41,15
40,3
49,17
7,27
21,5
30,13
16,26
42,4
16,9
12,12
38,23
29,23
23,26
38,30
26,22
45,7
21,24
19,3
33,21
40,28
32,17
49,25
15,10
10,24
12,30
16,1
34,20
22,12
0,18
4,15
5,26
25,7
4,1
6,23
42,27
6,25
50,7
26,19
3,26
34,2
25,18
17,12
3,24
49,20
50,25
10,15
50,23
20,6
48,19
37,18
28,26
50,30
2,15
42,23
34,12
34,10
27,11
50,7
26,24
21,6
10,17
4,28
31,30
50,15
2,10
21,23
24,20
37,14
44,22
46,28
5,13
38,18
1,29
47,24
46,29
36,30
14,19
16,3
26,25
7,24
43,2
30,16
45,16
6,20
20,12
7,7
40,29
34,18
2,27
26,1
20,6
24,17
12,1
29,4
10,15
36,1
10,19
1,14
27,7
37,23
31,14
30,29
43,15
14,22
26,24
30,17
42,20
34,9
31,25
21,2
23,17
34,26
0,17
34,17
14,6
27,3
4,13
24,29
20,21
50,3
47,7
21,15
16,28
27,29
8,16
28,16
30,8
46,9
6,21
47,5
4,26
33,11
49,14
24,20
12,2
5,12
37,29
29,30
25,6
33,9
39,5
0,17
25,7
0,11
50,24
35,8
9,24
26,14
12,17
42,16
10,4
44,15
7,19
14,4
45,18
17,9
2,14
45,19
49,30
26,11
26,14
12,17
47,13
46,21
12,9
5,9
38,22
44,16
19,20
48,16
19,25
28,14
29,14
9,14
49,15
24,25
28,13
18,16
8,1
29,1
13,4
50,13
29,23
34,7
47,9
33,19
49,8
16,12
7,18
23,22
39,24
15,16
14,20
29,8
34,21
14,12
16,15
28,25
17,11
17,12
50,6
3,18
6,22
13,12
42,18
23,25
44,25
46,20
9,25
33,7
13,2
7,5
6,14
49,5
24,20
0,15
12,1
39,21
38,12
13,22
39,6
9,17
43,21
48,8
40,4
17,26
38,25
20,29
47,26
49,15
9,14
19,11
18,19
35,18
5,13
13,14
19,23
18,27
21,29
33,27
18,7
37,15
0,4
24,22
34,30
28,19
14,25
27,9
40,28
23,15
16,16
31,26
19,13
45,2
12,15
16,4
28,2
23,6
36,28
12,27
0,23
41,25
6,14
31,25
21,8
21,21
7,17
28,19
40,6
44,17
18,1
41,10
3,15
36,12
40,24
36,24
20,21
23,4
40,16
35,30
0,3
42,2
41,12
9,24
5,21
23,29
6,23
29,15
40,1
22,29
32,26
40,28
46,6
16,19
13,10
22,2
49,4
47,29
10,17
21,3
22,27
4,24
31,29
41,20
29,17
17,28
42,17
23,14
30,24
8,14
27,9
10,3
37,2
47,10
25,18
30,3
17,5
21,9
41,14
42,10
3,19
17,29
15,13
22,23
46,27
18,14
30,28
2,7
35,4
29,26
16,17
0,28
42,16
19,7
28,25
47,4
31,17
40,28
25,13
40,11
36,10
28,24
39,22
16,11
10,19
31,16
29,16
8,9
27,17
29,24
8,25
0,8
32,15
46,17
22,9
28,8
3,5
28,10
33,24
44,24
39,30
17,19
14,23
45,3
13,19
25,14
4,28
16,4
40,6
1,12
48,18
20,12
9,3
17,23
20,5
48,13
11,1
8,24
49,27
11,2
40,28
50,3
15,15
50,13
21,19
13,20
13,4
30,11
39,12
9,6
20,26
41,17
9,26
11,1
19,28
20,3
35,13
47,12
32,25
30,27
46,25
37,30
33,13
16,14
45,1
10,3
4,12
32,17
15,19
49,5
7,8
5,1
29,3
44,17
15,21
43,7
40,14
3,8
14,18
12,3
15,1
5,7
17,8
46,30
35,14
18,27
4,25
14,4
4,8
29,12
43,9
2,20
46,13
9,29
33,8
16,9
26,24
2,29
45,25
16,6
8,17
8,10
46,26
20,2
23,18
22,13
18,26
4,5
24,9
47,18
10,25
13,20
26,13
31,10
12,7
20,6
19,19
2,15
29,22
36,29
39,26
42,8
30,11
26,3
49,15
23,27
33,15
39,27
49,30
43,3
25,8
22,27
34,9
17,27
40,26
28,9
17,26
44,30
17,19
44,19
23,25
49,14
22,24
27,14
25,11
3,17
46,8
39,5
27,3
8,19
5,13
22,3
8,26
36,28
11,12
7,1
19,13
3,29
0,9
36,14
46,11
33,11
27,2
16,3
34,29
19,27
44,17
20,26
2,25
10,6
34,5
22,1
39,3
32,17
46,3
7,29
47,6
44,14
9,20
23,15
1,14
21,17
22,15
38,1
46,27
40,20
48,22
38,2
46,4
13,10
13,22
44,18
22,17
29,26
45,30
32,4
32,9
44,22
15,5
37,12
49,30
2,10
21,15
21,6
26,21
43,24
32,21
5,25
34,13
3,19
49,17
40,16
39,24
13,2
21,18
11,25
2,8
30,15
29,4
28,10
32,18
27,25
33,12
42,8
13,28
14,29
1,24
42,21
27,9
46,28
10,22
7,5
43,20
22,19
9,4
27,5
24,29
17,27
28,25
2,2
28,7
16,19
25,27
19,21
12,12
24,30
45,3
36,19
8,30
33,12
8,20
3,4
21,27
29,20
40,24
26,26
36,15
4,2
46,8
19,12
21,27
15,9
41,4
46,12
37,13
2,23
19,12
49,21
50,9
34,2
30,29
26,11
23,14
28,4
33,17
14,6
46,28
21,17
31,27
35,25
37,18
38,17
9,11
32,7
38,27
44,22
1,11
14,12
39,12
6,18
2,5
28,7
48,10
31,15
18,8
7,16
29,7
5,13
0,13
12,17
22,25
14,10
5,26
11,26
29,5
33,30
40,9
36,14
41,3
5,4
25,7
43,28
46,4
43,24
46,5
33,2
9,23
12,29
24,1
2,15
39,13
33,8
15,23
28,30
0,17
20,17
36,22
37,23
14,16
30,7
23,24
28,8
17,3
42,3
1,21
24,26
28,16
25,29
31,16
48,26
45,27
50,18
9,18
36,7
1,1
22,12
17,11
40,30
6,26
8,3
23,28
20,27
2,24
45,6
36,12
20,29
29,27
21,11
21,4
1,6
17,5
5,15
50,22
43,28
5,14
36,7
25,7
36,8
38,2
7,6
5,5
31,2
5,5
5,9
24,13
12,16
9,27
22,29
50,20
36,21
1,25
1,14
47,16
7,24
20,9
16,7
20,19
42,18
20,12
3,21
18,3
5,19
17,13
6,16
2,9
47,21
2,1
24,29
44,2
17,22
26,20
14,7
35,16
14,14
29,22
15,10
41,12
21,21
47,15
40,12
18,24
1,12
32,4
28,4
24,23
5,30
44,24
10,9
44,5
37,1
39,27
37,21
41,19
47,9
34,16
28,24
31,22
16,11
50,23
32,30
26,14
11,23
38,13
14,22
46,6
23,4
18,29
34,30
30,8
7,7
45,13
36,30
49,11
20,17
1,16
20,18
9,2
18,10
40,27
4,20
23,15
50,21
15,15
5,10
7,14
12,8
38,11
3,16
36,12
28,20
18,9
1,23
27,17
43,21
14,3
5,26
29,16
49,27
27,25
9,15
4,10
5,1
47,8
19,24
1,27
34,23
37,18
41,24
27,19
42,3
24,16
3,19
21,9
35,2
18,5
26,25
9,30
0,9
28,4
21,29
34,16
46,8
19,13
8,10
36,24
47,19
48,12
14,10
0,4
49,18
19,30
45,23
49,11
0,16
7,25
1,8
32,7
32,10
12,17
1,2
25,11
25,2
3,23
25,12
0,3
41,15
13,2
28,17
7,8
20,23
25,3
38,4
0,30
20,6
3,15
38,3
46,17
29,7
9,6
2,19
37,29
49,13
24,7
46,24
47,18
17,29
16,13
9,2
14,13
42,15
32,15
18,29
39,2
24,17
20,4
30,4
0,10
32,15
17,25
16,11
35,10
14,21
31,17
43,16
47,22
39,26
8,10
34,8
50,3
33,29
37,2
36,16
25,30
26,25
44,30
23,6
39,30
6,24
10,25
8,18
30,8
37,19
8,11
28,26
34,30
44,23
11,9
39,17
49,12
30,24
17,15
22,21
14,13
3,25
0,28
41,21
12,9
23,3
27,9
16,22
17,30
16,1
50,5
6,22
44,19
25,4
27,21
34,8
9,12
10,10
46,25
39,2
46,7
10,15
12,8
40,3
14,7
37,24
30,17
38,22
22,29
13,22
44,26
48,27
34,13
0,12
11,11
4,24
22,28
25,13
3,17
5,28
8,22
36,8
40,19
7,6
0,10
18,8
29,19
27,9
10,13
25,14
24,24
35,18
9,15
38,9
24,20
33,23
4,4
19,2
44,6
7,26
28,14
17,11
3,18
14,19
1,23
48,1
41,30
2,28
31,15
40,28
36,7
39,29
12,30
50,4
29,16
18,17
44,18
28,14
35,11
43,16
32,9
4,12
45,3
1,24
1,27
41,21
22,3
18,29
44,25
11,5
22,11
42,13
4,14
27,2
46,20
40,15
15,17
9,15
32,22
40,9
50,15
39,25
48,30
38,18
38,17
14,2
16,23
41,13
43,23
24,14
3,29
10,9
5,17
37,14
16,28
22,16
37,12
29,9
21,9
21,8
15,21
9,25
19,5
6,28
40,9
31,9
47,10
6,18
4,11
10,1
40,20
23,18
22,26
8,26
20,12
8,3
11,21
26,15
0,8
10,16
30,14
18,9
34,12
50,17
42,5
12,9
17,10
45,10
15,27
28,13
24,17
27,6
43,4
46,6
34,8
31,19
32,4
3,13
20,30
32,2
13,25
41,24
28,22
3,8
10,7
10,13
42,20
46,30
7,4
10,2
14,19
21,16
17,26
39,14
19,29
14,18
17,19
20,7
21,8
23,29
8,18
19,7
12,12
10,22
40,20
27,29
34,1
24,1
11,26
42,1
19,22
5,26
46,1
40,26
8,1
35,8
6,17
42,5
41,22
17,1
26,18
19,4
25,24
48,29
14,10
4,18
49,3
2,6
6,30
45,14
6,18
29,1
44,11
5,2
31,19
0,8
11,27
26,14
42,18
20,21
0,5
16,18
38,9
26,5
11,8
40,28
20,19
22,5
33,17
29,23
27,22
19,22
41,15
35,9
12,28
20,3
45,9
26,5
49,21
5,18
31,7
41,29
50,4
0,24
11,12
40,10
40,22
7,17
0,18
21,10
8,20
18,16
6,19
20,13
29,19
0,10
48,22
39,22
12,5
25,29
12,16
41,18
17,6
15,26
24,7
40,16
33,13
0,4
6,9
1,25
1,17
7,29
42,25
29,3
26,9
9,23
19,4
23,24
1,23
0,11
10,15
15,14
38,22
30,22
46,21
25,1
45,19
4,28
2,10
48,23
49,19
41,1
45,28
34,28
18,21
40,29
1,29
27,17
7,19
34,4
23,27
38,1
1,13
24,18
9,29
37,13
12,18
32,22
34,23
18,12
41,9
26,24
31,24
25,14
38,3
7,15
22,17
43,3
4,15
12,18
37,28
22,7
7,12
0,16
7,3
46,24
40,7
30,2
50,29
35,19
28,27
24,7
42,6
29,15
36,8
16,8
39,11
34,2
0,28
8,3
30,6
47,9
13,30
14,28
35,20
44,19
26,3
5,14
12,4
48,23
44,1
0,7
23,24
38,27
32,10
28,1
40,19
48,16
42,10
0,1
47,29
12,12
28,13
44,8
33,21
34,28
33,18
24,20
9,22
37,14
43,5
39,3
40,10
49,27
35,14
47,26
8,11
33,24
37,5
18,29
25,13
30,14
32,24
46,23
29,19
32,22
11,15
17,20
36,15
47,14
49,19
16,24
19,20
31,5
36,18
7,11
35,11
40,5
39,22
26,30
23,19
35,30
38,18
0,7
24,19
37,26
13,21
11,10
33,14
25,29
16,26
33,11
33,23
9,14
49,9
3,22
35,12
19,28
33,14
22,18
24,18
29,2
29,21
37,15
13,11
3,11
11,22
21,20
20,2
20,17
1,19
21,3
30,25
31,19
17,4
5,26
0,4
35,19
19,15
32,20
16,9
6,26
5,28
26,3
16,2
0,25
12,14
24,19
14,14
33,21
15,18
13,1
5,30
0,17
21,26
16,5
39,3
24,24
8,27
0,14
13,15
5,14
21,30
16,16
49,8
12,25
11,13
33,18
34,9
9,8
31,22
2,30
31,19
41,9
15,17
8,18
35,15
33,16
42,15
49,17
31,27
15,6
36,25
42,9
28,19
17,9
1,13
46,1
27,12
16,1
18,5
37,10
1,20
35,15
41,10
50,18
0,13
37,1
32,27
30,29
30,23
30,25
33,12
9,5
18,4
17,8
1,12
13,2
12,27
50,28
0,20
10,29
26,9
37,1
43,18
30,10
28,6
12,4
21,5
15,20
42,2
26,30
4,14
48,18
28,16
50,18
9,15
36,14
15,17
23,13
20,2
37,24
3,12
3,3
8,6
2,16
27,27
23,27
18,13
0,4
6,24
28,29
22,12
50,12
32,2
15,12
23,30
11,7
17,18
46,26
16,3
43,16
40,24
15,24
4,30
49,20
35,28
16,7
19,20
35,5
15,1
29,2
35,1
47,11
24,15
47,2
29,21
15,19
31,8
11,17
49,18
19,19
6,23
22,25
32,7
15,15
18,19
14,30
40,30
28,4
20,11
37,18
4,26
19,3
43,2
6,11
24,22
5,9
1,26
42,19
17,23
14,1
3,11
20,3
25,3
1,3
12,2
49,21
26,13
30,23
17,14
50,22
4,19
45,29
41,16
9,19
26,10
8,22
22,23
5,6
50,13
17,8
38,26
21,6
27,3
50,4
1,12
24,5
18,19
10,11
8,16
45,13
24,21
4,2
27,9
0,8
37,28
45,8
9,21
48,23
37,17
23,16
0,22
34,16
17,2
13,26
17,9
19,25
1,15
29,5
33,27
38,14
25,5
32,1
26,4
20,24
23,19
40,14
25,20
27,4
44,5
45,9
46,20
4,5
45,8
39,20
13,29
10,26
16,26
42,2
0,13
14,13
38,15
36,14
38,10
28,26
3,3
5,26
36,13
44,28
2,11
18,30
29,4
32,4
5,11
45,1
41,23
50,6
26,23
31,13
19,10
47,8
8,28
25,18
2,29
35,5
0,27
22,26
48,14
18,28
3,11
40,1
1,23
15,9
48,5
14,8
34,21
48,27
29,27
42,25
7,17
24,29
33,10
35,12
43,10
14,12
46,8
22,15
15,2
11,5
17,8
50,30
11,6
42,16
11,2
35,4
25,3
6,22
0,16
21,27
43,16
32,2
2,27
31,7
0,17
39,17
15,11
24,19
40,21
34,10
7,30
48,14
45,14
9,10
8,30
48,17
46,12
23,6
50,29
30,19
34,10
6,18
22,28
19,10
38,29
0,18
3,9
19,16
11,7
34,4
8,5
45,9
32,27
12,15
41,13
35,8
7,24
13,12
30,16
28,15
11,23
9,6
32,28
9,6
30,24
7,5
8,14
42,19
40,15
8,26
46,1
42,16
36,18
7,18
48,8
23,4
49,11
47,9
7,30
19,3
24,30
3,15
19,10
29,8
49,13
31,20
45,26
28,15
50,23
45,10
47,2
28,2
44,3
44,11
18,29
20,9
15,30
17,17
16,20
48,9
11,13
18,15
46,17
1,14
4,19
0,29
24,2
17,28
21,1
40,13
6,20
12,4
23,25
43,16
19,3
34,6
23,28
28,14
20,14
45,24
19,19
8,30
18,13
36,7
47,23
50,19
31,14
49,10
21,16
1,13
41,27
15,29
2,11
14,28
40,29
39,13
26,11
11,1
44,12
44,21
32,30
45,27
16,7
33,14
50,3
11,27
14,27
44,18
19,16
17,2
48,16
9,7
11,1
38,22
39,26
10,11
4,29
31,7
6,20
27,6
40,10
9,27
41,22
3,15
14,29
13,14
35,28
32,13
10,19
5,16
15,30
24,25
14,8
11,14
15,28
32,10
24,19
9,4
48,17
31,22
32,20
28,8
19,25
1,24
34,4
15,22
29,14
33,15
50,8
10,20
22,11
35,22
27,3
49,8
38,20
22,16
35,28
17,15
12,9
10,4
24,16
11,17
49,17
31,24
34,21
39,16
27,24
33,8
22,12
29,2
3,8
34,16
37,21
3,17
45,17
50,7
27,8
5,23
16,13
27,1
30,18
33,24
4,4
41,29
15,20
45,9
41,6
37,16
18,8
8,6
22,12
15,20
16,5
34,1
45,9
0,7
18,30
20,30
34,11
13,27
49,30
19,13
28,8
41,29
1,15
34,1
49,13
22,19
0,23
37,4
39,27
7,9
10,30
41,24
12,29
38,26
44,17
20,20
49,11
38,22
29,5
43,7
14,4
28,8
8,19
47,19
20,8
1,3
45,26
13,7
30,13
4,13
12,16
20,16
43,8
47,7
46,27
1,8
16,10
20,13
26,19
25,11
13,10
35,28
30,28
34,6
46,4
45,23
0,1
35,6
49,13
39,10
8,22
43,12
16,5
7,15
50,14
29,25
44,12
47,4
23,5
33,11
2,12
20,14
44,16
17,14
9,17
3,21
30,20
40,12
50,7
11,11
41,15
0,10
42,20
25,30
38,13
6,10
30,14
37,27
35,7
11,3
33,25
39,11
8,18
33,7
35,30
30,16
6,13
0,14
41,3
34,27
34,19
6,9
7,9
40,5
22,16
3,22
20,28
47,12
4,26
37,10
31,18
7,15
11,27
10,23
46,16
34,16
0,17
30,24
39,30
34,6
23,25
5,13
2,15
13,22
11,15
19,29
49,25
18,20
2,26
24,23
36,7
23,18
44,13
14,18
46,5
35,22
30,9
42,23
28,1
36,26
9,24
29,6
25,25
15,6
45,16
43,15
9,23
26,4
23,7
34,26
27,9
41,1
3,30
7,22
38,24
15,12
2,6
1,2
45,24
18,26
31,22
9,1
24,22
19,6
40,20
38,11
31,14
40,26
22,29
41,7
32,30
30,24
49,8
21,12
5,16
8,6
13,21
47,28
11,21
42,15
13,9
23,17
50,11
16,9
13,8
19,13
35,2
10,4
42,21
31,2
22,1
23,25
20,13
48,27
10,30
31,12
7,12
32,18
50,6
33,2
13,12
31,23
49,16
25,12
45,29
2,19
40,1
19,25
48,14
3,8
45,12
23,4
9,2
6,23
28,25
19,28
50,21
40,26
20,8
2,2
18,26
4,3
42,14
2,28
19,6
43,24
44,22
10,12
36,30
11,10
32,7
40,7
25,4
16,17
27,15
9,16
1,6
15,2
40,30
42,1
26,19
12,13
46,28
48,15
10,17
16,11
30,21
44,24
39,15
16,4
21,19
42,18
32,11
21,1
48,1
32,9
19,22
45,12
9,17
33,21
45,19
42,20
7,23
12,3
46,11
38,27
32,2
24,12
22,20
36,28
2,5
14,2
35,6
0,9
34,3
13,11
35,24
26,12
27,6
12,17
10,28
35,7
24,22
20,26
0,29
10,8
35,6
31,26
44,6
27,6
1,21
25,16
25,13
4,14
38,1
7,19
18,27
19,16
27,7
17,7
22,13
38,1
3,24
1,14
13,5
0,27
38,11
35,27
34,27
46,26
22,4
37,10
42,15
48,8
24,10
8,27
11,1
12,8
22,4
14,27
10,9
19,11
47,5
48,15
14,5
30,28
34,7
19,30
29,24
3,29
19,2
43,30
6,22
17,23
37,18
46,15
42,26
14,5
12,6
1,16
7,23
32,21
40,10
20,24
36,10
9,2
39,25
4,25
18,25
8,1
42,13
36,12
29,3
12,22
32,23
46,4
33,16
44,14
9,29
23,2
26,13
13,1
18,26
15,5
14,23
20,25
32,18
38,12
40,11
31,26
40,11
25,8
43,15
34,18
15,10
2,2
2,19
42,14
41,2
34,9
35,23
24,10
31,23
27,7
1,5
14,17
49,19
11,3
41,22
2,6
38,4
20,4
39,30
16,25
15,2
27,24
28,23
33,14
12,1
22,8
7,18
10,20
13,25
13,28
32,8
2,1
38,2
47,27
10,27
38,9
8,14
10,10
41,8
25,12
47,19
36,19
9,29
50,11
13,11
28,12
10,11
3,11
40,1
36,25
40,16
26,23
3,6
19,14
17,23
42,29
13,14
28,6
44,5
12,13
50,18
24,27
18,11
40,23
48,18
12,16
4,30
5,10
29,8
14,30
11,25
17,7
39,8
8,25
39,20
37,11
48,20
26,12
29,20
39,30
45,25
12,27
6,21
46,17
30,3
42,9
20,23
27,11
36,19
23,4
0,24
8,12
31,25
47,25
13,18
44,27
46,3
29,28
19,29
31,18
18,20
9,3
26,11
31,10
20,21
17,23
35,11
33,12
18,11
34,29
22,25
8,21
31,20
34,19
44,18
4,18
2,17
31,22
50,7
27,27
11,22
11,6
35,15
33,4
27,26
40,21
44,7
47,6
36,10
30,19
29,22
48,5
47,6
49,13
44,28
2,10
10,22
15,16
14,15
27,26
10,4
32,11
22,5
8,1
37,4
36,3
39,29
46,21
22,16
42,12
35,14
5,5
2,11
46,9
18,20
14,23
9,21
14,15
21,4
20,9
17,7
28,16
10,18
40,14
30,14
37,12
42,20
36,20
0,21
49,23
8,23
50,7
17,29
48,3
11,15
26,3
32,26
4,22
31,8
48,9
38,2
12,18
12,8
35,27
42,27
33,19
26,19
50,14
47,18
46,17
4,5
30,30
45,8
35,8
5,14
32,12
46,17
44,27
45,8
23,22
22,22
32,16
36,8
46,2
44,21
34,1
2,2
49,30
22,17
5,8
14,11
29,23
6,13
33,4
18,29
35,22
0,15
16,1
29,9
50,13
38,8
24,25
37,24
48,17
49,22
50,19
19,1
20,21
43,30
40,28
13,25
7,2
42,21
16,22
11,3
0,14
9,8
2,23
14,15
11,14
24,14
36,6
18,9
50,28
47,29
22,29
6,22
50,13
15,1
0,4
8,26
0,2
49,5
42,10
5,21
32,6
20,10
42,14
28,1
39,4
42,3
41,6
13,13
18,5
20,29
7,2
3,4
42,13
28,19
7,11
39,15
7,15
29,22
3,26
16,11
11,18
1,14
11,2
22,8
34,10
16,23
33,17
25,6
39,18
42,21
38,24
6,21
44,16
5,21
47,22
22,8
12,2
34,22
20,30
4,14
13,25
1,14
0,26
25,10
18,2
13,15
33,27
8,15
0,29
1,27
6,15
4,9
28,13
41,28
1,9
17,9
17,12
2,13
34,3
41,11
27,25
1,17
32,14
2,3
28,26
43,26
17,15
49,27
23,5
45,18
12,27
22,3
22,12
29,12
41,16
35,6
36,19
31,17
9,27
15,3
4,18
45,1
27,22
44,22
30,3
25,28
33,20
28,29
0,21
2,10
14,26
1,17
45,16
48,1
47,13
34,2
9,19
4,24
36,15
43,28
25,13
13,24
31,15
13,10
43,29
13,8
35,1
24,13
11,13
24,23
14,23
27,18
8,26
32,19
22,3
3,20
46,27
34,4
33,9
50,23
3,18
12,27
10,21
24,20
6,1
44,6
3,29
21,3
6,20
27,6
11,8
18,12
34,19
1,27
31,18
8,25
38,17
10,15
7,13
43,19
17,3
20,3
37,13
8,16
22,20
16,8
32,15
7,30
29,8
36,5
27,6
42,19
6,25
1,22
36,21
41,17
12,13
14,30
46,14
26,13
24,30
9,2
7,19
45,1
45,12
34,4
6,24
36,6
13,4
23,25
35,20
13,19
20,9
17,15
47,16
17,6
33,12
1,14
21,6
21,19
36,4
31,23
6,30
39,8
27,19
24,16
20,17
30,2
0,29
29,8
50,30
9,25
33,16
13,21
26,21
15,8
13,8
30,10
47,30
42,24
30,30
0,11
45,14
30,16
6,23
11,5
33,12
7,9
47,3
0,11
23,5
16,23
20,19
45,14
7,10
12,5
32,28
1,12
17,4
21,26
22,12
17,6
2,11
43,13
32,19
28,6
11,13
47,12
3,6
14,17
5,15
43,11
21,3
8,22
30,23
21,8
11,12
17,21
4,25
7,13
20,5
0,7
27,23
48,29
47,29
12,28
15,22
16,1
26,22
5,27
17,14
38,9
1,30
31,19
21,28
34,4
2,5
19,9
30,2
25,13
4,29
17,20
25,30
47,13
19,2
42,24
21,7
43,11
2,7
24,29
21,21
5,16
31,30
41,19
9,7
41,2
50,30
49,19
14,8
21,22
39,18
14,14
2,4
18,30
27,13
30,28
50,14
5,21
33,16
14,3
13,6
42,6
32,13
18,24
40,14
30,9
14,22
17,2
27,30
32,21
27,21
6,14
41,15
39,24
39,1
4,29
31,12
47,10
29,26
37,12
26,4
37,25
10,8
32,22
19,9
27,4
45,22
39,22
38,8
36,5
11,9
46,17
39,13
2,24
11,13
25,4
4,25
35,11
46,21
2,23
27,30
45,28
8,19
3,19
29,21
29,9
13,17
47,4
37,18
38,7
8,26
10,14
12,23
7,20
16,19
4,19
45,17
50,16
43,29
25,25
19,14
46,2
22,20
35,18
39,23
42,14
28,17
46,11
39,3
4,7
24,15
19,4
23,16
18,28
37,27
13,9
31,6
43,25
39,25
41,18
22,3
18,30
24,12
37,30
18,2
35,23
27,19
4,5
6,10
18,11
9,7
29,28
45,22
14,29
34,29
0,21
0,11
13,6
36,5
5,6
0,13
20,20
39,4
11,8
39,16
13,29
24,30
34,4
22,19
16,8
45,25
1,28
31,7
36,11
33,5
49,15
2,30
46,8
48,14
24,6
29,3
20,8
21,27
50,29
0,1
6,10
14,12
14,9
7,26
1,6
25,14
16,9
12,8
22,13
16,14
8,27
28,3
44,10
4,27
21,1
9,7
37,15
14,5
33,21
0,29
47,30
35,7
17,29
44,11
44,24
29,3
49,9
27,23
41,28
26,15
43,9
5,3
38,13
7,7
37,24
24,29
38,2
5,24
28,15
50,6
5,23
4,19
45,5
26,25
30,9
17,21
50,5
2,26
34,4
35,28
26,17
37,6
20,12
14,3
7,15
12,10
6,13
15,28
27,1
42,7
49,21
19,23
49,27
46,22
47,30
41,23
15,15
46,29
24,29
14,11
42,5
23,3
34,23
20,12
16,1
10,2
28,11
16,26
31,5
24,2
29,20
5,7
41,11
31,23
19,22
50,4
4,26
5,24
20,16
15,18
33,22
28,14
19,12
41,29
4,25
34,29
47,28
25,27
38,29
43,4
4,8
22,20
34,16
39,21
29,23
29,11
1,6
46,3
11,16
31,19
10,11
11,11
37,17
42,9
36,29
10,6
20,16
19,22
44,5
37,3
17,5
2,7
33,10
11,18
35,30
37,9
5,27
47,14
6,30
30,13
7,12
40,26
20,8
35,4
0,4
16,3
22,14
46,12
48,8
4,7
38,14
5,2
41,8
3,13
9,23
9,3
26,1
4,9
35,4
46,5
5,7
16,25
44,28
26,16
28,27
34,23
20,4
33,18
49,30
41,1
43,2
14,17
4,23
24,12
35,9
46,1
37,1
33,22
44,4
28,13
1,6
32,22
12,25
24,18
3,21
32,22
6,3
22,23
25,14
48,2
29,3
17,25
24,2
9,24
28,21
15,17
30,19
4,24
27,28
46,30
25,16
35,11
17,7
37,17
48,21
45,3
45,4
41,18
44,4
28,17
2,10
3,6
5,23
50,30
21,3
46,23
9,18
47,1
37,13
7,20
20,11
1,8
26,28
12,6
14,12
40,5
27,3
6,6
23,15
12,12
39,8
35,11
39,16
10,4
14,10
29,18
24,21
45,16
47,14
35,2
5,22
34,27
36,30
16,15
4,19
4,24
44,15
36,28
14,2
49,10
21,25
4,9
12,20
11,16
35,28
47,16
19,2
49,23
23,6
23,30
39,18
20,22
30,26
19,18
37,22
1,24
18,7
10,23
19,29
5,27
0,20
5,17
7,3
2,19
7,17
21,14
20,22
10,16
13,1
46,27
41,4
33,11
19,4
45,12
42,22
2,3
2,30
42,15
25,27
17,2
48,7
45,17
7,30
9,7
12,1
11,2
38,27
40,2
36,18
33,28
32,1
17,13
16,4
1,18
33,27
7,17
7,9
16,21
32,12
25,28
45,10
17,9
45,5
30,27
37,13
37,6
16,9
42,22
7,17
0,17
20,26
31,17
36,29
18,8
26,28
36,27
44,7
45,25
22,10
6,18
18,24
34,7
35,22
29,27
8,12
23,19
17,2
45,14
20,30
39,1
24,28
9,29
23,6
36,18
9,28
20,18
25,3
42,27
36,14
27,8
32,30
29,4
1,2
20,25
49,18
29,28
40,17
17,24
11,21
25,5
28,26
19,15
33,27
26,8
38,27
17,22
29,18
19,19
0,6
36,1
26,2
44,21
11,10
0,24
44,29
27,9
16,11
45,28
23,2
16,26
11,17
3,13
45,22
45,21
4,23
40,4
21,30
49,11
49,15
2,16
30,11
4,10
50,23
33,27
35,15
40,14
41,17
42,4
33,13
18,3
9,21
39,11
7,24
1,20
22,18
12,15
4,25
39,30
26,7
42,16
3,27
2,2
46,7
48,5
1,11
41,12
24,15
14,9
2,3
3,28
14,23
16,17
28,12
37,6
41,17
32,14
12,24
7,17
5,21
5,5
40,3
6,13
46,17
14,7
41,19
47,24
25,6
50,15
44,27
36,19
11,8
37,21
29,3
2,16
25,4
10,1
39,26
24,16
46,21
36,15
42,30
42,13
40,5
37,8
50,24
21,13
6,6
31,30
31,23
32,10
39,3
15,6
30,7
45,7
39,29
30,17
18,27
50,22
45,23
1,14
37,19
19,9
23,11
19,13
40,12
14,2
2,11
11,22
50,21
18,8
29,24
18,16
38,2
42,19
25,18
6,8
46,13
21,29
1,20
28,18
17,22
47,27
40,9
37,9
22,19
43,18
6,22
14,29
30,7
28,30
27,11
37,22
12,20
10,8
3,7
48,24
35,14
39,2
29,11
46,4
12,4
32,10
47,8
45,30
41,30
13,2
6,19
20,25
30,4
7,21
11,27
49,20
6,30
34,26
24,11
37,20
28,15
33,23
22,6
25,10
15,16
24,17
21,15
13,21
50,8
39,29
30,11
11,28
14,14
27,25
9,18
22,27
45,18
31,5
5,16
0,4
4,21
21,25
48,25
32,7
20,15
3,1
36,25
46,5
8,29
50,22
7,5
22,7
3,13
26,21
7,24
22,4
1,28
3,6
1,19
20,19
50,27
28,23
14,12
45,24
30,19
38,2
21,4
38,11
42,1
17,8
29,16
48,20
1,9
2,5
48,30
38,7
47,2
29,28
39,19
47,25
40,10
16,3
35,7
15,24
9,19
47,2
35,28
36,4
44,19
2,5
28,26
24,4
9,16
15,25
29,10
39,13
22,3
28,14
46,17
15,2
14,15
2,8
15,29
16,26
4,8
3,2
10,5
18,13
19,3
15,13
38,15
42,21
2,11
37,18
29,20
34,19
0,5
36,29
29,14
28,23
14,20
24,17
14,15
18,2
23,7
50,7
43,13
45,13
28,26
26,13
1,2
20,20
15,7
33,7
36,26
13,6
17,11
18,25
19,16
33,17
22,21
43,18
29,29
9,10
36,8
23,18
14,20
35,12
20,21
18,2
25,1
28,6
41,15
17,9
25,25
43,19
30,9
0,19
48,5
47,15
26,27
19,15
35,29
11,15
20,4
38,9
34,7
13,15
23,29
44,24
21,4
20,29
6,7
48,23
46,2
10,22
32,9
25,30
27,2
5,23
28,24
9,1
0,1
16,21
46,21
9,14
18,21
24,18
50,18
30,9
16,12
7,20
13,9
9,9
0,16
0,9
11,9
48,5
0,1
26,10
45,18
13,14
37,4
9,28
6,2
24,14
7,19
15,12
42,11
13,14
8,8
0,5
29,16
24,17
8,23
31,5
45,27
43,12
40,18
22,8
18,3
26,13
46,24
39,6
32,1
15,13
3,26
30,7
47,2
12,5
37,27
8,3
47,16
12,26
24,19
47,2
7,9
15,4
16,7
12,22
30,30
27,20
11,25
34,21
2,19
8,3
38,2
0,28
27,5
25,24
50,26
5,29
49,30
3,24
13,10
32,13
44,22
18,8
30,19
31,18
37,2
16,24
0,25
31,14
49,4
45,15
27,24
3,3
23,17
13,24
29,11
12,12
33,22
18,23
22,21
13,20
41,13
43,14
10,7
23,20
24,18
18,25
41,14
1,15
3,28
48,6
35,22
27,14
49,19
11,27
6,13
35,3
39,23
39,13
22,19
44,27
5,6
19,28
49,5
45,8
48,25
34,1
4,2
19,6
46,4
13,10
42,11
37,10
30,5
39,5
43,18
10,28
36,7
50,21
25,18
41,13
26,19
10,29
16,1
34,2
25,9
33,15
39,5
21,28
21,11
44,11
4,7
33,5
18,24
34,30
45,2
33,5
34,8
38,15
0,25
22,29
34,26
24,8
18,8
42,24
16,4
50,8
6,27
34,22
26,5
34,14
47,25
4,8
48,28
29,30
27,11
43,3
41,25
38,7
23,5
10,8
38,9
23,13
5,29
9,28
2,18
2,21
10,6
39,10
1,21
46,5
26,21
18,19
12,14
7,20
15,13
42,28
11,30
41,7
2,2
29,19
16,21
21,10
5,25
22,17
46,18
5,9
13,3
44,13
16,8
44,1
11,8
37,27
45,9
1,4
46,22
23,20
12,2
31,7
18,18
19,11
16,29
7,4
24,24
32,5
12,16
0,21
33,7
15,12
5,7
34,8
10,26
33,15
35,10
49,20
18,11
3,26
39,8
36,9
36,25
28,24
50,12
3,10
38,15
39,25
11,13
19,29
18,16
4,11
46,25
10,30
41,20
43,6
3,28
23,23
37,19
23,26
28,7
19,29
43,7
39,12
40,17
50,18
20,2
13,11
44,26
46,26
12,17
14,17
6,21
4,8
42,13
8,24
26,25
27,3
13,28
5,13
13,23
39,3
4,5
34,21
1,13
2,4
5,9
14,22
18,19
35,23
21,25
4,29
41,23
22,1
32,1
21,9
43,23
17,1
18,15
32,3
46,5
45,7
47,13
32,23
47,18
44,18
39,10
10,10
41,20
24,16
8,30
33,11
3,17
0,26
30,12
34,4
14,22
2,8
31,26
5,13
22,17
23,14
42,30
40,5
38,4
37,11
23,26
20,22
28,20
35,26
2,29
32,29
6,11
6,6
26,24
20,28
14,22
11,27
46,23
12,3
3,21
20,26
37,20
35,16
1,24
1,3
22,2
25,28
23,11
44,21
24,5
41,10
12,18
34,3
12,23
5,28
38,23
21,10
31,13
22,4
45,7
48,4
2,3
25,28
29,28
10,21
19,21
1,19
17,23
18,17
26,12
36,7
23,1
35,12
38,5
20,24
21,15
5,30
47,12
23,19
30,8
20,3
1,12
21,18
6,1
44,23
20,26
21,10
5,20
20,8
48,23
48,5
49,16
2,5
14,18
10,26
47,3
50,2
43,11
43,22
21,11
46,10
6,19
6,8
20,22
23,8
26,25
2,22
16,10
25,26
29,2
8,7
11,26
15,10
35,26
5,25
9,17
43,17
26,18
32,18
49,13
15,10
8,18
4,4
15,12
35,12
19,27
40,24
43,25
16,15
46,28
18,4
21,24
21,7
28,19
27,12
37,16
21,2
39,19
24,5
9,18
30,15
27,6
5,23
40,5
43,11
44,30
19,1
23,13
40,2
11,8
30,28
49,11
7,28
35,19
36,8
14,18
47,22
5,1
33,16
21,16
10,26
34,29
22,24
8,8
32,15
27,2
17,1
37,4
33,30
8,4
8,10
24,2
10,6
19,22
28,20
39,6
49,20
43,27
13,29
48,15
23,9
2,11
31,18
18,28
25,8
48,9
36,20
14,14
19,29
30,28
44,23
11,17
50,30
19,21
11,25
19,22
5,10
16,16
37,14
48,6
0,11
16,7
16,14
10,27
11,4
48,16
25,25
7,2
33,30
39,6
21,25
10,2
36,1
38,16
48,22
33,8
18,19
30,18
41,23
40,25
16,27
37,22
28,13
11,25
21,24
46,18
28,26
38,27
23,25
1,14
13,16
20,29
21,26
34,5
9,2
22,27
44,1
46,12
32,26
25,14
36,16
26,9
24,9
4,17
23,10
47,9
43,15
27,8
39,26
35,29
45,19
1,20
36,5
45,6
8,17
29,28
4,2
21,4
47,27
34,5
44,7
44,30
40,23
22,26
27,10
8,20
6,27
19,19
25,25
8,18
42,5
11,23
50,16
49,9
29,5
6,8
21,14
41,22
31,25
41,21
48,18
9,15
23,7
16,14
39,14
37,10
38,30
11,20
29,30
31,17
39,30
43,23
19,23
35,21
6,1
32,14
19,9
16,16
44,5
10,13
45,15
46,20
30,29
31,17
26,25
13,20
2,26
49,8
38,9
37,21
0,2
29,20
28,18
38,6
39,3
18,4
44,6
0,6
28,20
5,25
46,20
10,16
40,23
3,22
14,2
47,30
15,13
50,29
48,28
26,1
0,13
21,15
20,18
5,14
41,1
9,6
1,15
39,15
15,6
45,22
15,26
7,6
46,11
1,7
19,13
27,16
12,20
40,5
33,8
32,13
34,8
27,30
25,26
32,9
33,5
4,25
44,22
12,11
21,9
49,21
9,1
33,27
7,4
32,9
31,9
30,7
45,29
46,23
15,14
46,15
50,11
38,1
18,20
38,10
42,7
8,23
38,2
0,19
31,28
30,15
47,3
14,3
46,24
5,13
47,25
39,25
42,26
21,25
13,2
7,23
40,26
15,3
16,14
26,24
20,19
10,3
26,24
46,30
11,12
2,24
49,27
17,11
32,9
21,27
28,29
15,26
19,8
39,23
23,13
12,21
29,11
8,10
32,26
43,21
29,3
32,3
32,10
48,14
23,10
42,27
24,21
45,25
40,11
34,5
1,14
7,3
46,27
5,27
10,2
37,24
37,24
14,5
5,15
21,8
42,2
24,26
0,8
39,11
49,12
29,5
43,4
42,27
36,13
38,3
48,19
16,22
21,20
16,21
23,30
2,20
18,18
2,15
15,29
49,26
31,4
6,9
34,23
26,24
48,3
41,1
46,21
3,20
34,13
45,9
37,26
16,10
27,26
1,25
28,10
17,20
41,19
12,23
31,22
8,25
6,26
22,9
45,16
40,5
39,27
38,19
49,15
46,24
44,23
22,21
42,30
31,12
50,19
43,9
24,7
31,14
17,28
3,4
27,17
39,20
32,7
38,25
16,16
19,6
27,28
26,10
35,20
28,9
7,24
13,21
36,28
47,30
0,4
45,10
30,5
5,6
45,4
19,14
29,11
5,26
46,13
48,5
29,13
16,14
17,19
13,2
31,2
42,7
45,29
41,2
32,5
11,28
46,22
21,5
11,4
16,30
11,10
9,15
9,2
10,6
43,18
31,16
38,24
19,28
38,20
4,24
46,1
6,20
6,22
5,29
50,14
27,10
40,28
22,14
4,17
5,24
38,15
18,27
30,29
46,30
36,2
42,28
48,25
15,2
40,4
14,8
9,25
45,3
29,7
48,23
31,25
24,22
6,4
21,27
45,14
48,12
42,7
41,22
4,30
39,13
29,6
48,15
18,22
30,4
8,2
11,8
36,21
44,20
25,25
5,3
28,13
10,8
33,14
42,10
19,14
41,25
36,2
17,18
41,2
47,12
6,24
18,16
9,15
16,14
31,29
1,2
31,29
46,17
15,2
44,3
37,6
48,12
37,15
40,3
48,28
23,16
49,7
9,20
5,23
5,9
38,8
4,16
27,17
11,13
17,7
30,29
40,18
28,13
17,7
40,2
41,15
37,29
47,13
22,12
42,28
13,14
42,23
6,23
26,3
19,18
47,19
18,4
32,30
27,2
25,1
13,29
24,16
50,20
14,20
0,11
25,4
16,13
50,22
31,23
23,1
24,9
1,7
32,1
20,2
22,30
39,11
40,1
33,5
28,21
37,26
9,3
30,9
42,11
7,15
43,28
9,24
37,19
39,12
43,9
26,2
12,4
12,3
37,3
33,3
1,6
30,6
37,25
33,2
2,17
12,25
41,29
18,12
26,4
19,11
22,21
22,13
16,16
22,26
35,1
18,1
15,10
0,9
12,4
45,6
45,15
15,9
10,9
46,26
44,24
