4,16
2,19
0,26
39,17
28,13
19,11
13,4
39,28
9,24
27,19
32,17
26,17
44,14
35,23
23,29
48,11
38,10
10,27
28,26
22,17
17,13
3,25
26,29
39,9
29,21
48,28
0,18
18,8
31,2
10,29
16,7
35,29
28,26
40,28
2,12
47,28
50,26
29,5
3,21
36,5
0,18
35,13
23,29
19,23
28,16
3,29
32,3
39,15
40,3
17,3
40,20
18,7
3,24
42,30
49,17
10,17
42,30
25,27
3,27
17,6
8,8
9,10
42,21
46,1
13,11
29,24
50,18
11,2
7,11
18,22
32,4
30,6
42,1
22,28
3,14
42,21
37,6
3,26
44,18
4,11
39,15
38,17
37,13
8,10
48,26
15,28
41,5
33,7
15,19
19,26
6,11
29,29
17,6
34,28
13,13
12,20
46,27
10,24
35,16
27,30
0,5
29,30
45,17
9,12
38,15
26,8
0,28
12,2
8,23
7,30
45,18
8,2
3,9
37,23
28,18
29,14
15,10
1,30
10,16
4,19
2,22
49,4
1,6
12,14
17,3
44,5
12,22
24,23
40,12
43,13
39,4
24,8
26,4
43,10
39,10
29,28
40,27
25,16
34,18
16,20
15,1
29,16
47,11
8,3
9,26
43,14
34,18
27,14
42,26
38,25
29,30
48,16
42,2
16,6
46,9
33,8
15,16
30,18
19,25
29,29
20,20
43,27
17,1
37,27
3,15
8,23
43,27
8,20
30,29
39,29
19,11
42,19
46,16
16,12
8,16
10,27
32,1
11,18
15,18
34,19
14,23
42,30
26,14
19,3
31,25
18,18
26,24
0,30
25,28
17,19
50,2
24,15
2,16
7,14
24,25
44,27
46,22
43,13
29,8
11,28
38,29
28,14
36,18
11,22
34,30
39,12
24,20
24,26
28,3
41,14
32,3
8,12
29,11
1,16
46,1
3,16
10,28
39,5
5,3
14,16
10,30
36,21
25,17
12,12
9,18
42,23
43,25
13,1
45,1
23,11
36,1
30,9
41,1
43,13
40,11
33,13
3,14
29,1
18,12
19,4
29,12
21,6
16,2
11,12
32,21
34,26
46,11
3,1
50,19
48,29
25,9
6,14
15,21
22,30
45,19
14,17
23,20
20,10
3,19
12,22
3,5
26,8
19,23
6,30
6,22
19,11
25,26
32,26
46,24
15,15
26,2
26,2
26,5
35,17
17,19
41,25
38,16
4,23
6,12
40,8
5,17
11,18
48,4
42,25
41,18
14,20
7,16
11,28
34,6
48,26
19,28
50,11
42,20
17,23
12,19
30,3
12,27
9,17
25,9
36,15
8,29
40,12
27,9
6,8
49,2
22,24
48,26
36,22
47,11
24,28
48,26
33,7
15,11
38,12
15,4
6,8
4,29
0,1
35,16
21,30
48,24
33,7
42,1
27,1
29,10
3,14
20,5
32,1
3,24
46,23
13,12
49,3
48,8
3,16
0,17
47,22
18,16
34,23
26,19
33,29
49,5
28,29
17,9
48,10
28,22
37,30
28,14
21,27
39,22
8,19
12,16
46,28
27,27
6,13
43,15
24,28
31,18
38,18
50,19
37,30
7,13
8,6
48,29
32,11
19,4
5,15
33,5
1,1
28,27
42,27
2,9
34,14
19,6
29,23
47,17
37,20
17,9
11,15
28,15
48,6
37,3
26,22
22,2
33,25
44,19
22,23
1,12
10,27
30,23
19,12
0,23
31,22
3,22
9,23
43,17
6,12
0,15
39,4
17,28
27,6
22,29
16,21
44,6
45,28
39,17
33,5
25,5
15,15
30,24
0,16
17,10
11,2
13,27
24,1
25,5
22,1
30,15
38,20
6,4
29,7
37,8
45,28
17,24
49,29
39,20
48,5
13,4
38,25
46,22
47,17
29,5
30,24
7,20
27,16
12,13
41,6
0,23
10,17
4,25
40,14
35,22
18,4
15,12
13,14
25,22
3,8
44,25
29,25
36,1
49,22
29,19
28,19
15,5
15,19
7,14
8,27
24,24
18,23
33,2
17,2
9,2
41,13
50,19
45,29
3,13
14,5
20,26
5,21
22,9
33,4
8,17
6,26
19,18
2,20
4,15
4,27
9,8
18,22
26,22
1,9
15,25
40,9
8,23
43,9
24,6
36,12
9,25
17,22
33,1
14,18
32,4
11,17
38,29
22,7
29,5
9,18
28,28
43,15
45,14
15,8
36,20
16,12
28,20
27,8
2,18
20,25
17,23
48,12
19,20
34,11
10,9
26,2
6,8
7,24
26,12
40,4
16,24
43,6
13,25
2,29
21,2
48,16
17,17
26,29
45,9
0,9
3,11
31,13
27,14
28,28
2,30
26,29
1,3
27,24
9,14
14,24
8,20
12,9
41,13
1,15
37,6
39,22
2,7
19,25
5,12
44,15
12,15
39,8
33,2
26,20
14,24
30,20
43,15
24,20
46,21
3,11
36,1
34,22
32,20
26,19
5,19
31,15
22,22
32,15
30,15
45,4
47,11
23,8
9,22
31,20
11,24
1,30
36,20
18,2
14,16
13,11
33,9
44,19
35,11
44,21
22,24
39,16
11,30
24,30
5,30
2,29
20,12
41,9
31,7
43,2
16,6
2,30
16,5
25,10
44,25
29,17
24,18
33,12
38,6
8,18
11,24
11,15
36,22
5,5
8,19
21,13
50,3
7,15
33,8
25,4
4,29
42,16
31,16
38,26
12,25
25,2
20,3
8,20
23,29
49,27
23,2
0,24
14,16
11,18
12,12
30,9
47,30
10,9
2,30
25,24
0,16
8,25
50,2
42,2
2,8
24,2
32,17
30,2
47,27
31,24
32,20
12,5
14,11
41,21
1,1
16,16
49,7
45,9
30,14
18,23
9,25
29,6
10,15
48,13
30,6
47,11
24,27
28,3
21,1
32,7
1,3
36,16
34,10
36,12
0,30
14,14
4,10
1,23
11,17
4,8
25,14
8,2
4,5
14,26
42,3
3,18
47,9
30,27
4,5
31,21
34,14
34,23
48,29
50,24
36,28
44,12
37,16
42,16
42,11
15,25
24,26
8,25
8,16
2,15
46,18
41,18
46,20
50,30
30,14
50,3
24,16
2,2
42,10
36,7
50,3
22,14
11,10
50,1
21,24
3,13
45,8
33,8
26,1
0,4
11,27
11,19
12,22
14,26
10,18
17,19
41,26
40,27
5,21
14,11
10,5
21,19
25,3
35,12
13,9
11,18
31,8
2,7
5,2
38,13
40,26
36,18
32,9
8,6
14,19
20,29
11,7
43,28
35,27
15,5
10,23
29,2
6,19
28,14
34,5
39,11
17,14
9,15
32,24
48,3
30,3
30,2
30,6
48,2
5,20
36,13
45,3
9,16
40,1
18,28
40,5
32,4
45,9
35,10
14,21
12,16
2,10
9,23
20,14
26,14
5,22
49,9
25,15
18,26
19,13
32,8
11,3
27,24
47,14
2,10
31,2
43,30
10,27
39,1
35,13
44,19
3,15
48,30
17,25
38,6
25,5
24,26
35,22
41,7
19,27
12,9
5,23
35,7
20,2
23,15
8,24
20,8
37,20
35,13
6,26
9,15
42,20
9,11
16,6
8,16
17,25
29,11
5,3
10,1
15,23
42,28
22,15
12,25
33,1
9,6
20,5
33,28
34,30
48,2
0,5
9,8
5,16
8,11
42,22
12,14
18,6
40,5
20,24
18,16
43,29
5,14
18,20
38,28
14,16
48,23
22,8
49,8
17,29
29,14
32,21
19,27
4,26
3,12
46,11
11,25
26,25
40,5
15,25
44,30
0,24
19,19
2,8
24,28
19,1
50,2
6,5
23,13
49,2
11,18
47,17
35,1
7,24
42,14
49,13
47,29
16,27
30,10
47,26
19,12
38,5
4,24
25,14
17,27
22,22
31,16
8,17
34,27
45,29
19,5
4,9
6,6
34,8
26,16
8,28
21,11
43,18
9,29
47,28
13,20
8,1
11,6
45,8
7,8
35,14
0,4
38,7
34,17
7,26
44,26
6,21
41,14
43,6
0,12
50,19
35,16
23,17
12,18
43,10
17,10
40,10
9,25
8,9
49,28
26,20
8,4
12,16
35,18
46,18
0,26
6,1
5,22
0,22
18,23
15,23
42,11
48,3
35,16
34,26
32,5
10,18
37,1
12,28
18,17
8,7
15,27
37,9
36,4
15,26
22,12
16,6
13,17
22,29
35,6
3,13
15,16
28,18
13,29
31,22
9,8
29,5
50,24
22,26
12,3
27,19
12,24
15,6
12,24
40,28
26,20
41,24
16,4
16,9
3,1
5,16
9,28
43,12
49,7
45,8
7,11
5,20
18,15
3,8
22,7
31,26
42,26
17,18
35,11
16,8
50,22
12,6
42,22
41,9
20,26
48,27
34,20
33,18
38,13
46,28
43,4
21,6
17,4
0,13
0,27
17,21
34,6
10,18
35,30
14,25
28,30
0,22
13,12
28,18
6,16
43,17
24,27
13,15
46,30
36,26
20,18
21,28
16,6
44,10
8,6
26,27
21,29
6,26
6,20
39,23
42,26
30,18
33,11
7,11
12,17
47,21
28,25
18,12
12,28
23,2
50,26
5,27
48,17
24,29
11,5
3,9
35,17
50,15
40,24
9,30
9,21
39,4
50,21
20,16
50,28
2,24
3,27
8,17
15,23
8,9
32,20
0,14
29,16
39,17
20,12
36,20
48,18
47,12
20,12
31,8
37,25
26,15
27,30
48,20
45,12
27,3
26,26
11,29
42,26
6,24
26,19
30,21
0,28
45,27
50,18
12,22
46,20
21,8
28,26
42,27
25,29
2,18
35,28
49,21
7,23
7,1
36,29
3,30
17,20
12,25
35,16
24,12
13,12
22,8
22,23
3,17
44,24
26,27
39,21
15,22
26,30
3,25
31,19
49,23
2,12
7,15
18,13
33,7
29,1
31,17
21,21
11,8
40,9
13,3
38,27
37,17
34,17
20,29
6,6
32,12
15,9
21,6
25,1
42,11
9,1
41,16
33,19
37,2
18,13
35,16
2,29
5,4
2,21
6,23
40,16
4,20
49,24
44,30
2,3
39,13
19,11
15,23
44,22
10,5
41,22
13,1
13,28
25,12
44,5
12,27
13,19
32,28
19,6
36,11
4,13
21,23
25,8
21,23
36,8
38,1
16,27
17,9
26,10
45,16
7,14
5,12
12,1
45,23
12,14
50,12
19,20
26,11
22,19
12,21
9,4
1,25
44,16
37,11
6,16
20,11
34,11
15,26
16,5
23,5
0,3
41,1
23,27
7,17
26,3
30,25
6,28
26,3
45,23
3,9
30,5
31,20
25,10
21,16
35,11
41,11
27,21
24,3
43,11
32,14
25,16
43,9
34,10
30,23
10,15
22,22
45,29
31,11
7,13
13,7
7,15
30,4
19,13
8,9
5,15
23,7
30,29
24,7
26,1
32,16
45,11
0,22
24,22
4,27
44,27
13,5
15,21
32,10
17,13
23,23
4,5
22,15
45,1
12,7
9,12
14,7
19,6
3,7
2,19
48,18
30,12
2,6
30,25
16,14
13,17
28,26
36,25
26,22
41,10
1,21
19,20
5,5
48,26
49,26
36,19
23,18
2,3
17,3
36,4
13,11
37,1
46,4
32,25
49,24
18,25
15,26
5,9
31,8
13,28
48,16
11,2
19,2
29,13
12,9
22,13
6,2
34,16
15,10
16,12
1,4
16,12
25,30
13,2
16,5
19,7
8,25
0,16
12,18
11,18
19,29
35,30
21,13
41,13
18,20
16,7
15,5
28,4
2,3
3,16
2,6
10,16
9,10
47,11
37,20
10,30
34,1
10,4
39,2
14,10
13,8
7,2
2,6
38,14
25,11
20,25
23,11
26,1
20,12
31,26
18,24
42,18
5,17
34,9
13,19
18,4
9,28
31,11
12,25
42,22
16,29
40,25
18,5
12,30
43,13
7,21
46,9
24,17
11,20
44,15
37,9
5,5
37,22
49,16
43,20
33,19
21,29
23,13
14,27
23,23
7,6
49,20
21,8
27,14
36,5
34,8
24,18
17,14
36,11
11,30
18,6
26,3
6,21
43,3
50,8
32,16
21,3
7,24
50,1
12,3
31,24
3,8
35,22
33,21
3,7
25,1
33,10
9,27
10,22
17,20
34,9
9,14
1,11
48,21
1,22
17,11
19,4
37,6
24,15
21,28
36,25
43,19
32,26
36,8
21,12
41,2
14,28
14,25
40,1
48,3
2,27
2,19
35,8
4,9
42,19
0,4
42,20
36,25
49,15
31,21
38,15
4,22
23,18
46,23
45,5
26,15
9,4
45,8
41,15
26,26
42,10
31,29
12,25
43,28
8,23
33,11
7,24
25,4
9,27
3,7
2,28
50,6
35,2
42,12
18,17
27,9
41,6
44,28
37,24
16,21
11,2
34,22
22,8
10,19
7,17
34,18
22,3
41,5
19,20
13,7
17,2
10,11
34,10
23,9
38,5
21,30
28,23
35,21
16,25
4,15
47,23
5,9
49,9
39,10
29,4
9,8
22,2
12,28
10,19
13,14
15,16
16,15
41,10
15,7
7,10
50,19
41,8
47,2
25,8
19,8
1,7
15,1
40,7
47,27
0,17
13,10
32,16
48,29
2,4
41,14
14,28
23,10
20,2
35,6
42,29
25,10
14,14
14,24
3,3
30,2
9,15
40,3
8,1
39,11
35,5
31,26
30,12
27,22
29,2
12,5
2,5
39,27
17,24
50,24
0,5
9,19
25,11
20,23
42,15
28,28
26,25
6,16
18,9
11,8
36,22
38,10
31,12
12,11
0,29
4,18
46,18
33,23
21,6
29,25
12,19
48,10
3,30
17,25
23,26
3,29
15,30
16,9
22,26
10,23
40,14
49,18
43,20
5,30
37,11
15,17
41,28
7,15
18,13
20,14
29,1
5,9
16,13
26,17
11,27
31,17
24,28
39,14
43,19
31,25
34,23
1,17
32,8
16,4
39,13
45,16
22,4
9,17
30,15
32,23
3,18
46,3
18,29
39,16
40,17
43,6
50,19
24,19
11,24
35,4
20,30
8,13
48,5
28,21
50,8
18,26
0,16
25,27
45,3
6,8
48,12
37,16
8,12
26,29
48,7
35,20
3,5
12,9
7,28
27,28
2,27
36,10
32,14
11,7
39,25
35,17
14,28
17,2
4,22
18,3
33,7
41,1
3,4
46,27
42,8
40,28
18,27
7,27
8,14
23,26
7,7
22,28
37,7
3,3
34,2
6,6
13,7
12,23
34,17
26,1
20,1
49,17
19,7
20,17
43,26
42,12
38,11
9,8
8,30
5,3
24,10
30,5
18,4
9,14
14,10
45,14
30,20
23,14
30,15
46,23
3,5
23,19
19,22
25,16
24,1
12,28
46,2
8,16
2,10
31,29
41,12
0,11
20,28
9,18
27,11
29,25
15,2
42,12
29,23
12,11
29,6
42,16
13,16
35,9
31,28
11,18
7,2
25,11
19,22
0,27
41,5
41,20
34,18
30,4
19,17
15,9
15,14
12,10
15,15
10,12
14,10
29,16
43,7
2,5
9,7
6,27
4,12
7,29
31,15
8,22
42,16
31,12
29,13
27,20
28,14
43,26
28,1
2,20
46,20
29,1
28,4
50,9
25,19
42,21
17,18
9,18
10,26
24,20
3,11
40,9
45,25
46,14
20,9
44,24
44,30
34,4
5,21
43,25
16,17
0,1
32,16
17,11
34,2
44,6
45,21
24,13
45,5
11,23
14,30
3,20
2,22
17,3
37,9
29,26
23,7
25,20
22,14
42,5
47,3
3,13
7,16
15,23
48,7
38,3
25,3
38,5
38,22
41,28
6,20
22,8
9,20
44,24
31,10
20,25
30,1
48,10
0,9
45,8
7,29
33,13
33,10
40,14
12,3
29,14
50,10
11,11
38,10
45,29
22,7
41,25
47,29
9,8
0,11
32,22
0,1
36,7
14,6
37,9
43,2
11,15
23,23
30,23
28,11
9,7
46,13
6,16
23,1
48,4
30,22
2,29
8,14
28,21
19,5
10,3
0,19
20,5
45,5
42,11
34,30
10,17
31,28
20,10
17,23
15,18
38,28
10,6
45,10
12,20
4,19
28,1
33,21
22,20
7,22
46,8
43,8
19,17
14,2
30,24
3,8
8,24
5,24
15,18
50,19
45,9
36,7
44,4
43,3
49,8
49,10
6,9
11,18
25,9
4,3
2,11
15,27
37,21
49,12
8,9
44,25
12,9
6,17
34,12
26,5
36,15
17,16
37,15
34,7
17,21
29,16
39,18
37,11
39,3
28,5
18,6
14,14
42,1
11,18
27,10
30,11
1,14
9,28
14,16
36,17
18,22
40,25
34,18
33,5
21,26
37,23
20,4
17,12
30,27
6,29
25,8
14,11
4,7
12,25
3,25
15,29
6,20
28,8
8,18
34,29
39,3
7,6
36,25
13,3
13,15
7,9
36,28
12,17
49,6
28,22
4,10
50,18
3,5
16,7
45,30
0,6
40,7
50,25
9,4
13,24
34,15
15,15
17,30
17,24
34,5
37,28
27,6
21,25
7,1
48,2
26,3
12,28
13,24
44,5
42,6
11,10
37,18
45,10
40,29
49,19
19,10
30,18
24,6
8,21
38,5
6,5
1,4
37,16
19,10
26,24
10,23
43,12
14,14
1,1
26,28
34,8
34,3
39,14
30,10
27,16
44,14
18,19
21,16
36,11
41,23
22,26
13,8
18,30
46,30
49,18
27,22
3,26
34,29
21,30
19,5
24,21
13,2
18,1
35,21
1,16
43,29
49,10
39,25
3,2
17,30
4,30
31,30
35,13
37,7
19,25
29,21
35,27
23,4
19,20
33,11
43,18
11,2
0,23
49,22
3,23
11,19
7,1
5,12
42,6
8,7
26,29
25,5
20,22
16,30
16,5
20,10
17,20
37,25
23,5
8,14
4,25
39,20
7,14
18,7
12,14
3,18
23,29
25,4
33,14
32,8
18,10
14,8
19,27
27,26
14,27
20,26
44,22
8,25
39,12
39,26
13,5
4,30
28,18
36,4
50,8
21,26
20,30
30,29
21,28
48,9
24,1
24,28
28,29
36,26
46,14
7,6
10,10
16,16
29,7
11,19
14,17
23,25
0,12
2,10
0,9
1,15
1,25
16,8
30,13
36,29
40,16
39,23
48,11
25,18
35,20
21,27
9,3
2,21
42,24
6,20
46,6
31,3
50,19
10,2
21,8
15,25
41,29
43,14
11,13
32,6
48,25
19,24
15,15
6,26
35,18
36,22
28,25
44,3
23,29
46,21
50,9
36,12
4,6
21,29
33,10
10,29
35,9
8,28
35,28
9,22
7,3
44,5
12,29
20,29
7,26
1,1
1,24
15,4
31,30
6,17
12,14
6,22
19,8
43,25
6,16
19,20
47,10
22,9
9,10
39,26
37,19
31,20
3,21
46,30
32,10
21,14
31,6
22,6
19,15
50,24
4,4
34,2
22,24
28,9
41,15
0,19
9,13
15,18
38,19
0,11
0,11
3,12
36,12
31,22
41,12
45,2
49,23
39,4
26,18
33,22
27,26
48,12
30,9
34,26
17,16
14,15
20,5
7,5
44,4
50,15
35,7
37,15
48,18
47,19
10,22
25,16
8,14
39,30
15,9
47,11
6,14
38,9
1,29
0,19
34,1
11,29
21,7
2,17
9,5
17,15
37,24
31,1
24,11
4,6
40,30
23,7
0,15
6,18
2,3
20,2
22,12
38,17
46,14
38,25
44,9
48,29
3,1
45,10
1,17
19,16
12,20
21,2
16,27
6,27
16,3
19,10
33,13
50,24
40,20
1,18
17,6
13,5
24,2
13,11
27,6
22,5
23,26
22,3
17,1
38,24
25,19
38,8
5,24
35,21
4,14
45,27
16,18
29,20
12,4
14,22
27,29
33,29
19,29
45,28
46,26
13,17
46,30
5,24
21,29
14,30
9,8
27,11
23,20
27,23
33,28
39,7
50,28
25,26
47,9
8,13
1,27
38,13
46,16
15,23
11,22
21,16
26,28
32,10
3,11
23,21
15,29
33,5
36,3
49,23
37,29
10,5
43,7
15,24
7,16
48,22
24,6
33,5
11,13
7,15
29,14
37,10
20,9
43,11
26,27
49,29
4,28
32,21
46,13
41,24
4,4
27,30
0,25
23,2
13,10
48,27
44,30
40,13
33,8
17,9
49,18
3,14
13,4
0,13
31,22
44,4
32,24
9,30
44,23
34,8
18,12
34,7
10,9
17,2
23,27
13,27
2,9
31,16
6,5
12,16
23,7
34,5
9,17
7,21
31,21
16,18
46,19
23,11
17,10
43,15
37,9
29,26
18,12
3,26
41,23
34,8
2,10
14,24
49,12
33,28
5,13
26,10
41,7
4,18
27,8
29,24
14,8
22,8
47,6
22,26
29,19
10,9
33,30
29,14
37,27
29,5
50,5
44,4
34,20
26,1
20,18
38,24
48,28
34,2
45,27
43,7
26,28
13,28
16,6
17,19
36,20
27,8
17,30
6,20
33,23
42,6
18,12
41,23
7,21
7,3
18,4
48,28
45,1
34,24
43,29
25,12
26,17
21,12
37,18
35,19
23,16
12,22
9,18
32,21
11,29
48,1
8,3
30,2
2,27
29,29
28,2
39,6
21,25
5,22
37,30
27,17
19,27
4,6
48,14
19,18
0,9
16,24
22,2
22,3
3,24
25,16
46,29
32,10
34,10
40,25
40,23
27,21
1,17
33,9
9,5
37,22
30,23
37,19
34,7
32,12
11,17
0,3
45,7
40,17
23,10
50,25
24,8
10,9
50,10
40,27
25,2
30,28
31,4
29,16
11,27
19,10
9,20
27,16
41,15
16,26
9,23
21,18
47,2
0,21
6,22
44,21
18,16
29,2
44,22
39,10
39,14
2,17
33,24
41,29
39,14
0,17
8,2
47,22
28,9
1,21
48,2
0,9
16,24
17,23
44,20
13,4
45,19
50,8
38,30
24,30
3,18
33,4
32,23
43,25
38,26
35,6
22,15
44,24
34,21
38,2
18,30
15,27
31,6
11,23
29,27
2,27
0,23
25,24
6,14
30,25
41,9
33,7
49,27
41,2
37,17
7,30
7,14
48,10
24,8
6,17
18,28
47,2
20,24
35,11
5,2
44,20
26,26
39,16
48,12
11,12
36,15
34,13
6,4
11,7
10,4
1,28
40,19
6,5
24,5
43,18
44,25
3,26
10,5
23,21
30,16
47,26
1,19
50,8
50,24
40,25
36,5
30,30
20,13
47,15
33,18
27,14
10,8
11,27
19,7
42,14
24,21
48,10
48,3
39,29
30,30
28,26
30,14
50,2
31,4
17,11
8,28
45,2
6,23
16,15
21,23
45,30
39,1
11,1
0,29
39,2
37,13
46,8
36,24
49,6
19,14
6,14
20,7
24,1
39,8
39,6
42,14
4,6
11,20
8,9
28,21
13,3
5,8
50,21
23,25
7,1
34,23
37,24
50,6
33,23
10,9
21,26
32,25
34,22
48,1
24,21
22,6
43,16
25,18
3,23
35,11
28,14
29,23
21,6
35,21
43,24
0,29
49,5
1,16
6,26
35,4
45,11
49,27
38,13
42,3
38,11
34,20
0,23
46,5
16,4
10,29
43,9
14,1
2,19
41,5
11,14
19,15
34,1
21,21
45,19
32,28
16,17
16,4
40,5
42,23
10,29
47,30
16,22
47,2
48,19
23,11
4,21
24,6
42,18
45,18
30,12
16,15
36,21
27,16
35,17
42,13
26,6
29,21
27,23
8,27
1,7
4,8
31,8
50,19
50,9
1,14
40,24
31,5
44,5
30,30
20,26
20,12
12,17
19,29
4,20
12,2
29,19
38,13
42,15
7,3
32,8
38,29
45,4
12,23
27,7
3,30
45,1
9,13
47,9
17,20
18,8
0,5
17,11
30,18
24,4
19,4
48,1
36,7
41,27
23,28
31,6
22,25
27,12
6,16
46,15
39,22
10,9
39,3
50,24
50,13
36,13
3,20
50,25
11,7
11,12
42,19
26,24
44,19
47,11
23,6
1,5
9,12
7,17
5,8
42,23
17,19
13,11
18,8
12,26
26,14
8,11
4,5
22,20
2,29
25,23
40,25
39,6
7,20
36,22
24,2
9,11
40,14
41,14
39,15
3,15
50,24
29,21
34,29
23,19
0,20
28,13
2,27
18,13
26,14
47,17
44,9
40,15
41,13
13,2
34,4
48,28
26,3
4,25
6,27
2,18
15,7
41,25
47,15
6,30
29,22
39,12
33,12
3,20
1,21
15,27
21,21
1,30
30,21
28,16
17,21
41,20
45,22
45,4
12,22
39,26
19,15
26,30
4,22
24,9
0,12
39,10
11,18
39,15
32,1
41,13
42,3
15,17
23,20
49,24
17,1
40,21
50,9
26,3
2,18
26,9
41,19
17,5
37,28
41,8
23,21
50,14
36,30
31,6
17,7
11,28
37,21
38,6
27,9
40,19
30,19
49,20
13,19
45,10
20,10
25,8
32,21
19,19
7,16
24,19
32,7
12,8
35,20
13,2
16,24
32,1
22,20
6,30
15,24
17,16
7,22
21,8
6,9
2,6
25,25
16,5
24,6
27,14
47,2
29,10
38,8
32,5
14,20
50,23
43,3
46,6
39,9
25,26
9,2
43,18
40,23
10,25
41,13
28,5
40,12
6,16
34,10
16,21
33,2
33,6
41,6
16,4
44,7
20,14
25,5
12,2
28,23
50,15
5,24
19,6
44,1
11,28
30,14
13,6
37,30
30,27
45,12
16,30
22,15
12,23
46,30
37,13
22,13
22,4
19,4
19,4
9,21
34,9
2,13
26,5
50,10
43,17
37,8
34,30
29,15
31,23
22,6
27,20
5,17
8,29
36,17
15,15
22,22
2,29
23,5
22,1
13,23
24,10
6,1
42,14
39,18
12,24
29,21
23,27
9,14
35,12
3,19
20,12
33,26
9,24
36,11
8,28
15,18
15,27
18,11
13,2
42,10
18,26
23,13
24,15
14,23
10,6
32,5
46,5
33,1
34,17
21,24
3,5
48,9
27,28
28,18
25,14
30,6
26,16
23,9
46,23
34,1
35,29
13,26
3,21
24,16
35,11
21,8
18,7
13,10
40,15
38,24
47,14
13,17
39,18
42,7
9,29
40,25
42,6
7,29
38,12
47,28
29,13
30,3
5,10
35,12
35,20
47,6
11,26
50,5
2,8
0,19
47,22
49,30
48,10
14,6
32,10
32,14
34,27
25,6
32,15
47,12
13,9
40,8
10,29
4,19
22,5
6,6
37,30
12,10
23,22
36,20
41,6
41,18
43,27
45,15
4,15
41,19
30,8
10,10
30,15
20,13
50,10
16,17
42,30
47,15
20,28
1,20
40,8
29,14
31,7
36,4
0,21
27,14
29,28
41,5
12,18
20,23
31,23
15,7
38,11
41,27
39,24
27,19
49,30
48,1
41,11
48,13
32,25
36,1
47,2
15,13
39,17
18,30
28,17
2,24
15,13
13,14
42,11
37,27
24,24
43,7
43,12
15,5
49,29
14,30
46,3
34,14
23,13
47,27
14,26
0,23
10,29
38,15
43,15
44,5
36,4
25,29
26,2
38,23
22,10
6,11
24,17
24,12
6,7
19,28
3,4
7,4
32,15
11,17
38,29
0,21
4,6
34,5
7,13
7,24
43,9
8,20
21,20
32,8
36,1
35,6
47,30
28,20
22,16
12,22
18,3
33,12
33,17
38,17
49,26
0,25
26,11
9,1
41,6
17,22
31,15
26,18
48,19
38,4
48,21
21,18
39,2
40,22
24,30
37,18
43,4
50,18
28,15
50,29
30,4
10,20
35,23
27,28
31,30
24,3
41,18
42,18
6,17
5,21
11,18
33,30
31,19
43,6
27,25
11,18
30,2
11,9
9,13
48,11
30,24
27,24
2,9
37,20
24,14
5,29
18,25
49,13
49,30
28,28
18,18
5,8
8,3
33,7
25,22
39,20
29,8
41,8
10,16
11,1
38,11
26,22
13,28
9,19
21,19
38,25
44,12
27,9
39,24
50,3
6,6
28,20
35,14
33,15
6,7
37,9
37,25
45,10
27,29
2,7
3,26
27,17
6,28
42,12
38,28
19,10
38,1
38,19
40,3
36,10
29,27
26,1
37,29
41,4
13,8
28,11
3,2
33,7
35,17
9,2
16,28
6,21
47,3
15,18
47,10
39,6
8,8
22,9
13,26
24,26
31,26
35,16
40,15
9,10
30,30
34,15
16,23
12,26
21,23
37,30
49,9
30,18
14,28
0,30
34,7
36,7
34,10
3,4
42,27
20,3
36,20
6,7
33,20
25,1
15,10
23,9
1,4
49,6
42,5
28,4
32,17
40,18
38,1
29,8
27,6
2,19
15,1
50,21
32,23
22,22
47,15
5,8
6,3
30,26
44,20
36,12
48,4
7,7
18,3
34,27
29,4
46,12
14,10
44,10
45,6
25,2
16,8
22,10
33,17
18,1
3,7
2,14
26,29
26,14
23,26
33,11
6,10
16,16
8,13
32,3
28,7
34,8
7,9
19,25
21,12
23,30
15,30
24,2
11,23
37,3
49,11
47,24
47,25
43,10
12,27
28,6
44,29
16,14
28,7
29,30
5,7
33,10
27,26
26,3
18,15
24,14
24,15
49,17
15,7
45,24
37,11
10,2
21,13
1,7
1,7
20,21
16,17
17,7
16,9
13,17
6,11
48,8
18,16
15,12
13,5
38,29
4,18
42,25
16,20
48,10
20,1
33,10
0,10
35,14
40,16
36,19
1,9
24,20
45,30
16,15
33,6
12,16
16,9
22,20
45,16
42,16
5,26
50,12
38,28
30,1
35,3
41,8
48,19
47,16
15,19
13,14
50,5
47,4
50,12
22,6
50,6
28,29
7,30
27,21
13,14
45,18
5,26
15,2
50,5
8,24
2,12
46,5
36,7
30,27
10,2
30,11
20,22
2,25
34,4
18,5
45,20
33,5
46,12
26,9
19,25
27,13
12,23
16,16
38,27
28,1
44,17
8,25
20,13
29,1
34,19
33,25
39,9
18,10
10,18
39,17
39,6
22,23
5,19
15,8
6,22
12,19
7,27
24,14
29,21
9,15
23,9
47,21
45,30
38,22
12,28
36,2
30,13
15,6
18,19
2,13
0,19
23,1
29,29
32,10
37,1
5,10
31,4
45,1
49,10
50,21
2,29
26,10
15,19
18,19
6,29
8,24
21,28
25,21
29,7
12,7
14,14
5,4
35,19
0,6
32,9
43,17
32,11
17,20
47,26
24,10
10,26
30,3
26,23
25,27
0,18
9,15
34,27
25,2
11,18
4,6
47,24
19,27
36,3
50,3
5,29
26,9
0,10
21,9
29,20
38,12
31,29
11,18
2,30
9,30
46,22
0,9
43,14
37,27
13,25
38,8
14,6
39,29
23,9
17,30
23,2
33,10
24,13
6,27
4,3
31,13
7,20
24,14
17,23
9,6
15,2
20,18
39,17
35,15
12,18
38,26
22,16
31,6
33,14
30,21
11,15
21,7
48,19
27,16
10,6
13,20
45,5
2,18
10,15
43,19
32,1
11,12
22,12
20,16
29,5
15,17
39,24
31,21
37,22
35,26
6,13
7,5
31,16
49,14
31,19
30,4
49,30
29,11
46,6
26,9
48,15
19,2
30,9
37,1
50,5
25,7
33,28
33,7
4,17
24,16
2,18
24,21
21,30
42,9
0,21
12,21
9,10
23,10
44,11
44,1
22,9
0,4
32,16
39,27
16,3
10,27
34,27
29,7
9,11
25,18
34,6
2,28
27,23
33,9
13,24
48,25
45,2
27,7
33,2
28,17
45,3
25,3
5,25
43,5
34,12
4,21
41,29
13,15
11,21
25,23
21,3
6,15
2,15
47,14
7,24
22,26
8,26
26,1
7,1
21,25
27,25
29,9
12,6
45,18
19,3
35,17
14,29
46,5
18,26
37,4
9,7
35,5
40,11
21,26
3,4
0,4
46,21
20,8
19,23
29,19
33,15
23,30
11,17
15,10
36,1
4,15
19,7
11,1
16,8
17,5
39,28
44,22
9,22
17,8
18,28
24,1
21,14
1,28
41,1
42,11
17,21
23,29
19,24
1,3
39,20
34,28
25,14
4,16
32,4
5,8
15,6
38,7
14,12
21,18
44,25
14,19
46,1
42,1
30,10
26,9
11,20
19,25
41,13
7,5
26,16
25,21
21,15
3,18
2,16
34,24
1,12
35,28
49,25
0,15
12,5
27,30
29,25
39,27
23,1
18,12
35,25
27,20
35,5
8,23
1,12
8,15
9,18
1,16
29,2
3,20
1,8
33,17
25,28
23,14
6,2
11,26
0,7
23,21
27,14
30,26
45,4
19,15
33,14
1,12
4,5
19,11
23,11
14,1
47,17
48,17
14,30
22,19
34,28
10,26
18,30
13,25
47,30
13,3
47,17
8,18
16,3
40,17
38,19
50,28
31,6
9,16
19,1
19,10
29,10
30,3
45,1
40,23
44,5
4,25
16,1
43,24
6,25
40,15
17,26
24,9
29,4
14,7
38,21
27,11
16,12
33,29
28,30
29,6
15,10
7,6
47,22
1,11
19,8
47,10
39,19
2,8
40,15
49,21
25,4
5,26
5,25
1,26
17,1
4,29
40,12
22,28
20,22
34,26
47,7
39,18
25,14
35,12
38,15
13,20
46,6
25,4
46,14
30,24
8,3
44,16
18,25
1,5
35,27
50,19
11,16
2,25
6,7
11,17
19,13
23,1
40,10
45,8
49,23
34,21
6,13
42,13
13,16
42,13
32,21
26,17
7,9
49,7
31,20
36,28
38,10
50,9
42,30
5,2
26,8
37,29
2,25
29,6
6,27
17,3
21,1
1,14
24,13
20,28
37,2
31,18
22,1
45,4
31,25
13,25
46,22
22,6
11,26
32,13
9,26
12,10
23,3
0,26
36,17
39,23
11,7
18,18
33,30
7,14
37,19
24,20
7,20
30,6
47,11
24,14
45,20
41,17
31,29
46,13
32,8
48,5
25,5
16,1
2,29
35,14
29,15
22,13
12,9
42,24
19,26
50,5
38,1
39,2
9,2
1,30
30,28
32,25
18,9
15,28
17,18
49,16
18,27
30,2
20,17
6,12
31,3
40,28
1,2
0,12
43,3
32,12
5,22
43,15
7,18
15,7
1,26
6,13
27,2
9,13
21,22
15,7
38,17
41,8
43,22
25,30
25,11
3,4
34,15
41,20
47,15
49,3
47,15
32,20
5,15
29,15
42,20
5,9
18,25
4,28
23,8
23,14
35,7
46,20
12,28
6,2
2,26
10,7
17,3
5,23
9,13
16,24
47,4
6,25
26,4
12,9
28,20
50,22
31,21
48,23
42,13
44,12
20,4
19,17
37,3
49,3
26,15
15,17
39,20
42,28
28,15
44,3
42,6
17,20
30,17
50,19
6,28
43,11
32,25
12,18
39,1
31,30
3,15
33,19
30,14
37,10
49,26
36,27
3,12
43,25
50,25
26,10
16,28
20,2
20,7
45,30
41,22
8,17
39,5
15,12
49,13
44,26
21,18
30,7
0,27
16,27
24,28
20,1
1,18
36,5
19,22
42,4
3,15
35,28
0,26
24,14
7,28
39,29
6,28
49,2
31,4
19,3
48,27
19,13
48,30
46,27
8,22
48,29
38,2
25,29
26,12
7,6
4,26
22,19
35,1
41,1
25,19
26,5
5,29
17,11
22,7
30,7
35,10
45,26
46,2
10,14
8,8
20,3
44,19
23,30
28,29
3,15
42,16
2,13
8,5
32,4
32,10
46,3
15,3
34,21
13,17
43,15
21,8
27,1
10,3
43,27
4,27
14,10
3,5
3,25
40,21
15,1
32,13
15,2
43,23
26,27
10,10
17,1
47,7
37,29
6,14
11,27
6,2
19,7
1,17
39,14
12,16
13,25
5,15
7,23
36,22
8,3
8,6
46,27
3,7
47,1
28,28
48,21
48,4
7,1
23,26
16,12
21,15
43,12
31,19
45,8
18,25
41,23
0,7
15,30
42,28
43,28
5,14
16,25
44,14
11,8
32,3
42,23
28,17
40,23
32,20
0,25
1,7
44,25
37,7
8,10
7,25
39,6
24,4
34,5
6,3
5,19
45,15
29,12
36,18
12,4
16,6
22,25
32,24
32,25
39,5
17,28
3,3
37,4
24,15
47,17
37,14
12,3
27,2
4,18
33,14
34,20
47,15
41,15
1,19
8,25
27,25
22,18
46,18
35,22
25,14
25,12
49,17
41,10
4,12
1,15
12,18
37,16
12,12
2,2
28,28
36,29
32,26
18,2
19,28
49,26
0,1
19,16
48,20
18,9
29,7
22,29
3,19
15,21
32,4
6,26
29,6
22,12
48,1
49,9
21,3
30,28
13,20
11,21
39,12
41,29
24,26
3,25
36,20
37,22
5,16
17,4
34,20
22,9
18,12
8,7
5,6
22,23
1,16
3,2
17,27
29,27
34,17
28,13
47,27
19,7
46,21
17,14
37,1
19,10
18,13
41,15
31,4
45,21
27,19
5,13
9,22
36,6
1,7
1,1
31,9
7,26
8,4
34,9
50,14
26,14
45,16
30,17
42,28
21,25
10,7
13,27
11,8
48,25
28,9
24,8
39,12
28,25
28,23
11,23
22,8
19,5
7,23
23,29
34,20
23,6
18,9
33,3
46,19
9,8
41,13
32,19
3,26
5,6
5,10
0,19
40,28
37,23
14,3
31,17
4,6
26,28
0,27
36,29
37,17
43,7
3,17
31,1
42,3
3,28
2,18
41,4
2,21
7,30
48,26
5,16
4,19
43,1
12,30
12,23
3,21
11,18
17,20
33,2
35,25
13,15
2,3
35,20
13,12
48,16
45,22
38,27
21,20
30,26
0,5
32,27
11,28
3,15
24,7
21,20
36,24
39,15
0,2
50,22
49,29
21,22
33,23
5,4
1,2
17,3
35,19
19,7
35,17
2,17
17,7
4,26
22,3
30,27
10,6
11,17
45,5
25,18
16,23
11,10
9,7
16,22
50,22
27,13
12,29
40,14
37,24
2,12
7,9
38,2
8,7
0,28
18,28
38,8
13,2
10,22
34,19
28,14
50,14
47,13
2,11
8,4
24,6
28,14
30,20
43,4
20,10
24,19
30,9
33,3
36,25
28,7
30,12
31,1
11,16
29,29
38,12
39,16
0,29
48,4
38,19
22,17
33,12
41,19
15,8
30,15
6,25
10,6
2,18
24,10
36,7
50,26
11,27
25,29
33,15
16,12
14,6
35,4
9,7
38,24
28,8
24,14
29,3
44,15
18,15
30,16
0,27
13,9
31,11
3,20
15,9
50,14
11,7
22,30
13,21
36,11
41,5
35,26
3,26
41,18
50,9
38,23
3,26
23,7
8,15
5,22
27,2
18,24
34,9
12,3
9,15
44,6
28,3
7,12
5,23
4,26
19,2
29,23
11,4
0,21
23,25
11,27
9,16
20,9
37,2
35,24
46,30
35,6
32,21
33,16
36,28
39,22
5,14
27,1
27,22
11,12
9,14
1,9
15,17
9,6
23,30
12,24
50,25
17,1
14,16
32,19
41,9
13,16
21,5
1,17
18,23
50,21
5,19
38,5
21,17
1,13
12,22
7,22
4,3
48,18
12,22
8,13
42,28
12,29
45,3
45,27
49,13
29,10
18,12
0,24
44,9
13,10
43,30
35,8
42,4
31,26
37,21
19,10
3,15
18,19
5,7
14,12
29,13
4,5
36,12
18,27
43,7
46,13
5,8
37,29
0,9
29,29
4,19
26,12
36,3
40,30
3,14
33,22
39,26
22,5
31,15
39,22
25,20
29,7
31,16
41,30
3,10
36,13
29,25
7,2
28,17
1,21
4,10
16,3
46,9
34,4
29,5
45,22
46,20
21,14
23,20
34,7
29,9
16,8
43,14
18,18
3,1
49,19
28,11
36,6
34,23
41,1
5,23
7,29
31,17
40,3
48,11
12,19
7,18
18,10
16,30
42,26
46,18
38,27
23,7
26,2
4,17
3,21
9,24
30,15
46,6
41,5
43,27
25,27
27,28
2,17
7,1
2,27
48,30
35,26
16,7
30,14
26,15
29,5
4,4
8,15
38,3
46,11
5,3
47,13
0,10
17,5
40,3
2,14
23,3
19,3
39,10
30,29
39,28
12,8
2,7
15,17
40,30
22,10
18,6
14,7
43,24
39,8
18,5
24,9
39,3
48,12
37,30
4,7
1,22
7,5
11,6
8,12
34,2
12,9
39,4
1,6
9,20
23,18
7,8
8,1
9,27
5,26
16,6
28,17
50,10
3,25
8,27
50,27
20,14
15,3
30,4
36,19
17,24
37,18
39,15
20,12
2,24
18,27
0,2
10,6
19,20
49,16
27,7
29,15
28,2
10,5
41,24
10,30
47,21
37,16
19,11
29,19
22,16
13,1
0,27
43,5
31,15
29,24
26,19
50,7
1,16
23,21
8,12
30,24
5,12
7,30
25,3
9,26
10,26
32,27
14,28
18,2
48,17
16,21
23,24
34,1
14,10
15,9
37,15
42,5
13,12
13,26
46,11
7,8
3,20
6,23
45,16
14,3
27,9
49,23
29,3
36,12
32,17
22,16
17,14
45,5
25,8
26,21
46,6
18,20
28,22
45,27
38,8
9,14
15,16
37,13
12,15
1,28
28,26
13,17
7,19
31,22
35,9
4,17
8,25
34,30
11,6
17,28
38,18
35,23
37,16
23,9
49,29
20,6
1,22
37,26
16,12
12,27
34,16
18,6
30,5
40,21
11,22
12,21
27,28
40,25
24,29
24,10
4,30
16,21
0,11
27,8
44,22
7,18
29,10
26,23
1,11
42,7
9,26
43,10
38,12
36,10
11,1
39,8
25,8
40,15
2,13
6,26
23,18
47,25
46,28
35,29
10,3
37,15
35,12
4,8
23,29
43,20
18,29
15,7
14,28
33,11
33,30
27,10
5,2
35,25
38,22
32,11
26,12
14,14
6,3
33,5
37,22
35,7
28,4
8,10
29,26
16,13
13,6
24,27
45,10
33,24
26,27
34,9
2,22
18,4
17,14
24,17
4,18
24,13
35,10
36,30
20,22
2,22
5,23
16,30
11,8
28,5
26,7
16,13
5,8
47,22
27,8
10,21
31,3
25,10
42,8
24,26
11,14
43,4
2,10
16,8
22,23
24,2
28,6
0,21
18,12
17,19
18,13
14,8
25,16
1,14
6,15
18,18
1,9
0,29
44,5
5,7
19,19
12,11
34,14
42,16
26,19
21,8
11,28
30,9
39,26
42,19
11,19
15,10
36,27
47,1
33,10
41,3
13,29
49,28
6,28
10,30
35,1
32,22
39,1
27,24
18,18
1,20
16,5
35,3
35,25
11,3
15,3
29,24
16,5
43,5
32,12
41,3
14,21
37,4
26,26
32,1
10,18
45,28
9,18
12,2
27,17
16,1
3,14
1,11
35,24
28,9
30,25
44,22
26,21
7,12
34,9
4,8
3,13
21,14
47,17
2,4
1,23
23,26
30,29
16,14
28,15
39,28
46,20
32,18
19,4
1,9
22,13
43,14
1,10
27,24
2,20
6,20
17,18
22,23
49,11
1,6
13,4
45,18
5,20
33,9
39,29
39,21
43,15
16,14
50,8
49,4
12,8
49,17
31,2
19,20
8,27
13,13
30,9
33,24
1,10
34,21
14,4
37,21
18,24
23,10
40,22
1,20
10,22
1,26
10,6
1,6
19,7
19,16
39,17
21,19
43,28
38,8
50,16
42,29
46,8
18,25
10,9
20,1
17,19
42,3
26,29
38,6
15,28
42,2
24,27
41,22
47,24
20,24
4,3
12,12
27,28
46,9
7,30
29,29
32,12
25,12
27,15
33,9
36,26
0,2
23,11
13,25
49,25
1,8
26,5
47,6
2,24
38,28
7,10
20,20
11,21
48,28
20,22
18,7
1,15
29,20
20,4
8,25
5,7
11,29
30,8
49,20
37,17
47,19
38,18
49,16
14,15
45,19
28,19
19,28
8,21
8,22
40,18
19,30
13,15
10,20
33,9
10,6
2,2
8,7
49,25
39,12
19,28
19,13
12,28
19,10
24,3
29,15
0,7
41,16
11,7
48,8
27,11
46,26
35,30
21,7
41,2
25,24
8,11
20,16
4,7
19,30
18,20
40,23
9,30
45,17
6,23
16,30
36,30
49,13
46,6
22,25
0,13
23,13
37,26
14,15
42,17
29,20
24,1
38,4
16,19
49,24
48,12
1,15
15,1
1,8
23,30
50,7
46,25
8,9
1,29
14,23
20,21
30,26
43,24
33,28
35,15
0,13
46,4
20,8
43,28
43,6
34,1
50,30
41,17
22,7
3,22
6,19
18,3
1,13
20,1
9,13
3,17
45,19
35,2
37,21
13,30
40,23
12,3
31,13
15,18
48,30
11,10
10,12
48,26
49,28
14,3
33,20
43,30
26,7
50,8
27,7
4,7
27,22
34,16
22,2
15,10
13,30
45,2
50,27
2,28
25,7
36,21
15,18
23,25
29,12
27,2
15,13
12,6
21,27
9,30
20,5
12,23
24,21
41,7
34,2
27,10
24,17
40,12
3,2
13,8
19,5
43,25
46,1
9,18
14,13
41,14
29,21
13,24
0,27
3,11
29,6
5,24
39,23
20,27
8,4
36,4
7,11
12,29
10,24
22,19
18,15
26,10
13,16
3,22
4,14
4,1
43,15
32,15
48,21
30,11
12,15
44,12
30,5
2,3
23,21
16,24
10,1
45,25
20,1
17,12
31,6
2,6
40,20
47,10
14,25
2,21
17,4
41,12
7,19
31,16
35,15
28,19
26,7
5,9
40,24
20,28
38,20
18,6
29,19
0,9
48,1
44,23
40,22
23,15
10,19
16,6
33,17
23,10
50,17
34,22
40,19
18,16
34,22
3,18
42,23
18,11
44,12
25,28
29,29
13,22
30,23
38,21
17,23
7,4
29,28
22,27
39,6
26,5
25,10
7,28
23,2
49,25
41,14
43,11
24,19
24,30
13,29
48,21
4,4
44,7
20,23
39,30
4,18
6,11
46,27
29,22
19,2
13,17
17,28
21,6
7,24
38,12
37,8
11,16
11,10
5,29
26,26
38,11
33,27
16,17
2,7
39,10
47,16
18,29
12,19
48,1
6,1
30,14
38,27
37,27
17,6
50,5
0,4
2,20
50,13
26,21
31,28
50,9
8,24
6,13
26,3
14,26
31,22
12,2
19,24
41,16
26,16
26,1
28,30
8,28
48,27
14,12
34,14
4,1
37,4
35,7
22,13
38,19
33,15
16,13
40,29
33,29
33,26
12,25
43,12
32,13
14,22
17,19
35,7
27,24
7,16
12,12
36,5
47,2
12,14
22,10
26,29
38,21
35,23
33,18
17,15
35,20
15,21
14,7
33,27
26,17
8,4
20,27
11,26
19,21
2,6
28,23
18,2
6,12
38,5
40,30
15,12
26,13
33,14
26,29
30,16
45,20
22,29
43,8
27,17
8,15
22,30
26,8
10,5
44,24
17,18
16,22
23,30
3,19
1,27
20,12
10,26
26,19
5,27
22,13
0,20
6,17
37,17
23,13
37,12
20,26
0,6
21,27
2,7
43,2
23,2
33,8
9,3
40,1
28,21
31,26
28,7
39,10
44,15
14,24
31,7
46,18
8,9
21,12
41,19
12,28
49,22
38,20
15,4
50,4
4,17
40,15
33,28
9,15
31,18
2,21
40,4
26,24
46,27
16,16
11,9
49,10
35,10
34,29
40,24
46,8
14,15
23,1
16,4
43,11
18,12
0,29
34,13
50,24
27,20
22,29
50,11
40,15
27,6
29,28
1,18
7,15
28,21
27,13
13,9
40,30
9,23
33,10
5,12
12,25
43,11
35,13
14,14
33,8
13,13
45,8
17,25
17,30
42,24
0,28
35,4
21,11
5,2
44,9
2,1
36,27
49,18
1,24
46,13
22,12
30,27
47,1
36,2
47,2
42,20
7,4
19,2
9,15
27,17
12,7
18,24
5,21
13,10
33,27
7,11
10,18
0,23
5,7
41,19
14,16
7,15
1,3
28,6
8,25
39,5
31,10
4,4
5,7
45,1
50,29
20,25
21,24
11,5
18,17
18,27
44,1
44,17
30,4
25,8
34,15
6,18
18,10
49,24
19,20
41,22
44,21
30,22
44,16
13,24
35,30
19,3
13,26
29,11
48,24
37,30
39,28
44,11
23,3
16,22
41,28
21,9
14,3
1,19
23,2
46,18
39,22
40,18
38,15
44,4
26,23
4,8
35,10
44,17
19,19
19,6
21,16
30,21
37,14
12,29
39,1
0,5
17,9
21,5
14,11
41,28
45,27
0,15
45,8
3,7
31,15
8,13
13,22
11,6
43,16
11,20
11,2
34,11
13,12
29,11
28,5
8,22
19,24
49,30
22,8
2,24
3,5
38,4
33,16
24,24
11,11
9,25
3,19
26,1
3,29
11,4
33,4
28,20
38,29
50,29
36,9
46,29
50,23
9,28
42,4
19,15
40,16
32,17
16,20
10,21
3,16
8,5
44,11
41,14
6,8
25,5
33,27
24,22
13,11
5,15
21,25
45,4
50,6
17,21
39,21
33,16
43,27
32,24
27,25
12,29
43,13
38,7
15,1
19,1
35,9
41,19
1,1
5,20
21,29
38,22
17,22
2,12
30,6
40,5
29,12
18,1
31,18
7,16
34,16
1,25
6,3
41,11
16,16
16,15
3,6
19,2
49,3
46,3
20,12
5,2
33,5
38,30
20,25
12,16
50,7
0,12
4,13
18,28
4,25
18,12
19,19
19,7
36,3
48,27
4,2
6,13
27,22
0,9
20,26
50,2
46,6
45,1
42,9
42,18
46,5
30,30
25,8
26,10
32,30
30,25
45,23
37,23
7,25
21,6
17,22
11,17
48,18
46,20
14,29
17,21
0,13
9,10
23,17
6,30
11,17
14,18
26,9
38,21
43,25
29,27
1,8
8,3
50,12
21,18
19,1
9,15
14,12
23,24
15,3
10,24
0,24
7,24
27,27
4,24
27,7
45,30
29,30
42,20
27,30
34,9
34,9
44,4
32,15
47,8
14,7
12,1
17,3
22,25
26,15
8,16
15,17
11,19
15,23
28,11
34,4
19,3
32,21
1,30
41,17
33,24
16,29
0,24
19,12
42,26
28,18
48,1
33,5
42,17
0,9
37,8
32,3
2,4
24,8
22,4
7,27
9,4
48,30
40,15
32,2
42,4
16,30
22,9
29,26
25,1
20,2
43,24
38,21
13,4
38,15
22,23
30,26
15,8
41,19
19,13
9,8
23,23
30,30
28,24
9,30
33,10
30,22
9,21
10,9
50,26
31,21
34,17
25,22
8,13
33,29
12,13
15,23
32,25
24,5
24,1
30,7
23,12
41,13
48,26
16,20
16,10
33,4
26,25
41,15
7,22
12,13
31,17
5,29
42,8
11,26
12,24
10,13
0,2
26,5
33,23
38,26
21,15
20,25
0,30
34,3
43,28
47,13
48,12
15,2
15,15
42,24
1,21
34,18
39,2
43,18
42,24
1,4
37,20
27,30
43,21
2,25
41,20
27,13
8,4
0,7
27,14
45,23
33,20
11,3
24,21
10,16
32,7
4,4
13,15
42,15
48,14
31,11
12,25
26,7
8,10
14,22
46,7
12,5
48,8
10,13
9,1
8,27
17,28
33,23
0,26
11,17
6,27
15,26
23,16
25,27
21,27
15,26
27,24
44,6
17,28
34,21
39,11
36,5
25,1
41,9
19,25
25,28
14,20
40,11
35,15
12,13
13,8
35,15
20,27
13,17
18,30
5,24
15,10
29,25
47,6
36,30
9,25
25,14
26,4
3,30
21,15
3,13
48,20
30,11
49,23
38,18
15,21
42,17
44,25
30,13
17,5
39,28
24,13
1,10
30,12
23,2
32,28
43,11
49,1
21,13
23,28
41,19
4,19
2,30
13,20
26,17
44,22
9,29
7,28
8,4
46,21
24,1
34,19
40,22
36,17
48,2
6,27
4,6
19,14
49,11
13,23
40,4
19,11
36,28
21,2
35,2
39,8
4,5
45,23
8,25
1,25
17,16
6,2
30,1
46,4
47,7
42,23
4,24
16,8
40,11
3,4
47,22
17,25
45,19
14,7
39,12
11,20
38,27
18,12
10,29
6,3
47,3
39,4
46,1
50,28
20,18
45,7
11,10
46,12
39,14
31,16
41,25
14,1
41,4
36,15
40,27
25,29
32,11
41,14
11,8
46,1
25,8
30,22
21,6
18,11
0,10
7,26
9,8
10,30
48,15
30,24
20,12
2,30
20,9
6,29
35,17
35,30
44,15
17,19
8,28
34,6
8,12
6,12
42,24
47,22
19,13
7,13
20,7
17,24
33,4
26,24
40,15
12,21
7,8
8,29
13,20
4,8
13,9
2,5
6,6
0,19
12,23
22,14
46,24
43,3
10,13
38,24
41,4
13,15
43,11
32,1
16,18
1,21
3,23
1,7
25,11
39,13
4,2
0,24
15,9
22,6
14,27
36,26
10,22
48,17
4,1
2,18
41,28
26,1
47,3
12,5
25,23
49,19
20,16
18,17
18,18
33,6
11,24
3,8
20,15
13,1
12,6
35,25
12,4
31,14
6,30
4,13
45,30
34,19
25,5
22,27
33,18
46,15
38,13
49,15
34,17
47,12
29,8
35,30
27,30
9,30
49,2
10,10
38,22
33,12
1,22
15,18
44,23
18,26
43,15
26,28
36,30
5,23
14,10
26,4
4,5
7,16
47,12
9,27
0,10
9,17
49,6
9,1
5,14
28,6
41,13
35,13
5,10
46,13
20,6
20,14
23,12
46,2
5,11
44,11
31,30
45,17
39,24
30,24
47,7
46,29
0,15
38,4
4,28
2,24
2,6
12,16
5,22
6,30
45,30
21,1
47,15
21,16
3,9
40,22
29,30
24,22
42,29
4,5
19,12
18,24
50,11
33,22
47,13
25,6
10,11
2,30
36,29
29,30
28,2
21,14
22,23
14,22
46,23
27,23
26,25
22,18
26,18
40,30
12,25
11,13
7,24
36,30
6,18
43,23
39,28
27,26
8,20
0,26
39,17
28,30
29,19
10,8
3,3
46,19
31,6
0,23
36,3
3,25
38,16
37,29
9,6
12,22
36,26
41,29
5,5
33,25
24,1
6,24
44,26
29,18
14,27
32,16
13,4
17,18
11,17
28,9
41,4
16,25
19,18
16,25
12,17
36,25
43,1
0,24
9,13
8,14
49,22
15,5
13,8
10,22
27,16
42,18
27,22
5,20
38,28
16,27
33,19
19,21
30,18
25,8
35,3
24,26
3,9
20,6
25,12
8,22
9,15
22,7
23,7
46,7
49,16
32,28
23,7
14,30
21,21
32,23
5,7
33,4
2,13
17,7
38,26
41,11
29,3
42,14
24,27
29,5
32,1
13,6
5,7
38,27
17,19
5,23
4,19
25,10
31,1
45,13
14,5
13,20
41,2
4,24
20,3
13,6
24,11
49,16
21,22
11,1
46,16
13,16
45,10
26,5
23,2
48,5
26,7
30,26
39,12
47,26
9,25
9,8
12,20
20,14
50,7
45,9
26,28
13,14
31,23
41,13
21,3
4,23
28,25
22,11
39,11
46,19
5,13
47,5
45,8
49,22
47,20
10,30
45,26
39,1
24,4
40,17
31,15
33,6
36,23
41,3
45,3
45,9
26,14
26,22
33,29
16,15
43,24
34,13
48,20
34,6
41,14
39,16
34,27
5,11
25,4
6,29
29,3
27,14
42,7
33,14
30,6
49,20
8,22
1,20
40,6
44,27
44,27
4,11
50,22
18,29
12,22
48,16
40,4
15,20
43,29
39,6
42,23
45,6
32,14
22,14
18,26
42,7
23,22
29,24
13,8
2,9
10,13
39,26
21,20
9,18
25,19
9,18
29,13
21,30
40,4
46,3
42,6
26,26
20,8
30,13
23,25
27,10
24,20
0,30
46,16
36,1
5,19
50,14
49,19
13,8
9,8
38,27
20,23
30,25
3,26
48,18
12,2
7,24
7,6
13,8
29,12
26,24
17,6
6,5
18,23
48,24
9,5
33,3
32,3
42,25
26,3
1,8
30,12
23,3
37,22
31,26
35,26
38,4
41,16
20,16
49,3
27,17
21,16
50,25
9,10
21,5
18,30
48,19
36,3
50,6
44,18
42,5
32,16
16,8
39,14
20,18
4,8
45,27
36,17
6,17
10,1
46,5
43,12
50,2
4,10
16,2
23,6
12,16
40,24
9,19
40,28
30,21
20,21
50,19
19,16
1,22
20,21
1,11
26,16
25,19
30,23
4,3
3,4
35,15
21,21
13,11
10,12
23,26
1,11
26,4
20,5
47,25
26,20
37,2
28,17
14,22
11,29
42,15
39,16
48,29
8,9
17,6
47,3
6,16
30,3
12,14
20,30
11,9
42,7
10,1
38,15
29,30
2,24
46,24
0,27
44,27
20,13
33,6
12,15
15,6
44,23
18,11
9,26
36,20
10,30
12,22
31,25
42,5
17,14
47,6
17,4
38,11
11,25
24,28
32,17
32,17
36,28
2,24
29,3
6,17
34,5
43,10
29,25
23,22
19,1
34,23
9,27
29,13
37,6
40,14
42,1
9,30
5,23
28,21
12,29
23,23
36,29
23,14
12,2
20,7
20,26
12,5
20,21
18,23
20,21
17,8
5,9
9,23
25,30
38,29
7,10
47,2
6,26
27,11
18,9
19,13
42,20
28,30
13,3
39,3
40,25
49,26
31,2
34,14
46,22
37,5
24,6
0,4
46,18
36,20
8,17
8,14
40,29
15,26
39,4
38,10
12,1
46,21
29,17
43,23
22,12
18,30
3,24
49,14
35,17
27,1
28,8
5,20
28,30
6,2
23,2
4,20
18,17
27,12
20,25
18,18
46,9
23,1
45,11
11,22
41,29
48,6
33,17
13,13
44,7
14,18
47,6
11,14
3,1
17,3
0,28
24,23
14,20
44,1
36,13
2,2
44,21
34,27
8,19
50,3
23,4
18,30
26,7
38,24
2,26
36,24
10,28
8,28
30,2
0,14
12,10
37,2
36,1
14,27
48,6
21,20
28,13
28,22
27,6
6,17
25,1
49,10
47,13
38,18
26,24
27,9
28,29
26,14
40,4
23,13
50,9
21,17
18,11
1,24
37,18
48,8
28,27
31,19
18,18
19,25
7,1
32,5
50,3
5,11
3,19
16,27
47,30
29,21
5,3
42,4
49,6
33,13
31,16
18,5
11,1
39,8
40,8
17,18
47,2
22,19
43,27
8,11
21,8
10,23
19,9
30,5
32,5
12,2
43,9
33,12
0,8
26,16
41,12
35,17
44,23
38,21
41,1
25,26
26,15
21,15
42,9
14,1
15,19
16,12
34,2
36,16
12,4
23,13
16,18
32,26
23,5
43,23
39,26
36,30
25,16
39,28
5,4
40,22
44,5
24,28
7,26
22,27
2,23
7,4
11,17
4,7
22,7
39,19
10,5
40,8
9,22
47,10
8,13
4,11
26,17
22,4
6,14
14,16
29,22
30,30
11,16
4,29
15,25
17,28
2,16
21,24
7,2
39,4
28,20
33,22
36,3
1,24
45,22
37,30
17,5
38,17
43,30
34,14
0,9
7,26
49,22
37,19
47,4
17,9
28,6
49,19
28,10
6,15
2,25
29,11
39,9
29,25
44,4
3,4
28,18
6,2
5,28
4,8
47,24
47,2
11,2
9,3
10,25
8,9
50,27
50,20
20,4
0,14
22,14
12,15
13,17
13,26
30,6
35,29
40,6
34,11
15,27
7,2
41,12
44,4
13,12
15,8
14,15
47,18
46,19
40,26
11,9
24,12
39,26
46,16
5,26
50,9
31,11
1,14
4,10
11,3
21,2
5,2
18,7
28,12
45,14
2,25
30,10
26,5
40,24
30,8
4,12
21,1
1,22
14,12
24,27
1,4
47,13
22,20
4,22
41,13
7,5
41,7
7,14
25,7
33,10
36,23
49,10
0,4
26,1
4,22
43,13
41,6
37,7
37,25
25,18
13,1
32,7
0,20
43,23
43,5
37,23
18,7
50,30
22,4
21,25
33,8
39,20
44,30
21,5
16,2
46,29
8,1
36,16
11,9
12,30
27,14
44,5
17,29
46,22
15,14
16,26
21,12
2,24
15,9
1,15
30,26
33,1
41,24
19,3
14,29
10,5
3,15
9,5
38,9
18,23
29,2
12,3
23,8
41,25
46,13
5,9
35,9
20,4
47,1
8,8
4,4
21,23
39,25
9,20
27,21
47,3
35,2
5,6
49,19
44,7
8,23
27,20
9,27
12,10
26,4
10,3
18,11
41,23
7,19
9,28
20,6
17,15
13,30
22,22
8,14
40,19
7,28
11,6
47,22
19,1
50,7
2,28
9,27
12,6
25,11
30,18
3,14
49,24
0,21
21,14
23,20
4,26
48,5
13,2
40,29
20,30
49,21
44,18
2,18
50,19
7,30
15,27
14,24
0,23
46,27
7,11
36,2
12,13
17,25
1,10
49,16
0,26
10,21
8,7
3,25
46,7
2,10
28,5
33,8
47,21
3,24
14,23
43,13
28,22
48,28
18,14
5,12
44,13
32,12
18,1
8,17
39,30
20,28
45,14
15,25
8,16
1,12
45,15
3,17
19,7
0,10
0,8
37,1
23,19
19,5
47,17
39,8
35,16
31,30
42,27
21,2
30,29
9,29
33,30
6,20
41,28
2,23
39,6
26,16
11,2
46,25
27,6
35,9
16,5
6,24
45,15
12,18
2,3
18,27
16,23
43,2
2,29
23,18
24,10
16,8
9,2
16,20
2,28
36,23
40,29
42,25
47,8
44,1
24,25
20,26
6,5
39,16
30,25
25,14
48,23
10,10
41,19
35,29
10,3
3,11
31,21
25,22
38,29
8,22
40,22
3,10
24,30
1,1
24,18
24,8
28,27
30,29
1,25
38,10
30,26
18,26
13,13
24,16
32,21
3,4
39,26
4,12
5,21
14,3
44,18
29,10
27,17
23,7
37,20
37,9
34,1
20,26
47,26
22,19
31,8
7,27
28,1
15,17
30,20
38,13
26,12
1,17
30,15
42,3
32,8
27,18
17,22
40,3
42,4
25,23
30,2
29,10
50,10
48,6
40,15
1,5
3,16
38,5
13,27
44,2
13,29
33,28
37,11
27,7
41,26
43,26
12,2
32,12
0,5
13,29
19,13
17,4
46,18
40,24
22,22
37,22
30,8
1,16
35,29
35,20
3,29
41,29
28,23
12,5
11,2
44,8
3,15
20,6
7,18
8,22
10,24
20,14
15,20
6,24
4,12
48,6
24,16
41,27
12,16
16,14
43,17
12,9
11,3
38,6
40,28
42,23
9,6
47,29
46,27
20,25
24,1
49,11
44,1
38,8
13,24
32,28
25,11
25,17
0,19
16,11
21,21
35,22
23,4
47,10
9,3
46,24
22,11
47,28
7,14
7,13
27,13
20,6
23,1
32,2
44,11
9,30
26,27
13,17
7,8
12,12
16,16
0,19
40,5
29,9
32,1
49,27
30,29
15,4
7,30
34,8
39,8
29,7
13,11
25,12
48,12
34,18
19,18
22,20
42,14
7,2
8,6
33,23
50,21
45,20
41,26
11,4
1,19
35,20
24,26
14,14
15,18
24,15
13,5
47,15
5,9
6,4
18,12
14,22
15,16
6,20
0,19
8,4
7,5
49,15
12,22
38,10
8,8
35,2
11,6
16,24
50,10
10,12
35,22
21,21
25,7
15,7
7,16
19,18
8,25
16,15
22,27
6,11
24,30
36,4
42,19
4,6
36,17
21,8
32,6
49,13
25,11
4,14
48,28
36,16
9,30
30,29
11,13
17,27
14,30
36,21
45,27
48,8
9,23
22,26
23,16
16,22
37,15
5,2
28,22
3,7
30,6
48,19
30,22
47,9
28,26
29,24
37,10
16,19
2,15
39,14
41,14
16,20
48,4
31,8
27,8
25,15
19,18
36,30
35,18
28,19
5,26
14,28
34,9
24,7
28,22
41,21
10,25
33,23
47,3
25,2
18,14
18,3
21,11
35,30
1,9
7,9
21,10
33,7
29,11
13,6
43,7
7,30
50,27
17,13
35,26
31,11
9,11
13,6
48,10
7,2
48,10
20,26
6,3
15,29
44,12
8,13
19,30
15,11
20,3
31,22
35,22
1,23
21,13
9,7
19,16
44,21
42,25
23,5
13,15
1,9
41,12
8,11
35,17
49,28
28,12
35,11
9,13
44,30
40,3
42,6
5,27
24,2
27,7
19,10
5,9
7,20
27,27
19,27
40,10
21,10
38,21
1,15
0,6
27,9
37,7
34,18
26,14
18,10
11,4
4,26
20,20
42,27
47,8
34,14
3,26
14,24
39,3
47,15
32,7
15,24
50,30
49,25
12,19
34,8
0,2
19,6
33,11
3,16
50,1
47,21
50,29
45,10
1,17
36,29
34,25
10,17
27,21
42,14
19,2
0,29
30,2
4,24
10,5
34,10
8,3
32,15
3,4
5,28
2,10
49,3
32,30
30,29
48,2
45,22
23,25
43,16
18,11
10,21
9,17
40,21
17,17
33,20
28,23
8,14
2,4
43,16
41,16
40,1
6,7
7,13
41,22
50,4
16,19
34,28
20,8
8,2
44,10
37,5
18,1
32,10
42,12
15,1
31,9
23,1
27,21
4,8
37,24
6,7
7,18
38,12
31,14
32,17
9,2
4,15
23,20
23,14
8,25
31,13
34,1
28,9
4,30
41,5
13,6
22,24
0,27
14,14
24,16
9,24
14,30
32,30
21,12
3,4
33,3
17,11
35,16
31,21
7,3
37,1
18,17
39,19
24,26
6,12
0,25
21,14
32,5
33,26
37,3
2,1
4,12
40,25
28,24
7,25
19,3
34,18
32,6
27,29
28,20
45,14
33,9
44,12
18,16
26,27
38,9
13,2
28,20
50,15
7,12
49,14
2,12
17,8
29,20
29,13
38,14
21,6
5,6
5,17
50,12
1,22
11,24
7,30
24,22
42,6
6,27
8,24
10,20
3,22
14,9
15,28
35,3
27,14
20,9
39,5
36,5
30,16
17,12
29,25
20,14
21,25
35,4
48,8
9,2
31,29
16,14
50,25
28,17
13,6
48,6
0,26
30,24
48,4
21,27
5,2
43,24
36,5
48,5
28,20
20,16
3,23
44,10
7,29
10,27
1,13
23,11
49,11
26,28
27,4
0,1
20,14
18,8
18,23
11,14
42,15
50,16
30,29
6,14
24,19
10,14
38,13
1,15
9,25
0,8
27,29
13,20
9,21
21,29
32,11
3,29
30,19
49,23
41,9
0,23
26,11
16,18
3,17
13,8
42,29
36,7
46,11
4,11
42,24
0,19
37,2
2,6
30,17
11,30
49,17
25,24
15,14
43,12
48,8
33,1
0,1
2,3
32,15
18,8
36,16
33,26
30,21
50,30
50,8
50,27
47,3
37,1
11,8
18,13
11,23
14,10
0,5
11,1
20,10
35,11
11,5
16,17
17,11
5,21
25,27
45,13
37,1
7,25
38,23
48,10
8,6
14,10
23,30
35,13
26,12
28,26
35,21
19,30
16,25
46,1
48,2
17,30
0,7
38,19
14,14
25,26
40,6
7,22
21,26
3,13
14,30
14,29
48,23
1,8
13,10
44,26
20,9
24,14
41,5
18,9
41,4
0,11
6,2
44,23
15,1
34,13
34,8
37,29
14,15
37,5
14,13
41,8
5,8
23,12
0,13
26,30
37,30
0,30
30,3
29,16
34,14
43,18
37,18
39,17
4,10
44,9
11,17
5,1
44,9
4,30
46,18
3,24
50,14
36,30
22,21
16,24
11,14
46,15
11,15
11,11
13,29
25,20
37,3
42,22
38,23
1,21
5,16
34,14
27,18
47,22
23,12
23,11
2,8
42,8
27,12
40,25
26,23
14,13
17,23
6,5
36,21
4,19
31,22
21,29
8,16
13,26
50,30
26,25
30,26
10,2
50,16
40,12
48,24
40,16
14,5
4,1
50,22
9,26
43,21
40,9
23,27
46,16
2,30
50,20
36,11
30,23
28,24
14,2
2,1
7,17
10,9
0,29
28,7
36,24
41,18
2,9
22,21
42,25
30,30
35,29
38,21
14,20
7,4
48,25
12,20
47,24
44,19
3,29
26,12
13,19
35,21
19,14
50,5
48,20
36,17
26,11
2,18
30,27
3,6
36,2
12,12
40,28
39,28
40,14
22,2
50,8
11,17
43,18
38,21
11,22
14,30
19,12
7,6
3,13
16,5
33,10
16,25
32,6
5,18
36,21
9,26
1,13
0,17
33,16
38,26
25,18
27,8
31,1
34,29
23,11
15,24
48,28
33,8
50,6
40,3
15,4
25,19
10,17
7,2
12,26
38,24
24,26
32,12
20,28
3,10
8,19
5,20
0,28
22,1
21,26
44,19
12,7
33,21
8,13
0,28
34,15
16,25
29,14
33,11
2,27
49,10
45,19
11,18
36,15
32,2
28,1
16,15
39,23
7,11
25,8
35,15
29,12
31,24
46,16
25,25
25,7
40,8
28,26
35,8
19,22
23,30
17,12
34,23
22,18
23,11
46,30
16,16
33,13
10,2
17,11
14,15
47,17
23,18
30,24
22,6
39,29
35,17
23,23
7,7
1,3
27,13
29,9
14,5
8,20
24,17
3,15
42,13
3,2
41,26
5,5
4,5
44,2
31,6
47,7
6,7
37,9
8,25
35,4
26,14
28,4
44,21
34,1
33,24
42,26
5,6
30,17
12,8
29,11
3,28
35,30
16,9
25,23
15,10
0,16
20,12
29,6
40,14
39,5
24,15
43,28
30,27
7,30
1,15
0,13
45,20
43,11
25,2
47,6
10,11
9,25
12,14
36,10
38,29
26,16
40,2
45,22
7,2
38,7
28,3
6,6
32,12
50,30
34,24
8,9
23,12
11,5
33,7
50,2
28,10
35,30
15,8
39,12
44,25
23,19
17,23
43,9
26,1
11,10
23,12
35,18
28,14
26,14
31,29
25,27
1,28
12,28
20,3
28,12
21,9
22,8
20,5
47,1
26,17
26,6
11,1
24,12
29,21
10,16
0,17
46,13
35,28
31,27
9,21
33,13
33,28
21,14
41,29
40,18
13,5
27,28
37,30
45,30
50,28
8,29
8,27
8,21
21,16
32,8
40,2
6,30
12,8
2,2
36,3
35,23
14,8
46,27
43,9
49,1
22,24
6,28
17,25
44,4
37,14
38,23
39,25
7,1
32,14
14,9
36,28
45,26
10,13
41,25
29,23
27,8
31,3
42,27
50,30
48,17
1,29
19,23
50,19
40,9
46,13
8,30
11,28
9,16
10,3
41,10
30,26
1,2
31,27
30,28
31,6
42,30
6,3
38,14
20,4
24,12
10,30
25,15
25,30
20,27
3,16
4,16
50,22
15,26
34,20
16,18
35,9
29,19
0,18
11,15
18,22
17,18
28,20
46,2
6,18
28,25
19,25
11,1
8,2
38,3
33,9
11,13
43,10
16,24
18,28
2,14
17,2
13,16
16,17
8,27
0,15
0,7
36,18
15,5
34,19
23,19
15,10
30,11
43,6
40,20
13,18
34,10
23,10
4,1
12,3
14,5
50,20
3,10
35,24
39,14
36,12
36,6
8,29
37,9
45,15
28,10
16,5
38,23
50,30
46,4
50,30
16,24
37,21
49,17
46,30
15,13
46,17
48,1
13,7
21,16
1,12
13,2
37,8
6,18
8,5
29,9
28,28
43,3
43,18
1,24
44,9
24,13
26,15
1,14
10,18
29,18
36,10
36,14
22,5
24,21
44,13
7,12
11,27
18,17
14,11
40,5
14,13
37,19
11,15
24,1
5,19
47,12
21,19
6,13
48,7
24,12
13,19
24,21
41,14
37,22
18,21
11,12
49,27
39,5
11,20
22,21
19,23
48,20
47,3
0,13
50,12
15,24
49,18
48,19
44,13
40,4
37,30
15,11
43,2
0,24
27,18
13,21
34,20
36,21
14,23
19,14
16,30
19,24
37,20
42,19
46,21
14,15
16,14
47,26
38,30
49,9
10,30
8,2
33,21
4,12
24,7
17,9
36,15
47,30
46,22
6,29
12,13
5,18
49,26
25,25
18,24
4,12
33,25
7,17
20,24
39,17
23,8
5,7
2,4
13,19
26,22
41,2
26,25
28,12
22,27
19,3
30,12
24,7
2,4
24,13
12,22
41,27
8,10
36,11
22,25
12,15
47,6
23,7
34,25
19,15
27,5
0,2
4,1
21,17
27,28
20,2
11,25
50,8
15,9
50,6
25,24
44,10
50,11
20,30
7,16
36,19
45,21
27,3
41,19
15,25
18,11
11,16
29,20
1,14
12,6
9,21
31,17
49,22
48,11
14,13
7,3
2,23
0,13
45,20
4,27
22,28
9,29
23,15
36,27
47,11
7,11
49,29
25,13
7,25
13,29
43,6
34,24
11,8
30,22
21,25
35,17
12,26
18,5
38,9
7,1
36,28
45,19
26,13
46,28
18,20
28,12
22,20
7,9
40,2
45,8
3,26
6,9
25,13
28,27
42,13
34,23
14,28
28,4
33,13
36,28
45,18
31,27
48,7
26,17
44,24
2,6
23,4
44,28
9,1
21,21
1,29
8,9
18,11
35,20
10,25
16,5
7,24
16,10
25,25
41,6
4,29
16,24
23,4
23,6
40,29
17,16
16,2
36,4
9,22
20,16
2,3
46,30
37,8
8,17
45,22
2,28
22,12
45,10
27,11
43,12
33,24
26,29
36,6
40,11
10,30
17,15
15,9
46,15
32,15
26,20
0,16
8,4
44,1
15,10
7,27
36,22
28,23
47,5
7,21
50,9
50,1
5,2
3,25
40,30
18,25
46,16
7,25
17,13
44,7
24,3
18,26
30,7
5,20
35,7
10,28
4,26
11,23
22,18
50,4
46,29
6,14
35,9
0,8
11,8
49,21
44,29
36,10
24,17
7,6
20,2
20,30
33,23
1,30
39,14
0,20
26,2
19,22
48,2
47,17
2,19
45,11
14,5
2,17
36,25
15,10
1,16
42,13
36,15
46,26
15,9
39,18
13,6
30,7
28,12
30,23
29,19
20,18
37,10
23,1
3,29
17,5
19,5
9,15
14,26
46,13
32,30
37,13
48,15
16,16
43,4
33,13
25,30
2,20
50,26
48,9
9,7
26,24
10,22
24,12
34,8
20,29
7,16
37,26
43,6
11,18
49,22
34,4
22,2
34,30
38,5
19,30
24,22
42,6
40,6
49,7
32,12
50,22
36,27
33,26
49,23
4,23
42,9
28,19
4,30
24,21
11,5
42,16
18,26
18,8
22,1
3,8
35,21
16,5
20,3
9,19
26,22
21,26
45,21
21,16
43,26
38,25
18,26
49,17
35,11
29,20
33,22
28,13
15,2
16,25
11,27
26,9
7,28
27,28
14,11
25,15
15,17
36,15
35,27
24,22
20,24
41,18
42,30
44,15
20,12
11,12
19,4
44,14
32,5
34,2
17,16
30,22
34,4
45,18
21,7
38,9
22,3
10,25
41,16
23,16
50,27
5,2
12,28
25,5
27,17
26,7
15,6
11,13
5,24
31,8
5,22
29,17
32,13
31,7
21,8
49,21
28,12
43,28
33,11
7,8
36,14
43,12
23,23
1,27
41,27
24,19
22,3
14,13
49,14
22,7
19,11
45,23
40,14
47,24
35,13
19,3
24,20
39,24
37,3
18,2
35,22
40,19
39,27
23,5
43,1
2,24
31,21
9,13
44,17
36,11
45,15
39,4
15,20
22,19
44,15
15,8
32,11
32,26
1,27
4,25
34,23
10,14
50,4
3,29
20,6
21,9
35,18
43,2
0,27
11,15
49,12
23,29
25,20
13,10
12,26
6,27
14,7
18,30
21,8
11,20
16,18
7,3
31,11
4,29
27,25
49,26
34,20
12,15
20,20
40,21
39,19
41,2
24,2
14,23
47,9
26,23
48,2
9,7
15,18
6,20
18,26
5,5
40,6
25,12
50,6
25,12
3,1
1,4
5,29
45,28
42,7
50,30
37,18
46,2
25,29
41,25
20,12
16,3
16,2
33,6
5,25
41,4
17,25
37,30
29,12
6,29
22,28
39,4
0,9
9,4
33,27
28,17
27,29
44,2
32,24
1,3
31,16
3,12
24,1
6,15
1,29
20,8
49,8
14,7
0,16
2,30
26,3
49,8
25,27
15,17
17,17
38,5
18,23
5,16
3,13
46,24
15,23
39,2
44,1
1,26
4,6
50,27
35,22
0,21
45,11
35,29
6,28
31,15
17,15
0,23
29,29
45,12
30,23
5,16
28,7
29,19
36,23
22,29
50,4
42,4
30,4
48,16
48,9
16,23
22,21
3,2
39,12
38,18
39,1
3,12
35,27
27,10
42,19
0,10
39,14
41,24
27,10
11,1
25,30
19,11
5,10
45,19
41,23
10,16
50,11
37,5
32,23
12,15
6,21
30,21
7,19
40,8
14,19
27,13
29,4
19,5
40,11
17,26
14,7
50,13
5,18
1,15
3,11
50,25
47,8
30,17
14,28
13,14
31,2
47,21
45,22
35,10
1,21
18,22
19,30
26,29
12,9
8,2
16,18
2,14
8,24
25,26
25,2
43,30
46,11
16,14
2,19
43,4
24,14
48,22
27,14
6,21
36,15
34,6
27,10
1,27
21,13
13,8
34,14
2,2
32,17
50,21
17,3
43,17
21,18
35,27
7,11
26,24
20,25
18,27
0,14
50,18
49,18
20,21
27,7
12,17
14,22
49,7
28,30
24,13
3,14
20,30
41,19
8,19
8,28
0,4
26,10
49,26
18,3
12,27
6,6
1,20
32,3
41,17
11,27
23,3
31,2
49,19
18,10
4,19
42,11
25,15
30,7
50,5
2,14
44,10
27,3
30,9
33,28
0,26
13,26
48,30
1,5
48,21
39,2
11,29
15,5
28,15
21,30
25,14
47,19
25,26
15,25
23,5
47,19
47,28
19,24
28,10
11,7
45,7
20,17
0,21
38,27
22,7
12,11
26,24
23,14
13,14
6,5
13,14
27,9
23,26
14,6
35,24
4,6
21,11
1,6
4,7
19,11
16,8
41,1
29,26
34,10
7,4
46,1
42,26
12,24
19,30
19,13
30,19
38,24
47,13
34,20
35,9
24,5
17,9
2,8
36,12
48,1
19,7
44,22
50,12
27,20
25,23
25,6
28,25
11,23
34,10
4,14
17,21
34,24
2,6
43,27
15,9
5,1
4,9
24,5
14,27
42,6
45,8
16,21
31,19
9,21
21,13
44,13
12,17
25,26
49,8
35,5
8,28
9,16
7,30
32,2
35,4
26,24
43,29
13,29
38,16
33,26
50,26
45,9
23,25
34,26
25,5
0,20
8,18
11,14
32,23
33,7
37,15
33,22
19,29
27,29
43,8
32,7
7,6
38,10
30,10
6,3
11,21
27,30
2,4
11,19
8,30
16,23
31,15
26,8
18,23
19,15
36,14
24,14
2,1
14,16
4,22
33,19
6,20
15,10
45,18
46,16
27,25
46,19
28,5
31,3
14,29
28,25
2,1
1,10
28,9
42,2
49,23
6,27
26,9
14,8
30,10
16,19
2,30
46,8
30,8
14,20
11,5
42,10
30,4
22,7
44,19
25,11
22,14
36,14
43,13
12,17
18,30
26,12
1,10
31,21
16,22
9,20
4,5
49,14
3,16
11,23
11,5
19,14
17,3
49,5
36,4
24,13
1,7
9,17
12,1
38,23
12,3
18,15
5,2
0,21
30,4
45,16
31,1
45,10
50,6
47,10
26,13
20,13
46,10
9,16
8,30
15,1
45,24
1,27
49,6
11,9
11,12
19,16
38,9
27,1
36,25
16,18
47,1
16,2
38,26
50,3
48,22
42,24
35,9
7,16
20,21
16,12
39,8
36,6
29,3
14,19
28,10
26,7
38,7
10,11
49,14
45,18
20,18
13,29
3,6
6,17
36,7
37,5
32,3
20,12
49,12
16,29
35,25
45,30
39,14
23,2
43,2
5,17
20,23
19,10
49,27
15,14
41,10
44,8
12,19
41,17
10,2
28,5
6,6
40,8
25,18
38,5
15,15
8,21
35,5
47,23
42,6
36,13
1,9
10,18
2,2
40,29
28,23
48,28
39,12
6,30
3,17
1,22
13,2
47,16
37,6
16,12
1,16
48,11
1,24
11,15
27,17
42,23
48,22
22,4
36,25
10,25
7,12
23,2
21,10
27,21
42,10
37,9
38,11
45,17
24,16
11,27
24,22
35,18
22,3
20,6
5,20
9,19
14,5
27,24
47,16
25,30
34,4
29,1
23,3
14,14
46,16
34,16
16,11
18,24
46,24
5,11
33,3
9,22
40,14
8,6
50,13
31,4
33,18
37,17
32,19
40,19
22,21
4,24
28,2
45,27
46,18
26,5
33,27
3,29
47,13
13,22
45,27
46,8
0,8
38,15
34,6
13,20
24,18
7,6
36,9
17,17
43,14
15,12
32,1
31,8
8,7
23,26
9,7
6,10
8,10
27,9
47,25
41,16
23,10
4,25
50,10
42,21
20,18
43,5
45,23
43,11
3,1
49,11
19,8
13,30
43,8
40,9
6,17
17,10
26,27
42,8
26,24
34,30
13,6
34,26
25,19
6,29
23,1
26,30
45,4
29,30
37,27
12,20
32,12
32,12
0,7
41,21
30,28
12,6
26,12
8,2
44,2
17,27
6,15
4,19
48,10
1,29
49,16
37,13
29,11
39,20
14,3
18,9
26,8
32,14
21,30
44,5
41,24
45,11
31,5
7,10
11,27
18,3
20,2
15,27
9,23
30,22
13,16
21,9
5,9
41,24
21,19
4,15
27,7
1,11
2,13
4,10
24,16
21,5
26,24
41,4
20,5
8,23
31,13
47,10
45,13
18,15
34,20
13,11
42,5
31,17
20,5
1,30
48,20
10,15
7,14
44,24
23,2
16,20
46,10
4,25
49,23
43,8
45,16
36,1
31,14
25,2
27,25
2,20
4,6
28,2
39,2
33,19
44,1
47,9
43,12
37,5
37,21
31,14
4,2
12,19
23,13
41,7
41,26
12,22
25,18
12,10
3,22
49,17
39,18
40,5
4,17
49,20
33,26
40,17
13,11
46,24
25,25
5,4
7,11
47,17
20,10
25,1
49,15
47,10
7,27
0,9
42,14
0,28
46,14
3,17
20,7
9,7
19,27
19,11
33,30
19,5
14,13
44,11
11,13
35,15
27,5
12,19
44,24
47,30
22,29
32,14
8,12
17,13
49,25
13,23
3,23
28,9
24,5
14,26
22,11
19,15
0,12
50,26
35,25
9,24
4,14
49,27
41,12
40,13
26,20
42,7
6,19
22,3
36,8
5,2
33,3
42,19
50,29
20,2
16,18
0,9
17,4
50,7
18,26
37,1
42,22
33,8
18,29
49,19
4,28
27,26
15,13
27,10
4,17
23,2
20,11
16,4
31,22
22,12
43,5
33,19
28,2
12,1
44,17
33,22
13,6
23,20
9,11
44,19
18,28
11,14
40,21
30,5
40,22
47,22
33,3
8,17
3,19
30,15
39,19
27,5
5,2
8,22
21,6
3,16
30,9
31,16
45,20
30,17
29,16
11,20
48,22
10,27
43,30
25,29
2,19
46,13
49,11
47,10
17,7
39,30
40,24
34,17
41,4
47,8
5,18
9,3
35,20
27,22
35,4
0,27
42,10
0,7
43,3
46,18
50,4
25,17
44,7
2,20
18,6
25,5
23,19
9,26
40,27
30,28
30,5
31,25
5,23
4,1
27,6
7,1
25,26
35,19
35,28
10,14
47,19
47,13
43,22
38,24
18,1
15,11
8,21
5,5
46,17
23,2
35,8
44,6
3,21
33,15
34,23
5,3
22,22
32,24
36,15
23,28
48,25
43,30
17,18
15,18
0,22
0,14
33,29
21,12
40,26
30,1
42,26
10,18
9,19
13,15
31,9
26,20
20,15
29,2
3,22
25,23
35,15
38,16
9,27
0,13
20,1
32,29
4,27
1,9
47,27
30,12
40,3
15,19
14,22
33,5
13,28
49,25
24,8
13,14
26,11
24,15
27,25
46,15
33,28
15,2
34,14
26,22
11,6
36,6
25,1
11,5
34,5
24,10
34,30
48,13
40,5
34,27
1,2
32,12
41,18
17,28
8,8
16,8
2,20
15,7
8,25
47,27
45,10
49,4
45,26
42,13
5,3
37,4
49,6
20,20
42,23
38,14
16,4
6,5
9,4
3,12
21,4
2,19
48,22
19,15
27,27
28,10
19,15
20,30
40,4
41,10
37,26
25,12
8,6
35,4
22,12
16,19
46,4
23,16
32,24
32,18
32,7
6,5
25,2
48,18
25,5
36,26
39,11
2,28
33,29
43,28
38,3
31,2
6,25
15,27
12,4
21,27
8,1
11,9
21,29
32,17
8,23
39,18
22,4
49,11
19,28
27,21
48,30
45,21
9,3
44,19
15,27
39,1
36,9
8,14
45,16
10,22
18,16
17,17
40,16
29,1
26,8
33,4
37,26
17,1
30,28
40,14
39,13
21,25
38,11
7,24
50,19
5,16
48,30
40,14
42,13
9,2
48,8
5,22
7,6
13,6
9,26
3,1
28,8
13,12
32,17
11,23
32,19
18,20
40,20
48,23
8,16
33,3
20,25
2,15
26,17
16,16
33,5
10,11
9,9
0,26
32,5
14,7
22,14
32,16
43,14
40,15
31,23
33,9
11,28
31,26
25,30
8,5
32,27
13,10
14,1
21,1
40,13
16,19
27,29
50,23
18,26
21,4
38,28
21,4
29,2
25,6
0,15
37,15
29,26
29,28
26,15
41,9
2,12
24,6
24,15
17,16
12,15
9,15
42,21
47,25
7,21
44,25
11,1
41,7
23,25
30,18
34,10
10,4
10,28
46,8
7,28
9,21
45,12
4,29
28,5
19,13
16,13
1,22
22,23
8,10
29,27
25,28
48,25
43,16
37,22
33,20
17,29
17,28
16,12
33,13
5,5
30,13
43,29
48,7
46,15
8,8
18,21
24,8
3,9
44,25
15,1
22,30
49,3
12,21
25,17
36,23
25,22
8,20
17,24
18,17
0,8
4,6
39,23
4,16
7,13
22,21
25,22
14,19
50,20
47,17
41,5
45,15
30,12
21,10
7,21
23,27
37,27
22,10
3,29
48,16
27,17
44,8
42,26
37,18
12,1
7,9
2,26
1,29
20,28
7,22
43,9
48,29
31,8
0,25
12,7
3,28
24,30
1,21
24,21
3,6
27,16
10,12
12,19
26,11
41,19
16,7
21,19
21,4
32,27
42,20
44,30
4,24
22,10
18,9
14,22
24,22
24,29
4,15
25,15
49,12
0,11
25,11
49,20
23,24
29,28
44,11
38,19
47,18
42,26
1,8
2,18
44,6
38,25
13,7
10,14
0,3
22,30
28,16
7,4
20,13
24,11
22,19
2,8
31,10
2,2
13,19
19,8
7,3
21,13
7,13
48,5
13,19
14,5
1,12
50,21
0,1
34,13
14,28
18,29
46,25
23,16
49,28
30,21
11,15
43,15
3,15
34,28
12,25
5,6
36,23
22,29
45,16
44,22
41,26
44,13
44,3
40,26
40,9
10,3
33,20
0,1
2,22
5,14
18,25
7,3
6,24
6,13
14,28
35,20
25,7
8,2
35,5
36,16
8,13
43,1
18,7
40,9
36,30
49,1
9,24
19,4
8,25
26,23
38,21
49,9
33,2
28,11
11,18
37,13
35,2
35,16
42,30
6,9
13,25
3,24
36,29
43,10
32,17
3,25
49,2
2,4
34,5
21,24
14,28
18,30
30,5
13,3
21,25
26,4
23,14
27,1
48,22
17,27
18,23
18,10
48,25
31,13
41,22
17,19
30,3
1,15
22,26
22,26
9,20
19,6
31,22
13,22
47,30
41,3
4,26
43,15
29,28
29,27
47,20
24,5
12,23
43,20
41,7
43,13
31,30
4,8
45,5
9,21
16,27
18,29
12,14
14,19
24,13
17,14
12,6
20,24
40,12
47,17
37,4
2,28
40,17
11,3
48,4
50,2
44,29
48,16
23,23
16,14
38,29
14,1
6,18
24,15
23,16
20,6
38,23
23,25
11,3
33,18
13,17
30,4
36,17
49,8
25,10
13,30
24,19
5,1
36,29
8,4
3,20
22,6
7,2
19,18
2,13
1,19
38,20
27,21
13,22
12,17
6,9
34,13
13,15
34,7
21,14
37,26
28,9
34,20
25,26
35,22
11,26
26,30
1,7
20,16
39,26
23,12
43,24
10,23
7,27
42,9
4,14
32,26
16,17
42,21
46,28
43,27
4,30
9,6
13,5
38,11
4,12
30,13
46,14
25,8
35,12
27,7
23,4
46,20
18,27
28,18
47,9
8,16
33,2
25,2
4,4
27,23
41,20
15,6
28,16
6,19
10,14
30,28
1,23
17,29
13,21
26,13
13,7
42,14
50,25
42,5
14,20
50,29
36,19
13,6
15,22
30,5
18,29
43,22
43,27
21,6
39,8
15,4
15,8
38,26
47,4
5,29
41,4
48,16
35,13
7,30
22,10
17,19
14,7
50,25
13,11
21,25
8,17
19,24
20,25
25,3
31,29
19,11
33,18
15,16
13,21
6,4
29,25
40,2
17,17
13,18
38,2
24,20
10,4
34,14
7,27
50,5
46,2
24,17
36,27
22,19
10,16
45,28
50,4
12,26
29,26
35,18
2,22
26,18
19,9
13,15
6,26
18,14
34,10
49,29
25,21
28,16
15,22
0,20
35,29
35,10
23,8
20,28
27,9
26,4
12,4
27,17
43,8
34,21
41,20
30,11
34,26
0,27
11,12
26,23
29,4
46,5
41,13
34,20
6,15
14,30
5,2
38,28
17,26
45,30
22,9
14,10
39,1
1,24
41,1
12,17
47,12
31,14
39,11
49,26
8,15
9,16
6,17
42,12
33,2
8,11
39,22
18,14
9,9
24,28
5,3
2,17
23,21
35,16
2,24
2,23
31,18
22,22
6,8
20,23
50,19
16,19
35,16
39,14
37,25
7,21
1,21
14,23
14,3
32,17
5,2
12,6
20,9
29,13
23,17
25,9
0,3
40,17
16,25
38,18
1,3
27,19
1,15
1,18
28,11
17,14
26,12
34,12
45,2
20,13
17,19
22,3
18,21
5,26
37,9
13,8
31,2
18,14
16,19
16,9
16,26
41,15
36,18
39,10
35,27
15,26
43,23
23,3
6,24
27,12
2,16
22,15
0,19
36,25
22,23
5,14
22,24
48,22
19,6
13,15
4,16
16,1
19,10
23,15
8,15
21,21
33,9
0,3
24,22
18,11
50,29
46,3
49,4
16,11
23,8
9,17
32,13
42,19
35,16
12,17
2,18
8,27
34,4
26,9
32,9
1,24
28,24
12,14
16,12
8,7
20,12
23,19
8,4
3,27
3,27
4,18
43,12
14,18
42,3
0,7
0,30
48,14
27,6
25,9
31,13
20,17
19,26
29,20
6,21
41,14
5,13
5,22
47,13
33,1
33,24
13,2
46,11
49,15
2,28
38,4
50,13
35,2
2,23
4,21
46,17
37,6
4,12
47,2
45,1
24,19
24,19
19,3
24,30
9,19
16,1
42,24
35,14
32,26
41,16
31,28
42,10
50,7
47,16
36,18
37,9
39,27
22,28
5,20
43,12
29,29
48,14
42,19
10,10
26,29
24,9
31,26
45,29
40,22
9,15
25,5
9,18
50,4
50,29
5,8
49,28
12,23
10,26
7,28
32,30
2,22
16,13
14,26
39,24
42,13
50,14
42,16
13,30
32,27
9,13
4,28
36,8
20,15
45,11
33,16
14,29
25,20
32,9
42,15
17,5
46,19
11,26
40,27
30,14
46,11
21,24
27,24
6,14
27,8
35,9
5,6
17,5
5,1
35,17
16,6
1,18
28,14
46,12
12,30
24,25
27,25
44,26
42,8
41,15
23,8
35,27
35,12
15,6
5,22
3,28
26,23
8,19
36,23
22,7
27,22
2,28
6,13
13,28
17,4
34,14
32,18
6,14
1,22
22,1
20,4
14,18
17,2
16,3
12,3
2,5
44,3
41,25
23,11
32,23
21,25
31,9
25,18
18,8
0,29
43,4
36,8
9,13
42,25
4,30
28,27
15,14
3,1
1,5
14,15
32,16
46,9
4,21
15,17
23,18
48,9
46,13
20,28
8,1
19,11
42,11
39,21
45,29
18,26
14,18
46,19
12,15
41,10
0,11
44,11
17,19
39,27
50,2
22,7
37,22
26,2
36,7
48,12
39,1
24,17
44,22
13,28
48,1
6,7
28,12
19,21
38,1
25,20
14,20
28,2
45,26
44,12
35,15
24,24
41,9
50,21
4,7
26,17
18,21
8,15
40,2
32,13
35,14
24,28
34,29
3,1
49,3
32,26
17,6
40,8
5,4
18,7
35,15
16,26
11,16
35,18
30,5
20,24
45,14
7,5
29,1
33,19
7,19
48,3
16,10
0,16
46,8
17,2
27,1
22,4
20,3
19,3
1,1
14,13
35,5
23,17
20,25
50,25
35,15
41,27
8,10
7,21
2,21
49,22
1,28
48,3
47,4
14,4
34,23
20,1
27,28
11,17
12,25
5,22
26,21
19,18
11,4
17,23
36,28
16,3
39,6
27,29
34,29
17,13
38,27
36,2
26,11
29,13
7,6
45,17
40,19
22,19
28,24
41,5
39,30
34,22
20,22
12,16
46,12
13,8
50,28
19,23
38,13
11,17
17,1
25,26
41,15
10,20
29,30
39,14
33,8
31,30
36,29
45,30
15,27
48,14
40,13
13,3
25,8
3,30
5,13
36,17
9,26
1,14
13,30
50,3
29,19
29,15
48,24
26,1
39,26
24,15
23,11
21,15
27,14
41,10
30,20
17,30
17,16
0,3
0,30
39,13
39,22
38,7
31,3
44,15
39,5
40,6
35,25
37,14
36,15
6,22
33,6
28,6
32,27
20,16
3,27
8,19
32,6
8,29
40,20
3,29
23,18
13,26
9,17
50,24
20,9
28,17
38,10
27,14
16,8
3,3
19,22
16,27
9,16
15,16
20,17
24,29
45,21
32,29
11,9
15,15
18,20
34,17
47,2
20,25
27,30
36,27
24,20
28,23
29,2
7,10
31,11
20,18
25,6
38,15
20,9
45,22
29,30
23,10
16,12
41,16
13,16
3,18
47,10
16,28
18,19
12,26
31,8
45,7
48,9
50,1
17,13
9,12
18,26
49,26
14,22
1,1
41,5
37,29
47,7
5,26
12,17
24,16
20,11
48,14
23,23
22,1
9,30
37,11
47,9
24,17
22,28
40,28
49,30
49,14
50,29
50,27
35,11
46,24
17,29
33,4
9,16
0,5
24,6
34,9
49,15
41,25
20,23
49,21
22,10
22,8
19,9
27,18
41,10
23,5
28,24
3,18
48,22
6,8
2,11
19,2
48,15
8,10
49,29
5,30
34,30
40,15
13,12
29,15
7,18
45,11
14,10
19,9
28,27
17,6
43,2
26,22
26,21
2,18
11,25
25,2
28,22
12,9
41,9
26,30
47,13
42,30
47,25
9,3
17,18
32,26
38,8
22,9
23,16
8,12
3,3
15,1
16,20
20,5
31,21
36,20
17,24
47,21
50,9
18,2
21,16
33,8
35,25
42,17
15,21
13,21
5,2
43,17
42,12
17,22
32,11
2,29
47,3
43,21
49,5
8,28
3,28
37,10
47,18
28,27
32,28
35,12
37,21
14,25
17,3
0,22
26,5
18,8
46,14
20,25
26,23
7,9
28,29
33,17
43,12
37,4
17,14
3,12
45,25
27,24
41,11
6,6
24,7
22,23
47,7
34,11
37,20
13,25
5,4
41,12
34,14
32,2
0,17
45,28
23,26
29,22
21,17
4,28
29,13
40,6
49,5
12,1
44,29
7,22
25,3
9,17
2,18
11,1
36,8
9,15
27,29
14,2
35,3
43,4
42,24
21,1
25,2
22,26
42,12
12,11
7,7
26,25
7,23
28,16
36,10
10,20
6,15
16,5
38,18
29,11
36,26
13,20
22,26
13,10
41,9
21,5
1,26
6,23
5,18
39,25
38,1
8,12
0,23
4,7
6,26
21,23
4,19
49,21
32,1
9,15
21,30
44,28
23,17
49,13
4,17
18,18
18,4
5,17
44,22
8,21
18,6
39,23
6,25
15,13
15,10
48,13
41,4
5,29
16,12
48,5
27,25
33,27
13,11
34,12
45,5
8,25
10,17
39,17
39,19
10,11
21,7
4,8
34,2
21,28
24,7
33,30
16,16
15,19
33,2
19,18
21,23
14,27
3,20
20,27
0,6
14,17
9,25
10,28
20,25
19,5
34,22
42,16
4,4
35,29
14,3
10,2
3,19
6,22
26,24
47,28
33,2
2,6
2,26
14,13
44,18
47,1
8,17
31,5
45,6
43,28
3,2
11,1
48,11
21,10
27,29
48,18
20,14
26,23
50,15
8,21
22,21
37,23
40,29
7,21
34,17
26,23
22,17
45,18
19,11
28,21
4,15
31,3
33,11
42,16
14,21
14,17
26,6
4,21
12,13
15,12
3,8
9,25
46,15
21,27
0,7
33,29
39,22
22,3
7,8
21,7
29,6
44,9
1,27
39,16
48,14
9,12
50,22
8,8
49,5
46,29
29,27
19,23
24,7
1,14
43,11
1,18
34,28
8,5
10,24
47,11
7,11
17,28
35,1
38,4
31,9
33,28
28,20
18,1
18,30
23,21
33,6
5,28
19,24
39,28
6,28
9,8
6,22
18,19
39,17
11,26
39,11
50,25
0,25
19,3
33,16
43,17
12,25
36,6
21,8
0,8
1,15
43,24
19,2
11,18
37,26
7,27
24,2
44,24
29,13
17,5
35,2
17,27
23,13
41,18
30,22
47,21
26,26
40,27
48,20
10,10
34,25
32,12
34,24
25,25
25,14
18,30
49,16
21,8
27,29
25,13
32,5
39,19
32,28
39,29
33,10
17,17
32,16
36,1
20,2
45,28
14,21
36,28
18,12
2,22
32,14
47,26
32,3
25,25
29,14
3,20
16,13
4,21
42,4
1,17
41,20
30,17
7,17
33,5
41,7
30,28
0,5
38,6
7,2
11,25
25,28
27,2
13,28
38,16
1,17
16,21
46,4
4,5
49,17
43,30
46,19
50,10
27,14
23,17
8,21
6,2
3,24
5,3
13,20
13,28
24,17
49,23
5,5
42,21
22,2
27,4
18,6
46,19
5,7
44,11
24,29
49,5
38,14
24,15
7,9
24,10
40,14
31,4
50,27
15,30
28,23
12,9
15,25
38,2
17,22
6,14
23,28
0,23
3,22
7,17
27,4
6,26
6,13
43,3
19,14
38,24
13,5
48,13
0,21
4,18
0,7
19,7
23,27
4,10
9,23
48,23
46,19
7,10
34,5
15,10
3,4
18,28
27,2
48,24
39,2
13,23
33,18
18,17
49,6
41,8
48,13
2,29
38,25
27,26
0,2
43,25
19,28
35,23
6,4
3,25
43,5
38,19
19,7
34,14
35,8
12,20
32,12
16,30
34,30
22,19
0,19
42,29
35,16
43,9
44,6
44,27
46,20
4,5
18,22
50,25
29,30
1,26
3,11
34,11
4,7
5,8
12,8
30,29
34,23
42,22
20,13
6,19
7,17
5,7
30,10
27,16
22,13
10,4
31,14
12,14
17,5
50,16
1,8
47,21
33,5
49,8
40,18
32,29
35,3
35,19
47,10
0,11
2,9
29,4
25,2
33,6
45,29
18,26
16,14
47,8
23,25
45,22
19,5
35,8
29,11
34,23
31,13
6,8
4,16
37,16
43,8
46,15
28,28
43,3
34,10
16,5
44,27
2,5
49,20
20,20
42,12
32,23
12,21
25,4
46,10
40,26
6,2
41,1
29,22
1,17
46,3
2,19
41,5
1,4
37,25
49,23
10,20
24,28
3,20
26,6
42,22
28,9
25,16
25,19
31,26
36,10
17,10
12,16
32,12
0,22
12,4
22,15
48,30
23,22
15,1
21,22
36,2
15,5
42,25
26,28
3,19
28,29
2,10
49,28
26,28
9,23
13,4
18,19
3,22
46,13
5,1
9,20
15,6
13,21
42,10
4,22
9,1
26,21
38,3
17,13
8,30
20,26
6,25
2,17
32,21
29,12
0,15
19,8
15,3
16,4
40,3
19,16
30,20
38,28
29,1
28,19
26,26
17,17
35,29
2,18
40,26
32,26
17,25
38,18
47,6
37,14
50,12
20,1
14,5
7,8
42,14
29,11
16,17
34,1
0,8
9,1
2,6
8,18
18,13
42,23
22,14
11,9
27,15
21,28
40,27
29,1
11,8
13,15
42,30
3,1
42,15
33,8
22,6
35,29
30,15
43,9
27,9
3,30
31,8
26,3
32,5
0,9
22,19
29,28
29,25
34,14
15,2
2,18
24,9
16,11
43,30
49,24
22,15
16,25
40,1
2,20
27,20
30,8
12,4
16,29
12,2
16,29
11,17
34,18
44,2
13,8
40,8
47,6
7,30
46,29
14,10
6,11
44,2
10,18
36,10
32,6
18,12
49,4
32,20
46,25
15,10
31,4
43,17
22,11
32,6
15,19
46,22
0,24
13,9
6,19
10,10
24,27
30,8
22,30
22,13
21,15
8,10
30,21
15,10
34,17
24,11
24,19
24,11
35,29
40,16
36,28
1,16
14,16
8,13
18,5
18,12
1,24
21,7
32,11
44,8
19,11
45,8
21,6
12,30
22,11
13,9
37,16
44,3
48,11
43,26
1,18
4,9
12,21
27,11
4,4
19,11
17,30
19,30
47,7
11,10
28,1
40,23
15,5
46,20
30,26
46,13
13,1
24,10
36,29
48,19
10,15
2,10
46,21
39,3
17,23
28,24
46,3
11,20
15,18
4,14
17,9
50,20
36,28
47,15
38,26
31,26
20,22
49,21
36,6
39,20
1,6
42,15
6,29
37,13
14,1
39,26
41,18
21,4
43,3
30,8
24,28
25,20
31,1
49,27
22,27
30,27
23,25
46,3
40,12
36,8
39,14
46,4
8,30
46,20
12,23
49,3
13,23
38,4
44,22
6,22
31,5
15,29
0,13
30,17
32,8
23,29
48,9
44,10
21,11
50,17
1,30
0,24
11,15
47,2
22,3
33,18
2,5
20,17
41,10
8,11
1,3
12,23
47,30
29,6
48,24
49,16
20,20
41,27
23,16
23,27
36,10
50,21
7,23
21,21
20,7
34,10
26,26
38,22
28,15
46,7
40,20
38,25
29,30
27,27
4,12
35,24
10,22
46,23
20,17
34,12
12,7
49,25
31,17
26,25
31,29
40,13
11,12
6,26
42,15
32,10
24,25
45,12
43,25
19,16
29,26
20,20
38,19
13,14
20,23
32,23
48,24
21,21
38,11
42,10
34,12
22,6
5,13
38,21
45,9
26,24
49,14
1,24
23,5
17,6
11,14
33,14
38,16
24,1
12,6
0,5
14,15
29,18
1,21
21,1
11,24
48,27
38,24
25,12
14,25
22,30
35,4
22,24
10,12
16,29
50,17
7,23
34,21
4,4
24,15
7,4
11,8
25,9
39,7
50,16
25,23
13,8
4,10
22,29
46,23
48,13
6,19
1,7
32,22
50,11
8,24
3,8
42,19
42,5
28,25
6,21
2,26
36,18
48,30
18,8
30,13
10,9
25,20
16,7
7,25
40,6
44,30
25,14
25,5
23,14
46,27
7,29
18,23
36,5
0,27
3,24
34,14
17,30
26,3
34,8
6,7
18,29
31,21
46,20
47,21
2,30
36,29
5,28
45,4
17,27
26,30
30,28
48,29
11,6
14,29
47,6
44,27
2,9
37,6
12,19
10,12
6,21
45,21
47,13
13,1
42,21
25,2
49,21
12,19
0,1
14,28
45,26
44,27
26,19
40,2
33,3
16,12
5,2
5,7
20,23
13,5
15,6
6,1
34,24
37,16
40,29
33,24
28,22
35,8
47,15
22,3
10,16
31,15
45,27
8,22
17,18
8,28
18,10
1,13
36,28
43,7
34,17
48,10
33,6
10,12
24,24
45,26
13,1
32,16
49,12
31,12
9,27
33,26
2,21
10,20
45,15
16,4
33,27
20,12
11,26
2,6
41,5
19,28
14,27
25,12
30,14
43,6
43,28
40,27
38,8
39,16
10,18
14,22
9,14
43,25
36,17
20,24
6,27
36,15
29,16
48,14
0,26
21,22
47,15
35,7
30,21
25,16
43,5
23,30
47,15
24,8
27,5
26,6
13,6
3,5
46,2
0,30
26,11
37,30
32,10
29,14
48,15
26,16
14,11
0,29
13,6
19,10
37,6
39,9
15,23
36,11
16,7
6,18
40,29
0,30
5,8
24,23
43,20
19,9
39,15
16,3
34,16
9,15
38,20
26,22
31,2
34,21
48,6
29,13
20,6
49,10
37,18
42,3
25,6
31,1
13,7
43,2
39,4
30,14
33,24
11,19
8,18
25,13
38,22
19,13
3,11
26,1
36,11
17,1
25,10
10,25
34,10
27,4
35,16
38,20
25,27
30,21
47,10
25,6
4,19
13,5
24,28
44,24
2,19
17,19
20,19
21,18
8,8
9,7
42,30
43,6
32,24
35,28
46,20
15,27
25,12
24,2
9,12
50,12
15,21
46,24
1,29
24,15
32,2
7,29
1,24
37,30
50,12
29,25
46,28
48,9
39,12
10,1
34,4
14,18
22,7
0,20
25,2
39,24
45,7
22,29
16,1
18,2
6,1
34,9
44,16
30,30
22,26
5,30
42,5
17,15
28,2
48,11
27,12
27,16
6,2
32,7
5,30
37,9
36,2
37,15
8,29
18,26
47,11
9,7
45,19
42,8
7,2
20,16
32,2
16,20
0,21
23,27
35,10
9,13
12,9
50,9
33,4
14,2
35,9
27,4
50,10
3,28
5,25
11,23
7,9
36,28
0,6
1,3
32,7
17,10
12,8
21,22
30,10
37,2
3,29
44,16
9,23
45,24
