29,9
32,24
5,21
38,15
35,13
16,3
35,2
45,25
29,22
38,8
42,16
11,19
44,23
1,5
28,29
22,24
28,19
12,24
50,10
8,29
24,17
31,16
43,29
32,6
42,16
8,13
13,15
30,10
47,8
26,18
25,15
42,28
5,15
14,24
28,13
4,3
41,26
35,29
45,18
9,8
30,4
17,4
13,28
37,4
1,1
16,24
49,5
4,7
23,20
26,20
6,29
44,27
12,8
21,24
6,13
40,21
36,9
47,7
44,12
36,17
39,28
34,25
44,4
12,22
10,25
13,9
12,4
44,12
36,27
18,17
25,4
35,1
20,17
3,16
23,8
30,24
24,25
45,8
24,8
2,22
13,16
46,13
46,29
24,8
0,8
26,29
10,6
4,12
21,17
28,9
29,17
44,15
47,3
10,24
18,25
7,13
16,27
30,8
34,29
32,9
14,9
30,15
31,17
2,19
27,21
40,27
48,7
44,24
37,17
46,3
44,13
50,1
30,25
30,21
13,21
20,24
17,6
35,5
21,19
27,13
4,10
32,28
17,14
4,3
2,25
47,10
48,15
9,3
39,1
21,16
4,15
37,19
43,17
6,18
20,21
10,3
9,29
48,6
13,10
34,10
15,28
32,25
48,14
27,9
42,5
3,11
47,26
24,2
14,15
28,26
11,15
11,10
48,11
47,25
17,22
34,25
26,21
23,6
23,11
34,24
44,30
46,27
16,14
32,16
22,26
9,21
32,5
46,4
32,4
43,20
6,19
13,12
11,27
39,7
40,29
29,25
20,28
4,16
9,26
26,18
36,11
1,7
9,16
1,3
15,25
6,3
44,3
31,19
46,29
13,11
38,17
40,16
46,2
44,29
47,21
0,16
48,22
3,29
15,12
24,17
49,14
36,6
34,27
30,2
7,13
38,24
31,20
21,22
33,27
28,18
19,26
9,23
42,23
43,23
23,15
45,27
18,26
33,4
10,20
43,7
21,23
22,2
40,20
44,19
28,23
38,28
1,17
21,4
12,7
48,17
49,10
44,23
16,8
18,6
47,26
8,13
47,22
15,18
7,3
29,1
35,26
33,5
16,28
32,24
8,20
11,1
36,7
17,1
15,16
48,2
9,10
43,6
33,24
29,12
18,13
46,28
45,25
3,7
32,27
24,2
48,22
16,6
26,29
13,29
10,8
14,15
16,16
3,12
46,17
50,28
8,10
48,22
26,12
43,17
20,16
8,22
13,16
37,8
34,2
24,10
28,15
43,1
14,16
34,1
26,7
25,3
12,10
34,21
31,29
7,10
30,8
32,15
39,10
3,10
0,19
40,5
31,19
0,23
30,26
40,20
23,4
48,27
28,27
29,1
20,7
2,13
0,8
33,24
25,23
27,13
7,16
5,6
43,26
50,5
16,17
6,2
18,2
18,25
35,2
36,23
29,28
21,27
31,26
4,2
28,21
39,15
1,10
16,28
27,27
15,14
43,20
16,10
35,27
40,24
35,28
15,13
16,11
23,27
44,30
34,5
28,26
1,23
14,23
44,21
18,16
29,20
33,27
26,25
33,21
25,28
0,13
35,2
11,24
9,30
1,11
29,5
4,3
34,22
0,4
29,11
28,8
17,29
14,10
28,12
33,21
16,7
6,6
48,2
18,3
20,18
49,28
43,14
45,23
1,15
8,10
43,19
31,12
34,23
32,26
10,10
22,29
3,2
28,3
30,12
39,12
26,8
2,18
9,15
11,2
5,2
38,15
14,13
22,20
47,19
11,2
38,15
16,3
35,20
36,26
11,9
21,6
39,21
29,23
5,14
11,10
32,8
49,15
40,12
43,7
38,18
24,27
15,26
26,24
14,21
39,2
19,24
9,18
3,9
23,24
8,30
21,17
28,20
45,5
1,14
10,8
3,14
22,21
14,20
33,5
5,11
3,20
43,2
23,6
1,30
15,22
45,3
38,18
32,26
26,25
16,6
12,6
3,14
43,14
20,30
11,12
49,26
20,11
12,26
32,6
10,8
41,12
2,19
8,1
6,14
44,20
21,20
43,1
13,5
48,9
23,10
25,14
20,5
29,14
7,29
8,6
43,23
11,12
25,18
48,11
32,22
8,19
6,26
43,5
13,9
6,3
14,22
46,1
29,1
4,7
27,13
32,22
7,10
37,1
45,15
15,11
13,19
47,5
33,9
17,30
35,14
50,29
23,6
21,12
35,16
50,22
14,28
47,12
24,26
6,4
30,21
50,17
35,5
25,25
33,6
35,4
21,2
11,12
38,26
0,21
50,23
15,30
32,2
2,11
38,17
40,15
32,16
40,30
4,3
17,22
32,26
13,2
40,5
36,17
32,28
25,23
48,10
15,13
36,10
19,21
42,2
21,20
42,27
44,19
30,21
22,29
26,12
0,8
41,19
43,27
21,14
28,1
27,25
26,12
46,13
30,13
18,20
40,9
44,20
43,2
46,14
3,9
15,4
28,8
9,22
22,23
33,9
31,12
19,24
20,14
13,16
48,12
29,5
23,19
16,4
29,30
5,21
46,15
35,1
14,5
34,16
7,21
30,27
32,13
38,19
23,17
15,10
31,22
50,14
33,13
48,3
10,9
8,26
41,4
35,5
29,19
46,13
19,4
40,3
0,19
29,8
18,27
29,12
46,14
14,16
44,2
7,13
21,16
15,25
49,27
26,24
3,11
33,22
31,28
9,14
5,1
29,15
1,5
17,19
10,6
12,3
41,1
7,8
24,30
43,6
3,15
26,30
13,28
17,23
45,12
46,8
6,3
13,30
41,12
47,25
35,21
17,14
34,28
36,23
18,29
38,30
30,24
25,1
13,19
34,12
11,26
32,18
15,27
19,5
13,18
27,5
36,5
11,26
45,15
6,26
22,8
29,30
18,24
20,1
34,27
12,21
43,26
32,22
22,12
30,2
43,6
25,5
38,16
26,24
36,20
18,1
45,17
15,4
24,3
13,4
5,22
22,19
12,1
5,18
49,15
4,6
48,3
42,26
48,16
9,12
26,11
25,2
41,24
34,8
26,9
28,4
47,12
23,7
31,13
47,30
42,28
22,30
12,20
43,26
5,27
20,8
50,17
3,12
39,3
45,4
2,24
3,17
41,14
45,26
19,26
9,11
23,3
7,4
9,10
47,14
8,7
43,20
37,18
27,3
1,17
33,3
31,22
19,14
3,16
21,25
13,5
37,20
32,30
5,26
44,19
25,12
43,26
41,18
7,25
26,12
30,9
48,18
1,7
25,8
8,1
2,30
1,19
11,6
4,14
13,21
24,20
28,1
18,14
44,16
18,17
32,26
0,28
28,20
21,1
50,24
33,24
5,15
43,4
16,9
38,7
2,12
19,18
50,8
42,24
9,8
24,19
31,28
21,1
39,11
33,23
1,10
34,10
16,22
33,4
36,17
31,8
47,28
15,14
35,20
9,15
46,20
43,11
4,15
4,25
11,22
8,15
27,7
0,27
50,4
29,21
12,9
8,11
26,2
16,1
22,4
46,13
29,29
36,20
7,5
25,22
48,29
44,27
15,30
0,19
37,24
6,8
29,18
40,12
36,28
43,3
48,10
44,3
12,6
10,10
3,8
46,10
4,5
31,18
38,26
26,3
25,23
29,26
12,2
31,8
15,3
45,13
44,27
50,5
15,25
24,19
13,7
23,4
24,28
41,7
0,30
14,20
18,19
20,1
22,22
41,4
22,21
34,1
41,25
22,8
16,19
48,9
26,2
35,17
6,13
28,18
36,25
23,12
4,28
10,6
3,7
40,26
6,5
12,15
38,15
41,24
19,20
32,16
24,13
8,27
35,25
23,12
42,15
30,5
37,15
14,4
4,6
14,22
37,27
34,12
40,9
30,13
26,1
28,16
4,28
38,14
35,27
45,15
31,13
33,14
26,20
26,5
39,8
44,15
22,30
5,6
24,1
6,8
10,4
13,12
13,16
50,4
37,11
32,16
29,20
38,10
39,14
33,16
19,30
32,27
16,13
18,6
46,29
0,13
3,19
28,11
27,14
2,19
7,13
48,15
34,2
7,12
22,13
11,11
11,9
19,4
42,9
28,3
23,10
28,28
46,14
36,1
40,4
9,17
15,27
49,22
1,27
6,19
38,21
40,24
8,26
0,5
0,19
18,13
49,30
21,22
32,14
20,15
41,4
11,1
16,17
11,23
18,21
13,23
37,30
35,25
19,19
5,18
49,9
20,9
48,7
22,1
12,24
11,27
9,2
30,19
49,7
35,15
39,23
28,15
12,22
17,29
0,4
26,10
15,13
46,21
31,1
15,4
10,20
18,14
24,8
29,3
28,14
27,29
43,4
17,1
46,26
41,15
19,21
21,11
43,4
30,7
40,10
5,12
31,28
10,19
50,19
9,20
16,6
14,20
7,12
13,1
34,25
9,21
26,8
21,13
6,30
27,11
5,7
1,12
39,29
17,30
18,30
13,24
40,30
43,4
19,19
2,3
43,15
20,27
15,17
31,27
8,15
5,13
13,18
49,28
12,15
6,11
8,29
19,6
19,2
48,6
46,1
7,12
31,24
50,24
38,24
6,9
38,5
1,19
24,8
20,20
0,5
23,10
25,24
3,28
31,23
11,6
19,6
19,2
1,14
7,7
13,4
5,16
22,4
22,13
46,26
33,22
48,28
31,18
0,19
27,8
25,24
45,18
47,19
48,29
29,16
46,22
5,7
23,9
18,9
4,8
23,15
10,21
3,20
28,22
5,22
16,16
14,27
32,6
33,13
0,2
32,21
18,11
7,11
0,16
37,22
29,25
18,30
2,10
43,4
9,22
43,6
40,13
16,14
2,9
34,14
43,6
15,10
2,10
3,9
23,11
13,19
31,29
24,23
30,7
43,5
7,14
10,10
44,4
50,25
33,24
42,25
18,24
40,19
8,1
5,15
0,25
35,9
31,13
15,28
28,8
1,8
41,5
42,7
30,24
6,18
16,4
16,7
35,10
7,17
18,19
12,6
35,21
36,24
50,4
37,8
48,5
8,15
29,13
15,14
45,14
24,28
30,18
44,7
12,14
9,28
16,18
16,1
40,17
16,3
31,27
48,30
25,22
48,25
26,10
19,11
31,5
18,20
32,3
14,23
30,19
49,27
7,26
27,27
30,26
1,9
14,16
27,1
26,5
11,4
14,2
33,19
3,13
27,6
8,3
12,30
17,14
35,10
47,30
13,28
16,16
47,1
25,28
44,24
31,7
43,8
0,12
3,19
8,12
36,28
42,4
35,9
15,30
34,16
8,19
33,11
39,10
23,27
18,23
13,20
22,3
27,29
37,12
31,17
15,16
11,4
33,20
25,8
25,8
43,1
29,6
24,26
8,1
17,8
18,3
16,11
33,30
19,2
5,25
29,1
1,27
7,1
47,3
20,6
49,18
11,1
28,20
31,22
26,25
3,26
50,26
48,28
19,7
34,13
20,14
11,1
50,10
15,14
39,19
19,17
17,6
26,3
4,24
33,20
41,3
46,23
21,7
29,23
3,22
33,6
49,1
42,9
36,23
12,1
18,13
32,14
26,6
39,12
8,24
44,11
46,13
32,21
18,24
35,10
26,22
16,6
26,10
18,22
5,29
15,7
29,2
35,20
15,21
44,24
8,17
8,12
3,22
47,7
47,8
30,16
29,30
28,12
44,26
4,8
41,23
8,28
10,5
18,23
25,11
46,30
21,9
12,20
49,25
22,28
24,5
5,25
46,17
41,17
44,10
4,13
0,13
40,18
17,11
11,30
26,15
40,25
13,1
43,4
40,24
46,20
33,30
16,22
20,14
43,17
0,2
32,19
31,12
11,20
47,24
19,22
36,14
1,30
2,2
47,21
28,23
33,10
21,28
7,16
27,12
18,11
15,4
31,7
35,15
30,28
19,30
35,13
6,20
11,26
12,20
9,22
49,19
23,7
43,29
16,25
41,20
40,23
43,22
26,29
18,14
25,13
45,28
47,18
19,28
1,10
10,10
49,1
33,24
3,11
31,8
3,14
0,18
25,17
6,12
49,23
29,16
18,7
25,13
8,5
20,14
23,7
25,21
35,6
13,4
26,5
9,28
12,11
15,13
22,8
28,9
43,7
38,10
37,5
20,18
28,27
4,2
36,10
3,26
7,23
49,15
47,19
21,1
31,22
45,20
1,19
37,12
35,5
26,8
22,20
41,12
38,18
17,19
19,21
36,12
27,26
39,1
14,16
30,2
3,30
26,6
41,5
37,2
7,25
37,27
35,24
11,26
46,27
6,22
21,30
15,17
23,15
34,1
10,5
20,30
1,6
48,10
14,27
27,25
11,16
20,20
42,9
46,5
22,25
30,8
18,6
36,1
45,2
43,3
39,5
6,27
46,3
29,24
30,14
35,20
3,27
16,3
34,28
1,7
13,9
2,18
29,18
21,27
28,12
14,27
4,25
34,2
26,30
22,22
8,16
41,3
20,14
27,26
2,14
22,12
48,23
24,2
30,14
20,24
23,12
18,26
12,26
29,2
0,8
22,9
41,16
20,12
50,11
25,14
21,28
34,28
34,30
7,4
33,22
18,12
28,14
29,10
29,10
11,3
32,26
33,9
36,3
26,4
14,6
48,24
31,22
16,20
7,13
18,30
23,4
9,23
3,15
10,6
36,26
46,27
16,2
46,23
21,4
48,11
18,14
7,7
34,6
36,23
0,18
41,11
33,18
25,15
3,17
16,7
14,2
8,12
45,25
17,24
44,16
50,6
25,9
17,10
11,16
4,22
43,22
39,26
4,24
26,27
42,25
1,4
35,16
16,14
14,11
15,6
15,17
42,4
39,29
8,27
25,21
43,27
21,23
11,15
47,13
25,15
2,18
48,5
8,1
32,14
1,29
10,28
44,10
41,10
40,21
35,25
29,26
48,20
41,18
32,24
36,26
9,26
24,13
29,10
9,11
25,13
12,27
39,27
22,1
12,10
19,3
26,12
23,15
46,6
28,25
19,12
27,2
29,30
46,14
20,15
6,19
6,23
38,18
41,19
44,7
48,13
33,25
27,12
9,28
29,12
21,19
38,6
15,24
43,21
45,27
44,16
47,30
48,5
25,23
28,10
36,28
24,20
14,22
11,4
43,3
16,18
19,25
44,18
13,14
34,10
42,2
38,29
13,23
15,1
33,19
4,7
27,18
38,15
1,19
41,25
44,14
8,19
19,20
30,13
12,27
47,21
3,10
13,22
11,16
46,18
9,19
49,22
3,18
1,13
43,22
50,16
16,9
21,3
8,7
45,20
1,29
27,13
4,6
25,18
42,14
40,16
45,10
25,26
24,28
49,1
5,2
2,4
18,25
9,21
43,5
22,8
45,22
40,13
47,8
4,5
17,13
35,24
10,9
44,11
48,15
14,1
16,26
6,11
6,14
20,19
50,24
30,20
22,5
1,5
25,27
0,30
31,20
11,2
32,4
7,3
17,30
3,1
15,28
17,3
7,20
45,2
22,2
5,21
12,30
13,13
42,3
6,19
45,23
4,27
30,10
22,11
14,21
20,23
22,20
41,4
12,20
33,1
12,18
45,13
39,7
37,6
38,25
13,6
15,28
30,16
2,17
35,30
41,16
13,23
35,3
5,14
2,26
18,25
25,1
34,24
48,29
43,9
45,25
13,29
27,28
5,28
4,3
2,18
7,4
28,11
34,20
29,3
2,17
21,10
36,18
2,6
17,9
38,24
6,8
22,3
49,18
22,27
0,14
10,15
1,29
29,13
39,3
1,20
25,3
37,15
0,8
45,5
2,28
39,8
37,14
6,14
39,5
47,9
47,16
5,23
10,11
40,25
0,25
17,20
26,24
45,15
6,26
28,17
29,17
29,4
30,9
50,21
2,14
40,29
41,8
22,10
28,11
14,28
7,6
2,22
33,24
32,2
19,11
39,30
6,11
37,18
31,8
42,28
18,17
28,20
37,12
31,6
11,6
31,23
31,25
0,2
24,10
48,29
28,16
18,12
26,7
1,25
20,2
26,6
6,15
36,20
50,11
9,6
3,1
3,13
4,4
3,8
49,20
45,6
4,19
5,12
0,12
34,14
20,30
19,17
18,15
44,29
14,23
17,3
15,24
36,25
5,17
31,13
6,18
21,11
1,10
16,18
7,30
48,22
39,26
35,16
34,6
31,7
15,8
23,30
9,2
20,12
1,21
23,1
16,17
21,17
27,12
23,8
39,3
26,2
14,8
31,1
38,26
29,30
42,12
1,27
8,24
38,30
10,30
15,8
42,6
18,10
46,28
20,6
16,10
48,28
18,15
26,28
15,20
38,6
26,29
39,6
4,4
50,23
28,3
33,12
34,5
20,3
10,16
12,20
32,27
3,14
23,6
17,2
27,14
7,9
36,29
4,18
8,28
19,7
43,9
11,16
0,3
49,30
49,12
29,9
25,7
40,18
42,23
31,17
5,30
14,13
18,22
11,20
24,30
7,29
47,7
44,28
33,23
13,8
30,4
40,21
15,29
11,8
10,24
17,17
44,27
4,8
6,21
41,28
0,8
17,2
1,18
38,26
18,19
16,7
25,18
31,5
14,26
39,26
41,11
46,3
4,23
1,7
48,14
35,12
48,16
35,11
18,2
31,24
12,3
47,14
50,8
9,2
26,2
46,19
36,15
15,14
42,28
26,26
26,28
35,19
33,24
29,27
40,20
2,13
49,16
7,9
21,12
49,11
9,1
19,13
25,12
42,17
8,7
43,30
46,4
17,26
25,8
15,7
20,3
38,4
13,14
4,2
11,23
26,20
38,12
32,15
30,9
2,25
22,26
26,23
27,3
32,30
3,28
19,29
48,30
18,11
8,15
44,16
17,30
41,19
29,11
41,6
49,28
6,27
36,19
4,15
26,4
49,15
27,9
9,16
14,2
14,18
36,24
10,26
49,23
27,6
0,27
23,4
20,5
27,26
19,16
31,24
17,13
15,10
10,23
3,5
25,15
21,16
12,16
0,21
14,20
9,6
39,17
33,19
25,24
36,9
12,21
42,13
8,29
38,20
5,14
3,11
31,27
28,17
39,18
34,11
0,18
48,28
9,23
6,2
5,26
32,5
23,23
29,24
20,3
20,30
38,1
38,3
20,5
23,4
14,3
49,22
35,19
37,16
9,7
1,10
11,14
24,11
40,24
40,21
16,26
31,15
4,21
14,28
19,15
3,4
13,13
18,20
34,11
33,18
23,1
4,13
39,2
13,11
39,18
1,29
43,15
16,18
29,7
3,7
47,8
12,15
23,30
29,9
16,9
0,1
44,5
35,23
20,17
13,5
49,23
15,29
6,2
12,14
41,10
4,5
4,16
42,4
41,11
42,22
2,4
45,17
28,28
14,17
38,14
14,16
16,18
17,14
2,17
48,5
30,11
23,18
45,23
9,27
7,26
38,10
34,16
43,21
9,19
1,25
40,8
21,10
47,1
34,13
26,23
7,18
35,3
16,28
40,15
10,24
1,14
13,12
32,30
41,28
20,24
44,29
2,20
30,20
36,25
44,12
21,29
2,15
18,13
7,5
3,8
3,5
11,5
49,11
32,27
15,3
22,14
1,9
12,16
1,30
11,12
25,21
31,27
8,30
38,4
18,15
47,1
19,11
47,15
9,20
15,22
12,2
2,16
32,10
24,7
3,8
10,22
12,16
29,18
35,21
26,12
25,22
3,5
16,15
46,13
17,8
7,7
7,3
30,10
11,14
43,6
0,27
20,29
5,30
8,6
19,25
47,22
39,4
50,12
47,1
34,20
32,11
11,24
37,12
35,10
41,22
42,12
39,25
15,16
49,17
16,24
36,4
50,9
25,22
40,18
26,29
45,23
0,1
13,3
30,28
19,9
35,9
3,19
13,6
22,27
37,2
19,3
44,14
5,19
37,14
31,4
29,8
14,25
13,20
3,24
23,21
16,13
1,20
9,8
27,5
31,25
15,3
19,12
12,14
12,10
46,26
1,28
16,14
1,6
38,18
33,21
32,9
38,15
50,17
37,16
25,23
26,4
47,9
31,21
13,1
47,16
1,6
43,24
39,13
21,13
21,13
42,12
18,8
43,11
38,30
20,4
10,23
24,19
48,24
12,2
42,8
5,1
43,20
14,7
35,15
4,21
43,25
37,27
7,19
18,14
43,17
26,6
48,14
10,7
35,1
46,23
22,25
16,15
24,26
42,4
42,5
34,7
14,2
41,14
34,9
6,9
28,2
4,11
8,14
14,12
1,6
2,15
16,9
23,10
41,25
36,17
25,15
37,12
39,1
35,15
9,17
1,21
42,14
39,26
13,28
27,13
35,20
5,12
43,6
0,23
36,8
2,12
33,29
37,24
27,13
11,13
33,22
38,1
44,11
43,11
21,20
36,4
11,13
30,20
8,21
5,20
28,16
26,27
40,29
13,22
6,13
19,9
3,8
45,20
20,1
31,28
13,21
3,22
4,25
2,8
33,5
15,18
32,22
4,2
21,21
10,3
18,18
33,25
39,23
38,2
14,25
47,22
18,10
38,22
1,2
11,22
15,25
28,8
5,21
19,24
12,16
39,17
17,11
12,8
6,12
9,15
5,7
3,13
34,24
23,19
33,27
10,12
1,25
42,15
1,5
39,15
5,18
49,8
30,8
6,21
49,5
38,24
24,28
34,25
48,10
1,16
19,27
13,9
13,16
48,25
25,9
17,29
30,26
18,4
24,11
2,16
21,8
27,19
31,4
16,26
44,1
17,30
27,1
31,5
0,6
26,2
29,22
38,27
27,16
6,28
50,26
21,22
1,23
30,24
28,21
24,17
39,20
11,5
24,8
45,13
10,9
40,2
49,2
27,22
44,25
10,22
23,19
7,4
35,19
46,29
9,15
20,2
33,6
44,13
9,10
39,22
12,28
42,17
34,14
49,12
45,8
33,30
18,15
20,27
27,6
8,8
35,4
4,25
10,17
12,29
35,17
35,26
3,1
49,17
38,29
16,1
4,18
21,28
9,28
39,22
11,4
22,11
35,17
2,16
49,20
50,4
23,7
33,25
7,23
31,1
13,30
13,18
42,19
30,18
4,20
6,13
45,15
48,22
22,15
35,26
8,29
35,8
28,9
22,6
7,4
39,14
25,14
39,12
32,3
37,1
24,14
43,27
15,25
30,3
21,1
41,25
50,20
3,15
31,26
38,5
46,9
18,23
6,11
19,28
48,11
36,21
10,21
4,20
43,12
5,15
32,26
47,25
48,27
1,23
34,5
25,18
50,13
40,11
34,4
22,4
17,30
34,12
23,30
18,29
1,6
1,6
9,30
8,5
37,21
26,30
46,11
9,2
37,28
2,27
29,9
24,19
12,5
37,21
23,17
15,14
34,5
12,19
35,1
27,26
33,3
14,12
18,3
45,21
20,18
49,23
46,6
49,13
6,6
36,3
35,24
49,3
8,18
47,23
32,7
31,23
36,1
36,12
16,19
44,10
36,15
46,10
7,8
3,28
48,14
6,13
43,24
28,20
36,30
13,18
20,3
40,29
1,5
44,16
41,15
7,22
3,13
8,9
34,7
48,20
35,11
40,29
19,27
2,18
47,21
15,18
50,18
6,29
11,10
48,26
21,8
35,11
20,25
34,29
45,25
40,13
26,14
42,21
17,21
49,22
35,28
45,11
21,17
46,15
45,9
25,26
25,26
10,6
43,7
12,23
42,15
38,2
10,6
44,14
40,28
37,26
22,25
33,5
21,24
10,16
9,21
23,16
27,14
24,21
42,7
8,1
21,10
35,29
4,15
9,14
17,29
23,20
46,20
30,4
23,13
47,2
36,2
40,4
31,7
45,17
21,17
9,2
30,23
27,4
4,1
37,7
1,28
38,17
8,29
13,22
41,16
47,13
33,22
18,21
17,13
22,3
13,17
43,4
46,25
47,27
10,24
25,20
17,27
15,24
36,8
18,18
27,13
43,14
13,29
18,15
9,14
3,23
8,21
17,23
16,18
27,1
11,7
42,27
48,27
42,1
36,5
43,22
42,7
42,14
25,25
1,19
0,19
23,21
34,2
11,7
25,12
47,8
21,25
50,29
22,18
27,16
19,26
7,10
11,21
31,1
6,13
28,24
23,17
4,18
28,9
36,17
30,18
16,20
39,6
14,29
27,27
3,4
49,27
43,7
44,28
40,18
0,5
23,12
43,28
15,30
13,23
28,26
30,10
2,16
4,13
10,16
39,14
43,11
37,24
19,17
38,21
12,2
10,20
12,9
13,1
43,29
23,14
38,21
36,1
49,14
41,16
28,22
0,10
12,28
31,17
10,7
5,17
31,24
33,30
27,18
42,3
3,7
34,25
47,10
8,9
40,15
46,28
42,12
2,17
26,15
26,30
20,12
12,30
6,7
20,26
35,21
16,10
37,21
30,13
38,5
33,30
15,11
38,29
36,13
32,24
10,2
36,1
9,4
15,1
33,27
49,17
24,6
47,29
4,17
17,11
31,6
44,3
10,7
29,1
47,14
5,26
39,14
16,24
20,25
21,10
23,11
15,13
32,7
6,4
7,16
35,4
13,30
39,21
39,21
26,8
31,17
24,3
12,3
1,18
28,6
29,23
29,12
2,20
46,3
21,9
22,12
43,24
24,23
49,23
11,27
24,2
34,7
10,28
32,6
2,15
44,30
23,28
19,3
45,25
42,13
3,20
32,28
11,21
10,11
48,6
41,26
45,13
6,27
49,15
7,28
10,13
50,22
15,17
45,25
48,26
42,22
2,22
3,16
38,24
22,27
24,23
44,22
0,30
29,16
46,7
41,22
23,7
8,29
27,16
47,29
43,15
13,9
17,19
27,7
19,22
25,11
44,12
41,3
42,18
26,9
7,2
38,6
32,30
10,12
34,3
24,17
9,13
9,29
19,26
0,26
34,24
26,3
40,8
35,7
16,11
23,5
21,23
38,18
34,21
47,16
35,18
33,23
40,28
39,15
48,28
45,4
31,11
17,24
48,26
44,30
45,8
20,7
10,28
40,20
22,29
39,30
47,15
18,16
26,21
46,7
29,5
5,25
3,4
3,27
50,5
10,30
29,1
5,22
12,8
34,27
9,11
18,25
5,25
11,15
42,19
35,10
23,14
20,9
1,10
44,21
36,20
40,7
36,26
6,6
39,21
35,14
7,10
2,21
37,28
29,30
42,28
12,7
48,16
43,20
0,28
39,25
46,18
45,12
33,17
5,24
21,8
41,21
33,25
3,30
8,1
26,7
1,26
40,14
17,20
39,7
0,25
18,20
11,25
44,17
42,20
1,16
30,16
3,29
19,30
37,22
19,5
6,11
19,11
44,29
20,27
18,29
44,18
12,3
49,11
48,15
26,7
20,9
38,1
16,22
50,8
48,30
40,6
11,15
20,17
28,24
21,29
26,23
14,8
50,12
47,1
47,16
46,15
4,5
2,22
1,22
23,25
50,22
42,27
33,3
21,23
49,29
15,13
33,8
2,5
27,21
46,15
2,21
24,13
40,5
37,24
44,14
13,7
28,22
28,3
1,21
27,5
44,14
20,5
31,9
35,28
26,14
7,15
15,16
0,30
11,15
42,22
43,29
5,6
16,26
40,26
25,21
27,11
5,29
40,10
27,14
5,12
0,4
3,3
31,20
36,19
15,10
13,26
11,20
6,15
50,7
17,25
10,22
22,21
12,25
44,27
42,30
33,6
3,6
5,11
34,2
22,20
37,16
21,26
2,4
38,9
40,22
33,29
48,5
27,16
4,1
37,29
36,30
7,17
29,6
46,5
6,17
16,3
38,17
31,6
50,15
22,23
35,8
11,10
24,1
30,29
45,30
6,20
35,9
27,19
42,15
28,9
39,19
5,20
28,17
35,10
4,7
47,21
9,14
22,30
18,11
34,21
33,27
23,16
44,5
27,21
5,2
38,5
21,10
47,29
37,11
12,7
41,27
33,2
28,13
15,29
7,18
19,17
34,17
9,2
34,29
13,10
1,30
34,27
26,4
17,15
35,3
3,16
9,8
28,12
4,29
2,7
50,22
27,27
41,26
17,16
19,12
29,1
40,3
13,1
2,22
33,19
38,19
47,4
15,28
39,23
50,20
46,23
23,14
25,8
10,21
46,4
45,22
5,21
34,6
48,8
18,9
18,17
37,30
0,16
19,3
38,11
44,17
45,10
2,6
41,9
3,7
47,5
37,7
30,1
30,27
44,22
20,17
31,24
45,27
32,14
26,9
13,4
20,30
25,4
30,5
8,28
32,7
18,20
0,10
12,17
27,28
20,8
29,22
30,8
37,6
26,13
49,27
20,7
50,6
9,13
45,26
4,10
21,26
42,29
16,11
14,14
41,16
5,15
16,17
7,2
30,17
32,25
48,16
38,14
12,2
42,24
9,15
13,16
39,12
26,26
39,20
20,6
50,8
35,12
38,25
8,2
34,18
33,17
50,21
6,15
10,20
10,2
43,14
3,29
18,19
42,4
4,18
37,22
5,14
42,22
47,15
38,12
13,4
46,15
24,4
18,16
38,12
17,17
28,9
21,8
17,26
9,13
38,23
6,1
40,1
43,20
14,8
17,9
32,10
21,16
3,10
18,11
30,23
0,10
16,1
8,10
22,28
26,22
12,8
17,13
49,18
2,26
26,24
32,7
19,6
43,20
19,9
13,3
23,23
22,29
31,15
46,28
3,10
40,7
30,12
16,15
27,11
11,20
38,15
20,28
0,9
18,16
33,11
44,5
31,19
23,30
15,26
48,11
5,30
27,10
18,11
0,10
5,8
5,28
14,3
5,25
6,20
15,29
46,8
26,28
26,1
47,21
2,14
6,21
38,1
39,26
33,1
5,13
38,4
47,18
42,15
43,16
1,23
42,29
11,2
13,17
12,7
37,26
12,2
16,9
13,11
24,17
1,26
16,26
18,21
25,4
27,14
0,12
8,2
13,18
11,29
3,30
27,22
44,8
8,22
22,5
50,24
26,10
44,24
42,21
38,28
16,1
9,11
30,13
44,24
48,21
43,5
14,8
23,2
17,1
48,25
34,29
28,26
2,1
12,23
4,29
37,12
8,22
38,4
10,21
46,17
32,27
1,13
14,17
21,27
35,25
23,29
4,4
50,13
12,22
22,7
49,15
27,26
38,29
0,14
33,5
24,10
5,30
19,22
40,8
35,27
43,3
30,22
40,8
40,12
41,25
29,2
45,4
11,12
50,19
7,4
19,14
18,22
13,29
41,13
28,30
39,21
24,29
18,2
0,9
43,16
24,3
13,27
35,9
4,1
50,19
11,23
36,11
2,18
30,28
1,7
20,4
13,18
27,6
13,16
49,2
2,18
6,23
2,13
12,15
6,3
25,12
45,17
4,13
6,20
11,17
45,20
30,3
10,27
37,3
25,16
24,16
33,25
24,15
36,19
49,4
10,18
23,23
6,25
11,28
43,13
29,18
26,18
42,30
48,4
41,13
17,24
32,27
25,20
21,28
24,20
18,13
33,23
21,26
20,5
26,30
41,29
40,27
13,13
3,3
16,5
33,2
38,4
24,29
43,23
3,5
20,6
5,4
20,28
49,18
25,26
42,23
40,3
28,11
2,11
38,2
37,15
46,1
41,1
28,10
50,29
43,28
2,30
4,26
42,24
10,6
49,20
35,6
41,5
41,13
47,10
32,6
24,15
45,1
42,30
26,9
26,15
18,21
19,15
26,4
49,23
14,20
2,16
29,13
4,1
26,13
14,30
23,7
25,16
8,24
14,19
9,13
27,29
12,14
40,21
3,7
29,1
27,18
47,21
39,14
46,28
15,7
3,14
7,29
36,26
41,3
35,6
15,20
46,28
19,4
19,20
49,2
18,11
9,21
34,1
8,27
24,8
16,3
31,8
20,23
29,26
24,3
12,9
33,7
12,21
17,3
13,20
5,28
7,26
5,6
13,23
49,18
17,11
26,21
9,2
25,11
43,16
41,1
44,12
21,11
8,5
48,18
35,25
16,6
26,21
29,12
44,9
12,14
41,15
4,25
27,20
7,22
21,29
42,21
29,7
18,25
35,15
16,8
33,5
10,20
4,8
39,8
35,30
25,18
34,14
15,10
42,18
0,10
1,9
6,21
26,25
27,30
38,22
49,20
24,2
40,28
24,20
16,2
43,22
33,28
12,12
38,23
39,27
26,21
42,4
31,25
34,18
2,17
7,19
2,27
39,12
46,22
3,21
12,30
6,29
16,3
44,19
21,11
36,3
43,7
36,29
23,29
5,26
9,3
27,15
13,15
18,14
12,18
6,22
46,3
34,2
39,7
1,6
9,30
4,29
35,6
16,11
29,23
45,26
20,6
41,3
49,3
1,22
32,10
10,29
9,21
29,22
44,16
9,8
28,1
47,10
32,7
48,24
23,27
43,11
42,19
33,29
6,3
4,5
33,23
32,24
41,30
44,6
20,16
46,22
47,17
25,9
7,10
46,15
44,7
13,4
21,13
44,21
11,28
3,16
28,17
49,20
36,30
46,22
25,7
36,10
43,3
5,30
13,23
17,2
33,8
48,27
39,20
18,25
12,3
22,13
22,13
11,26
15,30
18,27
22,30
43,9
45,8
24,4
22,9
18,25
12,8
10,18
6,16
49,7
21,27
2,5
7,3
18,25
42,8
16,2
22,27
11,6
18,25
12,24
17,19
37,1
22,19
12,16
48,10
45,7
2,16
25,29
49,18
5,22
49,29
16,19
35,17
33,2
48,27
40,13
19,29
24,8
23,13
9,23
20,12
9,1
0,20
45,23
31,23
34,16
24,3
14,13
43,2
18,13
41,9
25,5
39,27
4,1
28,5
9,9
42,2
38,9
28,14
2,7
29,14
14,14
22,3
40,23
2,4
47,5
6,30
16,16
9,20
40,30
37,1
44,9
18,20
8,27
16,20
19,5
24,17
32,6
48,3
21,23
9,4
34,16
6,5
10,23
49,22
3,23
13,11
12,7
33,24
18,14
43,20
21,12
4,11
12,12
45,23
43,19
41,11
41,23
47,7
4,4
7,2
2,7
12,21
50,3
22,10
43,7
4,10
5,26
32,22
23,8
25,11
26,10
23,24
21,30
14,1
16,7
40,1
0,10
31,25
42,17
11,14
26,27
30,26
1,4
14,25
46,18
10,26
38,11
11,1
21,6
43,2
40,19
18,7
47,1
14,20
8,7
33,30
8,15
48,6
47,7
26,12
41,25
32,7
8,4
41,5
17,8
47,4
5,13
39,16
38,8
32,28
7,20
45,1
2,26
25,16
47,26
49,19
41,14
13,27
23,23
4,30
41,7
4,27
21,7
13,1
1,1
45,19
27,13
31,29
6,15
15,11
4,3
25,10
46,2
32,26
36,4
19,9
50,3
8,6
39,2
8,23
8,28
42,24
10,1
6,9
6,13
21,15
28,28
16,1
49,13
36,26
39,6
33,22
19,1
10,19
8,27
43,5
49,21
32,30
39,21
10,1
27,1
11,30
23,2
31,11
44,25
9,8
41,29
3,10
4,1
47,6
21,16
31,27
33,17
12,3
50,4
35,5
10,1
11,15
12,2
17,12
50,14
4,17
0,22
30,3
3,6
13,6
32,2
39,25
14,4
35,2
20,2
40,3
6,22
35,30
42,20
10,23
46,5
25,1
48,7
35,26
23,10
8,1
41,9
40,4
1,15
9,12
11,4
3,5
19,17
23,13
1,10
23,20
37,19
46,22
49,13
17,15
46,20
25,5
3,23
18,7
44,4
22,20
18,9
43,23
9,22
20,3
23,20
33,30
7,23
13,26
21,2
35,23
42,14
34,6
8,1
1,18
9,2
39,18
38,27
48,25
41,19
19,29
8,3
50,20
50,14
40,28
16,9
45,26
4,27
14,30
5,10
4,8
37,4
24,19
10,24
46,29
42,6
5,23
14,11
48,2
42,22
49,6
40,7
43,17
22,24
33,29
30,14
11,17
46,22
19,3
14,27
20,14
20,2
23,27
17,7
25,11
46,5
19,18
33,12
46,12
47,9
43,20
48,15
50,13
28,10
6,2
13,19
10,18
29,12
24,8
11,24
3,22
3,27
5,28
12,27
26,7
46,21
12,10
43,26
29,6
19,13
35,28
42,29
16,29
47,18
17,7
16,10
29,17
10,25
45,25
2,22
35,12
28,2
41,30
43,29
46,9
32,27
37,12
9,13
14,23
43,2
27,14
16,20
17,22
13,16
33,6
41,17
2,21
8,23
44,6
17,18
21,6
18,17
7,15
13,23
40,2
10,13
48,14
8,2
38,16
29,11
0,18
19,29
11,16
22,7
3,15
41,1
20,12
14,5
16,30
47,1
41,26
23,1
46,21
39,14
17,30
23,19
2,2
41,16
11,20
42,17
27,19
44,27
10,6
8,3
47,5
47,19
10,18
49,5
47,14
30,25
3,6
27,13
25,29
2,6
0,21
12,8
36,22
9,6
4,13
31,15
15,4
21,12
38,10
28,13
50,27
10,27
44,17
44,23
33,2
33,10
24,22
5,22
40,8
37,20
10,15
22,20
32,18
33,13
26,21
42,8
5,16
29,11
25,27
7,14
37,12
20,7
31,30
49,26
26,14
10,9
33,11
46,6
26,3
31,24
15,15
44,29
46,16
24,2
43,7
44,26
48,14
23,3
23,24
36,13
12,2
19,24
9,22
16,20
1,15
46,28
9,26
36,26
33,18
6,22
2,21
30,12
27,14
41,10
22,17
37,2
41,26
45,11
20,21
5,2
41,30
4,10
32,7
29,3
28,23
28,2
10,6
46,25
3,27
46,2
23,10
39,23
6,29
30,17
22,13
41,29
45,17
43,11
12,1
16,26
47,16
43,6
12,8
1,9
47,26
44,9
41,19
13,1
15,1
17,29
45,7
12,3
37,17
18,17
29,22
6,2
34,20
20,24
21,30
12,21
31,30
1,26
0,8
2,23
30,18
25,11
37,6
47,28
20,15
33,19
32,4
50,1
9,2
9,16
10,2
48,10
27,1
15,21
36,20
26,23
2,1
1,3
36,7
4,6
2,15
28,2
27,3
46,23
3,3
34,6
33,18
33,20
26,19
20,15
31,24
8,2
26,4
7,10
47,19
36,16
49,8
47,16
34,10
46,6
44,5
4,17
19,10
0,11
1,28
38,14
25,7
19,3
42,3
2,3
33,15
12,11
41,19
20,17
28,17
15,6
40,5
46,5
26,20
34,26
4,27
49,19
33,23
33,19
16,23
25,2
36,3
25,1
12,25
48,14
11,2
23,29
3,5
45,24
13,19
8,3
7,27
10,24
43,10
42,29
20,19
8,13
40,26
5,23
2,29
17,16
5,1
33,24
31,16
28,20
45,24
19,15
50,17
32,21
3,30
27,15
4,30
45,28
15,10
15,23
14,13
28,9
36,10
8,21
43,15
34,17
49,19
43,28
34,19
35,18
5,30
5,1
40,12
16,5
29,15
20,3
38,29
33,1
47,9
11,27
30,23
16,19
38,28
31,11
31,28
31,17
6,6
5,8
44,10
20,3
28,8
24,3
9,12
19,10
32,15
5,11
43,15
48,30
16,25
12,19
27,5
49,14
38,19
40,13
19,26
41,23
37,26
14,3
28,23
9,28
40,7
9,16
44,2
25,1
18,29
23,28
3,21
16,6
37,26
10,1
25,22
49,25
30,3
23,11
32,14
43,22
27,10
18,9
35,24
42,29
48,14
3,26
48,4
18,6
8,8
22,18
12,29
44,18
34,4
19,27
22,27
39,17
11,16
3,17
33,2
45,29
8,3
2,20
33,19
36,22
21,19
23,16
44,2
49,11
30,24
5,1
23,25
22,24
25,7
28,13
18,18
43,4
24,30
18,12
44,18
35,15
5,1
22,3
47,5
10,19
1,8
0,8
20,13
5,2
30,1
46,4
28,25
28,15
12,7
47,28
32,10
2,19
38,12
26,16
22,17
34,10
41,7
45,16
50,26
43,21
39,15
8,3
18,21
23,2
28,12
15,19
9,11
5,19
31,3
33,16
46,27
20,11
3,8
15,27
50,1
0,18
12,26
19,26
3,24
45,25
17,29
46,1
12,13
40,10
35,26
23,5
28,26
38,2
43,17
12,18
47,22
13,6
20,27
39,11
30,19
42,26
16,19
41,16
12,13
16,25
18,5
45,21
49,16
2,27
29,24
37,10
12,5
10,4
48,12
41,16
23,8
8,3
40,20
2,16
3,9
6,8
42,11
31,30
3,27
8,17
40,8
38,28
23,26
8,5
43,27
20,15
33,25
22,19
18,3
22,7
20,20
17,19
2,1
13,11
38,8
17,5
31,1
28,4
4,2
9,5
38,28
35,15
17,6
15,9
23,23
29,6
10,25
28,10
35,25
42,2
27,29
4,7
19,13
35,24
39,17
34,20
35,24
37,5
23,29
44,4
28,22
15,7
10,1
15,19
11,10
48,22
20,18
47,28
6,4
34,22
42,2
24,30
34,7
35,29
7,14
38,12
14,11
32,18
49,29
32,8
9,16
25,23
30,6
19,30
14,3
10,1
6,8
36,5
26,24
16,13
12,6
10,7
16,13
21,6
43,17
33,1
9,13
31,9
10,14
12,27
10,26
21,13
1,28
11,5
8,7
0,12
42,4
27,11
27,9
17,4
37,23
18,22
15,11
22,27
18,2
41,28
30,21
24,9
17,2
9,5
21,16
40,11
31,10
48,7
31,10
22,2
44,13
20,1
18,17
38,6
36,27
7,19
17,3
14,20
29,25
24,8
0,30
27,9
47,16
28,21
34,12
45,5
11,3
36,21
2,20
46,1
41,29
46,1
29,9
37,16
44,21
44,16
17,7
40,6
45,17
27,27
37,21
49,4
28,7
24,25
29,6
28,10
40,17
15,11
11,29
41,5
21,2
44,5
32,12
14,27
40,20
15,6
28,25
46,16
48,22
46,7
30,22
14,22
1,13
34,15
15,17
2,30
46,5
41,13
23,7
21,27
34,1
35,4
11,20
34,20
34,8
6,26
2,29
43,18
15,3
17,24
1,13
24,30
4,9
17,23
41,3
22,20
7,4
49,14
45,9
28,17
28,13
49,5
17,7
42,1
13,26
23,13
6,23
21,16
47,1
0,17
49,27
30,20
18,7
25,6
48,21
16,9
17,25
48,7
22,30
18,18
33,14
19,30
27,15
15,4
0,30
4,1
12,23
43,19
7,4
11,27
2,1
16,9
32,21
19,22
3,17
44,2
46,10
1,2
37,16
19,17
41,6
20,7
41,17
11,23
49,11
48,19
29,13
33,23
25,27
27,18
48,23
6,11
9,21
5,9
20,5
40,12
50,20
24,30
39,29
1,28
41,5
9,30
41,6
40,20
44,14
32,10
49,10
40,26
38,29
39,5
34,13
7,14
40,25
26,2
4,23
19,23
21,5
12,8
45,6
37,19
19,17
34,14
16,10
48,28
6,10
14,14
28,27
37,16
16,4
25,10
17,4
24,10
24,21
46,10
40,3
8,25
13,10
21,14
1,24
27,10
23,4
10,12
8,24
11,20
41,3
31,29
29,6
13,8
14,29
44,30
19,18
9,21
43,7
11,17
4,13
27,14
45,18
3,4
44,24
4,6
2,24
40,8
36,17
24,2
17,30
48,7
49,2
43,5
41,27
9,11
25,23
48,22
3,11
33,6
13,22
38,30
41,12
34,26
1,17
26,7
14,16
10,7
7,20
46,15
25,22
15,13
19,14
21,15
1,11
42,8
22,11
31,9
21,18
6,26
32,22
2,22
10,13
22,12
12,10
42,24
5,7
12,10
13,30
36,26
12,19
45,2
7,13
36,27
25,11
37,29
28,22
34,2
18,7
15,3
45,7
46,27
34,16
48,14
48,29
3,12
43,11
26,24
7,12
39,28
1,19
37,19
41,1
8,26
48,26
9,14
27,22
13,28
17,12
9,7
37,16
17,17
21,27
13,8
34,23
21,10
24,2
34,16
9,23
34,12
9,7
2,8
42,9
42,14
5,3
17,14
50,4
49,13
9,11
13,26
13,27
42,3
16,26
25,9
47,20
40,15
36,30
31,9
39,10
28,26
10,2
5,1
50,22
47,8
25,26
9,24
39,21
9,1
14,7
31,29
34,14
41,25
45,12
6,21
4,10
33,29
30,17
11,29
32,9
3,24
46,18
11,4
45,9
0,30
38,25
15,16
32,27
15,29
3,16
19,21
45,18
40,12
29,9
45,3
12,23
30,6
47,2
1,27
38,24
9,11
48,26
16,29
11,20
28,2
14,10
0,25
12,13
42,26
11,27
39,30
5,26
31,3
28,10
49,20
37,25
23,4
23,20
22,30
18,29
35,16
17,2
35,23
31,2
10,27
36,24
32,26
3,27
19,1
25,7
30,22
24,26
33,4
48,25
22,26
20,2
38,3
14,3
41,24
7,11
35,15
1,13
18,17
8,21
15,22
24,24
10,12
16,23
39,21
25,3
50,22
34,1
28,16
19,18
0,28
28,23
27,4
43,15
44,17
5,13
6,8
27,20
23,11
28,16
28,6
6,20
2,7
48,22
38,5
6,4
43,25
26,8
16,3
32,21
27,11
15,9
47,13
37,26
38,1
36,26
22,18
1,4
0,19
18,2
10,29
34,17
2,28
47,20
49,1
33,28
18,14
7,15
11,13
13,21
36,11
19,27
43,16
7,19
12,10
10,27
20,29
3,20
29,19
28,1
14,13
46,4
38,1
36,6
40,26
37,23
4,9
7,26
26,29
7,23
37,25
7,9
43,12
48,1
1,26
17,26
34,23
9,12
18,18
20,4
32,20
48,12
34,15
26,2
17,4
16,25
12,15
5,15
6,30
13,13
48,12
43,21
37,27
25,6
4,26
7,21
3,23
28,24
32,11
44,15
12,19
6,4
23,16
15,14
38,15
18,11
11,7
3,15
45,12
15,26
0,7
28,25
15,22
14,15
42,14
47,29
18,29
9,21
11,13
47,20
7,5
46,14
12,21
15,23
9,24
22,19
11,25
35,5
17,16
30,3
24,15
9,29
25,1
26,8
47,9
46,28
20,5
38,27
43,15
18,6
28,9
50,12
34,22
4,12
9,11
36,15
16,12
15,27
35,5
33,25
19,3
14,9
44,1
31,17
44,24
6,10
6,26
1,26
4,18
36,15
21,20
38,11
40,28
19,24
25,28
18,13
34,15
25,8
24,13
36,28
16,29
30,29
32,24
14,20
37,13
30,25
37,13
30,15
38,12
48,22
37,24
23,27
12,6
45,7
17,14
8,28
7,12
14,8
40,14
3,21
27,24
43,27
47,6
12,7
40,26
17,16
43,28
50,28
5,8
40,7
36,14
50,17
12,18
44,16
15,30
39,14
48,23
35,21
19,10
24,12
41,25
44,30
17,3
25,13
13,10
22,15
7,3
12,20
50,3
15,6
1,28
37,10
20,16
17,21
21,30
43,20
18,10
46,30
12,27
7,9
20,4
32,6
44,8
41,10
18,15
28,27
8,24
39,13
41,4
39,5
18,8
45,14
16,1
45,14
23,1
24,21
27,26
1,3
37,18
49,27
2,22
11,29
5,8
48,24
43,11
26,14
39,29
43,2
12,28
6,30
37,27
38,27
29,30
37,30
31,21
24,20
36,20
32,28
32,7
21,30
3,1
6,6
45,13
36,21
48,6
1,15
9,13
30,27
46,13
6,20
46,4
11,6
29,9
7,23
25,10
17,3
25,8
11,17
21,6
12,13
12,25
12,20
13,10
47,16
19,15
31,1
32,20
35,25
10,1
1,27
49,24
50,12
3,29
13,14
8,27
14,25
25,12
3,23
5,24
6,15
5,26
45,20
24,22
13,26
31,2
11,18
5,20
33,28
25,3
2,17
24,2
20,1
45,2
3,30
7,29
34,16
12,17
30,14
32,8
4,12
20,1
25,30
1,8
37,18
38,23
26,29
23,6
45,2
40,21
8,28
31,16
44,15
13,23
16,13
16,20
34,20
45,5
20,9
41,30
49,16
19,23
1,10
6,16
1,7
39,9
47,21
33,3
32,8
2,25
26,16
37,8
44,21
23,29
47,18
0,5
43,3
28,24
26,23
40,5
48,21
30,8
34,8
13,1
23,5
30,7
37,13
8,27
7,24
24,9
47,25
34,13
29,3
42,4
28,1
23,13
33,17
17,10
42,12
46,1
8,12
15,11
36,8
26,23
31,6
9,10
29,22
2,20
9,24
21,24
47,23
15,12
20,20
0,15
7,25
29,10
21,10
9,1
35,5
29,1
46,1
43,5
27,17
39,18
12,17
44,4
11,25
28,16
26,1
37,3
25,24
2,16
46,16
20,11
26,28
48,12
17,9
10,11
46,27
24,11
27,29
45,7
28,11
8,13
33,1
27,9
50,2
26,8
5,26
19,3
6,27
32,23
50,16
20,3
46,1
49,14
4,20
3,1
10,9
4,29
26,29
5,11
35,27
26,5
39,11
13,6
12,18
31,8
26,14
12,2
18,11
4,12
3,1
13,26
26,25
43,4
37,25
22,17
25,25
31,17
6,1
1,27
30,5
12,19
9,10
2,21
44,28
7,12
16,6
1,27
15,18
43,11
23,10
19,21
40,16
24,12
22,18
9,30
29,10
10,8
7,18
4,1
39,12
46,2
32,15
42,24
48,13
32,1
27,30
14,23
8,24
24,16
43,23
4,18
2,21
31,20
30,18
36,2
24,26
6,15
44,9
13,8
22,5
1,7
29,1
43,13
36,27
48,16
1,12
40,5
12,25
33,13
10,26
20,22
20,15
28,12
14,3
30,2
43,13
41,17
29,25
4,30
37,30
20,21
50,9
12,30
20,25
42,28
11,25
10,24
42,23
18,29
42,2
18,27
33,25
30,29
2,9
45,25
49,3
9,12
2,6
45,20
15,4
36,11
45,20
13,22
25,24
26,20
15,9
28,7
22,8
29,12
21,13
29,7
34,13
43,25
35,22
2,24
45,18
17,10
27,29
1,16
4,14
11,4
36,12
15,16
26,30
24,19
2,7
42,3
34,8
8,7
13,21
15,13
10,5
24,30
32,6
48,2
47,4
14,14
49,19
46,28
22,6
44,7
45,6
1,5
5,28
6,7
43,25
15,26
32,10
11,27
46,28
26,27
25,21
16,22
34,5
20,1
41,30
1,30
30,20
21,16
22,14
11,1
49,28
22,26
4,3
42,3
6,24
30,5
0,25
14,13
15,10
35,21
46,6
20,28
41,19
20,10
40,3
33,11
43,20
34,24
8,27
1,16
14,28
23,9
33,17
46,28
8,4
35,25
19,23
45,6
11,11
22,16
37,8
16,24
25,13
10,17
3,11
16,29
13,15
19,16
25,12
16,23
41,25
33,2
15,13
5,29
26,26
46,9
31,28
47,27
50,6
45,5
7,3
8,18
18,9
3,3
45,8
20,18
39,6
8,30
21,6
12,30
37,14
42,6
36,9
39,18
46,8
39,15
12,6
0,28
17,1
13,8
27,6
9,3
13,17
10,3
47,4
25,9
43,14
45,29
30,13
28,7
31,4
11,7
23,20
42,5
29,27
13,10
17,25
14,28
19,11
7,19
18,29
28,10
22,17
47,25
5,20
19,28
19,19
46,5
6,3
6,15
6,1
40,2
32,16
2,9
36,14
25,29
31,6
33,22
7,17
8,2
34,28
14,22
15,16
39,9
37,3
24,16
35,23
4,26
9,30
22,10
14,30
26,21
34,16
41,27
25,11
48,16
49,1
2,27
3,12
0,2
49,2
28,22
1,26
24,20
25,11
21,5
11,12
25,10
25,21
28,30
23,4
36,14
44,19
44,24
18,11
42,2
17,23
7,24
4,7
15,26
20,27
23,9
27,30
34,15
36,22
49,2
12,9
27,30
18,12
35,8
10,26
46,21
44,23
5,21
17,21
28,28
28,26
36,13
21,30
49,16
16,1
41,1
49,26
28,15
7,26
11,4
3,21
5,16
21,5
1,7
24,12
31,14
50,3
31,13
30,7
6,14
3,3
5,27
50,15
8,6
47,8
40,3
10,25
15,23
46,21
9,14
12,11
33,3
42,30
41,19
33,30
17,28
30,7
10,10
48,9
15,30
32,26
28,28
45,13
28,15
43,24
5,28
32,25
23,25
44,13
17,29
9,5
34,24
8,19
40,19
41,8
18,4
38,8
8,18
44,16
25,29
39,4
34,29
41,14
18,23
18,19
36,7
8,18
2,20
28,4
24,18
39,21
48,27
29,8
47,1
17,13
32,19
5,18
50,28
36,24
5,12
10,30
4,18
32,13
26,15
39,25
40,25
30,27
11,3
19,2
8,4
35,3
8,19
13,19
6,8
23,30
6,29
28,14
28,29
23,14
33,22
12,9
13,17
34,10
14,27
13,17
46,30
43,30
28,1
30,20
24,28
42,7
15,18
22,10
20,11
24,1
41,7
46,14
15,10
34,4
44,9
0,18
20,1
32,15
39,1
26,21
13,30
46,27
3,9
2,5
6,23
33,15
47,20
17,28
47,29
6,23
19,2
49,26
23,2
0,28
14,8
12,1
16,9
25,18
43,5
24,29
12,1
30,10
22,28
2,17
43,13
41,1
21,4
47,6
5,20
31,27
21,12
48,4
30,18
30,13
8,3
46,12
12,17
35,20
4,19
33,21
8,12
36,23
37,14
31,11
43,17
0,6
23,27
0,17
21,4
36,5
28,11
22,24
13,17
36,18
45,27
48,9
39,4
12,15
14,18
46,20
22,21
29,7
13,9
8,28
11,1
33,8
19,11
19,12
27,15
29,6
29,7
31,19
22,18
2,20
0,16
42,5
30,5
24,13
16,3
13,4
41,29
11,3
35,25
18,27
36,28
19,24
47,1
18,30
34,9
41,25
46,28
40,28
8,20
15,4
41,2
50,27
20,21
16,30
50,11
41,17
27,26
30,21
47,21
1,13
30,26
40,18
4,29
14,6
2,12
12,18
43,22
0,1
47,11
38,25
27,19
11,27
18,21
20,21
41,15
38,7
48,30
20,6
41,5
42,3
42,11
34,25
20,17
21,25
4,20
38,16
23,19
12,18
22,27
32,16
5,23
14,13
43,20
19,8
37,26
30,11
25,18
19,26
8,2
34,9
42,4
30,9
41,21
25,30
32,13
47,14
3,2
20,7
28,27
7,18
5,11
26,26
12,9
24,19
42,14
44,22
48,12
30,15
11,16
23,18
35,27
6,29
14,28
40,10
26,27
42,29
14,15
14,6
36,3
9,14
14,4
11,17
20,19
37,2
7,16
36,7
6,27
40,12
48,6
28,25
23,12
7,24
28,13
34,12
43,26
35,9
3,19
39,11
37,24
27,18
7,29
27,6
22,5
47,11
40,1
9,8
7,9
44,20
40,18
28,3
34,26
35,9
19,4
25,19
28,1
6,23
21,7
17,24
38,27
34,9
11,14
16,9
7,10
32,19
28,28
21,23
12,1
4,23
41,20
32,24
39,3
12,16
48,19
15,15
31,25
43,28
41,12
45,24
6,29
4,23
48,7
27,15
28,8
5,2
35,13
13,24
26,20
12,4
18,8
28,16
23,21
0,13
28,20
50,5
3,24
22,7
18,13
8,7
46,10
23,9
15,5
7,14
37,7
41,10
35,23
48,18
14,10
8,11
23,4
41,26
21,16
42,3
21,19
10,18
15,5
29,11
36,4
2,26
32,26
41,4
40,14
23,14
49,21
13,21
42,30
45,19
45,20
17,18
18,10
12,29
4,16
23,5
17,19
44,3
39,16
11,20
36,15
23,23
25,18
19,19
41,8
26,12
46,1
35,2
47,30
28,22
0,20
47,29
33,12
17,14
46,10
7,16
10,30
27,12
24,26
20,1
38,24
6,6
12,20
23,11
26,17
39,15
42,20
42,21
6,27
26,28
48,20
29,9
34,21
50,11
23,19
46,30
22,2
25,9
10,23
24,19
4,1
31,24
49,15
0,3
47,2
3,3
6,16
20,7
44,7
30,2
0,6
25,30
50,20
8,24
43,9
39,5
45,1
7,24
34,27
18,3
50,5
7,24
24,15
30,4
8,18
41,24
42,24
25,14
9,14
38,27
5,13
19,22
31,28
16,16
48,1
36,20
23,27
22,3
2,14
0,3
48,19
0,28
20,23
1,24
31,21
36,18
23,13
10,17
26,28
2,12
9,10
0,19
10,15
13,30
24,27
50,7
7,12
44,12
18,22
15,28
6,8
31,3
18,24
31,16
38,2
35,29
22,21
37,2
46,10
12,24
32,25
13,23
26,3
31,19
45,18
33,2
33,7
4,17
16,27
1,17
38,21
38,28
46,10
48,20
6,30
4,8
42,22
40,27
0,6
13,20
26,3
5,5
22,29
49,2
24,16
0,8
46,14
47,18
3,14
35,12
37,5
23,22
37,9
2,29
46,9
25,16
35,23
37,19
26,14
5,27
28,16
8,28
13,16
49,9
37,14
5,13
44,17
37,23
0,24
29,16
25,28
46,10
32,11
17,6
29,27
48,7
33,29
0,26
10,26
39,22
22,25
48,17
9,6
18,29
22,17
43,6
40,4
14,5
19,12
28,8
21,26
32,24
31,28
0,24
9,1
10,18
25,21
0,8
36,27
21,23
25,6
29,5
18,20
20,27
43,10
10,6
41,26
4,4
38,16
36,5
5,28
12,20
41,24
43,27
44,19
17,2
7,29
12,25
37,11
44,9
1,26
6,5
44,29
6,21
31,13
19,6
40,22
46,29
50,10
44,13
6,28
39,27
18,22
27,11
12,1
21,25
49,14
45,7
45,16
28,29
30,5
23,24
9,6
45,3
26,20
40,25
11,8
22,11
26,16
4,24
27,11
2,15
26,18
18,3
13,17
39,8
14,18
49,20
8,13
30,28
1,22
21,25
50,5
29,27
25,30
35,28
18,1
0,6
26,16
12,5
9,12
10,10
46,3
43,14
41,10
34,6
25,24
9,9
37,22
25,24
7,11
27,17
30,9
10,29
31,3
36,19
12,28
23,1
2,22
14,9
46,3
21,9
41,9
39,13
44,9
39,23
31,3
44,28
23,25
0,3
0,23
17,7
18,29
20,3
37,17
50,5
24,20
35,4
44,12
13,11
6,12
28,5
8,25
35,21
13,30
0,12
0,29
3,22
10,19
3,3
25,2
33,26
35,16
48,13
37,26
30,13
6,26
4,28
36,12
7,4
42,29
25,2
38,9
40,11
48,3
29,9
45,16
21,19
45,22
32,6
7,13
42,18
28,29
7,20
17,11
8,13
3,29
50,9
18,23
37,23
27,7
29,17
31,29
1,14
15,13
10,26
43,1
35,27
48,28
19,5
34,1
15,29
32,1
22,25
26,12
7,14
38,12
19,3
19,19
28,20
0,20
36,15
22,7
31,8
11,20
49,13
41,25
18,27
30,25
23,18
47,25
24,19
15,3
16,5
31,30
10,12
42,3
6,10
44,8
46,25
36,18
39,22
35,23
24,17
42,28
29,16
31,23
26,16
46,30
37,1
0,26
46,28
2,13
30,20
28,11
5,16
20,1
25,10
43,1
17,18
6,13
14,19
41,9
15,6
43,15
40,13
43,10
3,9
32,17
36,21
5,18
16,30
24,23
10,24
38,14
34,11
50,7
2,11
3,8
18,8
21,12
22,11
13,19
44,28
23,1
15,19
41,19
11,3
49,12
13,23
39,27
8,8
14,20
3,27
41,14
16,3
20,2
11,13
36,5
14,8
2,4
34,25
40,4
42,10
28,14
43,14
38,27
50,16
36,3
46,20
42,24
22,23
11,4
36,26
0,24
8,2
12,11
6,29
33,2
28,10
33,2
38,12
37,29
15,23
30,21
12,2
15,12
32,14
26,26
0,2
32,12
42,13
24,27
7,21
27,26
11,10
4,7
5,4
28,13
9,20
2,16
15,25
2,28
12,25
23,27
18,19
28,11
49,13
25,3
31,4
15,30
24,21
13,6
13,6
21,7
11,14
30,22
50,23
22,21
27,16
32,28
17,22
10,23
37,24
23,21
25,13
40,16
34,1
49,4
40,4
27,12
21,24
7,21
10,23
39,23
44,18
20,2
18,6
19,11
27,23
20,4
31,21
50,14
40,12
5,14
7,21
37,11
12,7
25,22
36,9
23,28
6,30
8,24
12,26
30,22
47,7
30,12
3,25
38,21
3,16
8,17
4,5
12,2
38,11
5,5
33,27
3,18
31,2
38,12
7,20
16,9
5,29
47,3
48,17
44,6
36,25
10,4
3,10
39,19
4,13
18,17
4,26
34,18
13,22
45,26
28,23
35,8
27,23
23,15
34,8
9,27
38,8
22,5
32,26
37,11
15,23
3,1
18,17
20,13
48,17
23,25
48,28
10,4
38,15
35,29
26,25
44,29
7,28
36,27
0,7
33,18
29,30
16,25
19,6
18,7
37,2
42,23
41,21
25,8
9,19
4,9
37,8
22,28
13,18
28,5
36,9
32,2
37,17
23,22
20,11
12,5
44,10
45,23
32,5
37,13
2,12
36,29
36,30
20,22
4,6
1,3
36,20
46,27
28,7
22,29
13,10
21,16
28,3
49,27
48,5
19,13
17,2
17,30
3,5
32,5
22,22
23,15
24,14
4,20
30,8
22,23
20,23
5,2
35,27
13,16
12,18
34,2
33,5
32,26
48,18
34,13
28,12
28,27
43,21
5,11
27,22
19,18
27,19
23,22
12,18
27,5
7,1
21,19
6,28
29,2
17,17
38,23
42,1
33,20
40,27
7,26
28,27
23,29
32,11
45,17
36,7
11,8
37,19
24,30
41,6
50,9
39,2
3,12
12,24
49,4
12,23
41,1
18,30
9,29
36,20
14,30
17,30
7,5
19,29
25,12
7,13
38,27
17,14
11,1
12,5
14,10
34,19
48,20
20,26
10,15
16,29
47,12
27,2
5,25
27,1
13,24
18,8
40,1
29,20
7,29
36,8
22,13
37,8
47,29
0,17
29,15
21,15
17,11
11,24
10,27
12,3
23,29
35,5
11,1
46,22
3,16
32,14
41,13
49,20
47,24
3,3
1,3
30,9
9,12
28,5
43,19
21,1
36,2
11,27
11,26
38,4
19,17
34,1
45,1
5,28
47,28
2,6
15,4
36,1
34,24
49,18
8,9
17,25
32,15
37,15
2,7
46,7
49,17
21,5
36,30
19,23
14,29
18,26
45,4
9,22
49,23
26,24
27,12
16,5
29,14
1,17
5,10
13,13
40,9
2,13
16,5
13,5
26,10
4,28
20,8
38,1
35,28
36,23
27,27
18,13
25,16
41,20
22,6
23,10
47,20
18,20
2,16
44,25
31,20
39,22
29,1
39,23
36,2
25,1
32,12
31,22
45,29
7,3
34,25
43,19
12,15
29,20
4,21
23,25
6,12
0,7
8,11
45,4
33,28
24,23
24,25
3,18
5,9
31,21
38,21
34,16
26,24
6,12
29,19
47,26
17,18
2,30
45,11
48,20
1,1
1,15
46,14
11,6
46,20
6,15
35,21
11,27
25,5
29,17
45,14
17,8
5,26
47,2
2,13
16,26
30,11
8,14
37,17
32,7
10,14
6,16
30,20
14,19
47,9
49,27
33,18
16,24
34,21
22,9
39,17
21,11
8,10
48,8
33,29
28,29
0,7
44,20
0,22
41,10
40,13
47,14
13,29
43,27
40,28
39,4
14,25
10,7
14,18
3,9
9,1
8,10
22,9
5,2
50,11
25,9
46,15
22,12
12,29
25,14
34,16
9,8
2,29
3,2
27,1
13,12
36,6
3,29
0,12
18,22
34,23
39,3
17,5
22,16
31,15
44,3
1,10
19,15
47,2
50,22
39,19
46,18
18,25
29,3
31,11
48,18
31,2
7,18
41,17
13,24
10,23
41,8
25,28
20,3
40,28
2,28
22,27
26,8
45,1
34,19
29,26
50,13
17,24
24,1
9,1
29,21
24,25
42,20
48,20
37,7
9,13
5,10
29,26
44,1
6,13
35,28
30,25
28,24
20,17
47,22
37,21
40,9
47,10
41,16
3,15
38,9
8,14
41,28
14,5
26,30
23,14
39,3
13,17
8,21
44,6
28,4
6,11
32,5
42,16
9,12
21,11
1,3
19,1
28,6
22,13
36,27
15,11
32,30
29,5
40,21
12,15
24,1
29,26
8,2
12,20
34,15
45,1
25,9
39,14
39,25
28,13
22,29
31,20
22,13
47,6
40,17
26,7
39,17
24,13
3,4
24,19
46,28
21,2
25,30
15,10
14,30
0,29
24,18
0,17
26,20
36,18
35,7
11,8
44,22
18,22
18,16
27,11
17,5
21,15
17,19
21,2
35,5
25,18
3,8
38,27
44,14
4,14
0,17
50,4
18,20
33,4
30,7
4,7
42,25
26,24
36,21
50,9
27,15
14,27
14,29
8,30
16,3
40,30
18,10
17,28
22,19
4,13
5,29
26,1
14,10
29,23
34,13
20,24
2,15
13,2
41,29
49,10
4,2
3,26
1,23
46,15
38,13
34,22
11,17
13,19
0,11
34,25
0,20
49,28
1,8
33,30
2,4
24,5
27,21
30,20
48,26
8,23
10,22
1,3
38,21
38,15
24,26
42,25
31,26
8,11
47,21
12,15
3,20
49,2
40,12
34,16
13,4
9,19
49,12
4,30
27,2
40,12
36,1
17,20
21,4
37,30
42,24
45,24
5,4
27,13
41,17
32,15
34,1
17,24
30,22
46,19
18,23
11,2
43,2
26,2
47,12
43,3
0,3
47,7
36,26
21,11
47,14
26,3
26,18
20,13
5,13
50,11
16,15
28,2
1,21
14,21
41,25
45,23
41,16
29,26
25,15
7,26
33,29
21,21
35,27
23,16
29,23
12,4
8,28
25,11
5,25
3,25
2,5
0,11
22,18
24,4
8,3
33,23
19,7
20,1
33,11
3,4
45,5
25,24
8,10
11,6
1,10
18,14
9,17
27,8
2,3
44,21
9,14
43,5
24,12
34,4
19,27
26,5
13,12
11,12
6,6
27,15
43,1
36,5
34,20
26,16
29,23
11,20
6,17
39,2
21,9
32,21
28,15
42,18
13,27
1,22
3,10
33,28
47,23
26,10
48,3
20,6
20,26
5,14
27,8
6,19
25,4
13,23
1,28
23,16
18,26
35,13
32,16
45,5
34,13
49,21
10,17
15,23
26,3
12,22
4,8
18,30
34,5
34,9
19,16
16,2
36,9
17,9
3,3
12,24
35,6
48,19
34,5
21,22
7,14
21,18
40,28
43,14
34,12
22,12
37,28
32,5
15,28
45,18
1,8
42,6
8,21
27,14
48,10
13,6
37,28
6,5
8,18
34,20
19,20
31,4
8,3
36,10
45,14
27,2
24,29
5,14
6,28
5,14
2,26
46,30
50,17
6,2
43,30
11,22
6,16
42,9
14,11
28,29
11,1
32,23
48,20
11,25
17,15
44,8
26,16
48,5
28,13
23,7
33,10
8,14
47,18
22,3
14,14
14,2
7,8
48,22
21,23
9,30
50,13
13,9
7,5
29,15
28,19
33,20
12,2
36,1
39,17
50,28
3,13
36,16
17,8
5,8
11,29
33,5
17,20
20,3
16,6
14,11
38,29
23,15
18,22
3,14
16,9
20,1
34,4
7,4
16,19
44,19
8,24
27,1
32,13
14,19
40,9
29,15
35,1
33,28
26,13
42,28
50,16
6,8
20,4
9,24
3,10
17,9
2,17
31,6
25,12
21,23
27,25
20,2
29,28
31,16
12,7
43,24
9,27
41,6
10,22
14,19
37,7
3,21
37,27
17,7
9,21
19,12
4,28
42,30
43,19
42,5
28,13
16,16
42,9
16,2
16,19
19,14
8,10
37,6
15,25
18,14
6,15
5,13
33,4
9,17
9,9
13,18
24,28
2,28
9,15
43,1
29,15
39,7
32,10
36,28
20,27
22,20
1,5
0,27
39,1
36,30
43,6
30,4
21,27
3,10
23,15
2,8
35,11
6,5
15,10
6,11
8,11
50,9
29,10
0,13
41,14
30,25
25,22
26,26
20,3
2,18
32,3
32,28
23,10
22,22
32,30
10,25
35,3
3,1
43,6
25,6
0,3
38,14
21,18
34,11
17,28
3,23
28,4
9,24
18,15
5,21
11,23
43,4
2,13
44,28
35,4
35,19
30,23
13,13
21,2
25,25
12,30
4,23
20,20
23,17
46,17
34,30
15,12
40,25
48,30
46,5
36,13
42,15
9,13
17,23
42,25
11,1
0,15
41,3
20,10
31,21
49,9
50,26
37,5
5,25
45,24
15,23
43,3
46,22
1,8
3,22
34,30
8,21
7,11
41,1
21,14
22,25
7,22
21,21
15,25
5,6
47,1
49,10
26,7
22,24
41,17
11,25
2,21
14,29
41,18
50,4
31,17
39,22
26,5
11,3
12,13
46,15
0,25
41,7
50,15
15,5
29,11
31,5
7,13
31,11
43,9
29,18
41,10
8,19
48,15
49,3
33,6
38,15
46,14
44,29
11,2
17,30
39,5
33,24
43,11
6,24
6,9
29,18
45,11
40,22
40,19
46,17
31,22
26,19
49,10
10,12
29,18
45,24
42,17
28,10
20,10
41,5
28,21
46,4
47,28
33,3
24,12
22,6
18,21
23,30
25,29
39,13
23,28
46,25
18,21
1,28
6,14
13,2
1,22
39,25
17,16
29,2
6,27
30,15
1,26
35,11
17,7
47,2
36,23
11,26
50,6
14,6
46,1
11,16
5,23
8,28
30,27
39,18
19,26
49,17
49,9
45,9
25,5
40,23
8,23
24,8
6,11
34,20
11,28
47,15
37,5
36,3
23,19
6,15
22,2
22,7
30,8
2,1
13,23
46,12
45,23
31,12
34,4
35,6
9,1
14,13
8,18
10,3
11,3
34,9
14,12
25,6
1,13
44,25
19,23
3,9
29,12
29,9
45,23
5,4
23,19
49,24
47,7
47,23
15,21
19,13
18,1
47,5
36,1
8,9
26,23
12,25
10,10
18,6
22,26
50,16
11,17
46,23
34,11
41,4
14,25
15,18
2,18
6,7
14,3
12,7
17,28
29,23
10,12
26,20
23,14
33,23
36,17
17,25
43,22
3,4
14,25
34,24
49,4
26,18
14,30
45,10
3,30
12,22
6,3
1,10
19,20
33,2
29,5
19,17
15,23
14,5
50,12
2,10
28,11
20,19
26,21
36,8
35,13
47,3
44,17
30,20
20,15
50,21
33,28
0,1
3,2
23,28
3,3
14,14
32,10
35,11
33,25
28,26
3,20
43,16
25,9
20,11
32,3
8,26
35,5
23,25
36,26
26,15
9,11
22,13
50,7
47,4
26,30
10,27
45,11
49,27
45,16
13,13
8,17
10,19
5,29
25,29
40,19
19,17
23,4
8,26
42,13
25,14
1,1
13,2
1,11
24,4
36,21
15,11
29,1
34,26
30,16
46,27
16,17
7,8
49,29
5,19
48,1
1,1
27,4
12,10
31,14
20,6
9,8
26,12
33,23
21,7
13,5
7,25
14,5
24,11
5,4
48,17
33,6
18,8
0,11
5,13
20,22
10,11
10,2
48,3
40,21
8,26
3,5
21,11
46,15
24,8
42,13
47,4
0,12
31,17
26,23
37,13
8,16
8,10
49,18
17,7
41,17
21,12
33,5
43,20
44,7
26,1
25,30
33,7
10,4
45,14
14,11
27,8
33,10
46,18
0,27
35,21
40,30
37,26
32,13
35,22
3,21
15,27
8,27
20,25
42,8
14,3
38,13
30,13
29,30
20,28
38,20
16,19
28,8
24,21
19,23
50,22
12,26
48,6
35,3
24,9
48,30
1,24
15,4
15,4
26,9
19,20
15,6
13,11
8,18
5,4
26,9
31,28
35,20
49,21
12,17
31,22
2,22
28,1
4,5
12,12
24,27
13,4
18,10
19,29
44,3
19,16
26,23
46,7
31,7
31,15
42,15
46,3
23,19
19,26
23,9
15,13
16,19
13,8
32,22
42,7
26,5
43,9
29,14
28,2
21,24
44,29
31,19
35,14
30,16
24,13
6,20
50,14
50,16
40,21
13,14
16,3
44,9
17,10
3,25
3,11
36,21
7,13
36,11
33,14
29,7
17,18
8,8
25,26
33,27
1,5
49,3
9,26
34,28
3,27
5,1
4,25
37,15
49,1
31,26
4,5
34,18
42,25
30,29
40,7
49,1
37,7
8,26
6,11
16,8
4,19
9,16
24,25
23,30
47,27
16,14
39,27
10,4
23,20
19,14
13,9
12,23
30,3
25,16
48,13
11,27
38,11
16,2
34,12
42,25
12,19
36,16
47,20
26,25
24,6
35,3
35,30
34,9
17,9
27,8
21,13
2,24
16,29
37,16
48,2
28,14
17,12
19,15
37,13
10,6
46,3
29,17
43,13
14,13
2,28
18,7
50,2
18,12
28,13
31,21
35,3
34,1
45,15
18,2
4,11
13,18
43,26
17,11
22,19
13,23
6,29
10,21
49,19
0,30
9,4
10,10
46,22
15,12
40,12
21,17
18,21
25,18
20,7
0,28
10,1
3,21
45,19
18,18
7,15
19,29
47,6
40,3
27,3
7,23
16,25
2,2
7,25
8,17
31,25
46,4
50,25
43,22
19,18
43,6
32,13
41,29
48,20
32,22
34,28
18,19
28,15
2,18
29,23
37,21
3,23
44,24
2,16
31,1
42,15
36,18
35,16
41,8
4,18
25,22
4,18
34,13
46,11
20,18
19,25
35,22
45,12
43,24
23,11
30,26
20,29
36,27
19,28
46,26
36,25
50,17
44,17
24,29
44,20
16,19
29,16
40,27
24,28
50,9
27,6
14,19
19,29
41,15
48,9
19,15
37,24
0,10
34,10
48,29
13,11
19,1
40,11
12,16
43,4
33,22
46,7
12,25
30,8
31,22
12,13
48,15
16,22
17,8
17,21
41,17
49,12
3,16
36,21
35,8
18,22
0,7
7,20
0,11
17,4
18,14
39,27
9,9
25,6
18,17
38,18
19,17
1,17
19,7
22,28
46,29
41,22
47,25
28,29
25,20
28,11
31,29
41,19
23,14
12,17
42,13
2,13
4,20
22,5
46,5
16,18
43,22
4,8
46,8
17,6
19,5
50,22
13,23
35,17
43,4
15,11
49,20
43,20
34,8
16,4
11,23
6,27
19,18
16,14
49,4
31,27
30,15
20,30
38,30
13,7
44,28
46,1
34,22
34,3
0,2
10,27
47,16
50,19
34,26
37,14
36,2
25,14
32,26
9,29
22,2
43,4
22,19
43,30
26,5
39,11
42,9
42,30
18,26
33,25
40,2
9,23
47,30
16,14
16,29
46,27
45,6
31,28
31,10
33,21
23,4
36,2
47,13
16,20
6,20
9,22
50,3
7,20
11,3
43,28
47,7
3,5
13,10
16,12
10,20
41,14
15,26
32,21
6,13
30,13
50,16
45,21
34,15
20,2
10,16
45,10
13,4
11,25
46,16
30,28
43,25
2,3
4,6
19,28
46,10
50,5
1,8
25,21
17,22
34,12
1,14
33,27
38,10
21,18
9,24
29,17
12,12
3,25
25,21
34,24
13,25
31,10
48,14
9,7
10,14
16,4
42,15
6,20
41,20
15,3
21,28
32,20
16,12
8,17
50,26
21,7
0,1
42,25
46,19
6,13
15,28
10,21
13,3
4,23
41,16
3,17
48,22
39,9
40,21
15,1
4,23
30,25
15,7
11,5
13,15
39,25
0,22
28,7
22,28
23,14
43,6
38,7
3,24
1,8
15,1
43,10
9,28
2,6
50,7
6,4
20,12
15,21
8,10
42,5
5,17
0,29
41,22
31,24
3,17
36,21
37,11
26,7
20,4
11,15
12,24
32,27
14,23
19,6
38,11
6,22
2,8
3,13
50,14
10,29
31,10
44,2
10,3
1,13
22,13
42,18
8,3
28,11
13,27
24,10
47,28
25,30
28,25
0,25
42,3
33,23
3,20
6,28
10,9
50,9
5,22
12,19
24,30
34,20
14,1
48,2
19,9
22,18
25,13
19,3
21,5
43,19
23,9
15,18
20,4
13,8
40,11
7,8
24,3
39,29
41,14
43,4
1,18
0,5
34,22
24,25
22,30
42,20
9,15
37,9
47,13
47,14
2,26
23,23
13,10
11,4
18,15
17,28
18,18
34,8
3,4
19,30
4,14
13,22
40,25
41,10
6,21
28,25
11,17
16,27
38,29
14,6
32,17
30,4
22,3
26,19
13,4
13,1
9,3
12,19
14,30
42,4
6,5
17,13
8,19
42,21
45,27
26,26
34,22
24,23
45,21
20,1
39,2
3,23
11,10
12,13
34,18
44,30
9,28
27,5
4,17
34,15
25,11
21,16
40,24
29,14
7,3
48,11
21,28
45,22
33,7
34,17
32,1
0,1
50,11
12,7
50,5
43,18
42,27
3,18
36,20
32,8
12,2
27,12
37,5
28,29
33,22
8,8
45,21
14,2
39,17
41,2
36,20
30,3
12,24
41,25
43,1
47,4
5,28
17,18
22,1
2,16
27,4
29,20
25,22
37,6
22,9
21,30
22,5
31,6
5,13
14,6
49,17
34,5
21,14
48,6
29,6
45,30
7,9
45,29
9,4
12,28
22,17
44,9
13,27
12,2
8,12
39,18
6,29
47,30
32,23
26,23
7,11
29,4
33,5
38,28
33,3
35,26
25,8
1,5
4,21
32,21
28,10
20,1
46,4
19,24
38,15
37,5
0,15
47,4
15,27
49,7
43,28
1,13
27,11
15,17
37,22
18,11
30,9
43,6
30,3
10,8
17,24
7,27
23,15
20,13
12,7
26,25
24,24
35,23
50,25
20,4
18,30
39,25
38,13
15,17
48,18
41,26
5,20
13,30
40,25
9,3
14,12
2,21
42,9
7,27
0,12
45,1
19,13
8,25
16,19
26,7
47,21
7,6
47,8
26,26
4,30
27,30
23,8
16,4
13,14
27,27
36,9
42,15
50,10
18,20
8,1
34,20
14,20
24,1
10,30
1,27
49,7
23,30
18,24
11,26
12,4
0,22
3,1
26,22
36,22
8,18
21,14
38,14
4,12
20,1
26,26
1,20
26,11
27,25
28,30
7,22
21,20
33,9
45,11
9,27
35,8
35,27
28,14
50,29
3,11
24,10
50,23
45,4
22,16
1,27
10,1
8,15
23,16
35,2
40,13
18,19
14,19
46,24
28,28
46,29
49,2
17,5
20,19
20,3
30,2
24,15
39,6
16,2
27,3
0,1
49,1
24,30
40,20
50,23
12,22
42,8
9,28
0,4
42,10
38,20
9,28
40,16
18,1
32,30
9,13
28,11
0,30
43,15
17,5
48,10
2,23
47,1
4,18
29,23
14,4
41,14
7,30
42,30
48,12
40,3
18,30
33,18
49,23
46,17
46,5
37,26
13,23
26,14
30,23
41,12
0,28
21,30
22,22
21,28
13,18
45,16
45,19
46,24
37,25
22,16
36,30
21,28
38,7
23,27
10,11
33,25
45,21
29,17
11,11
34,13
33,4
45,5
40,23
43,11
20,22
43,16
7,28
42,19
30,25
34,8
23,16
30,7
4,15
47,7
20,18
20,5
9,8
19,20
18,21
2,4
3,28
29,2
7,14
27,5
43,23
47,18
37,26
20,23
15,23
14,30
15,19
7,17
28,4
15,4
40,15
32,2
29,21
30,2
40,15
18,3
21,2
32,30
20,18
12,14
6,21
24,26
29,11
5,2
40,7
49,21
26,19
28,6
18,3
32,3
12,30
21,22
12,10
38,28
24,18
47,15
33,20
35,12
5,27
12,4
3,11
44,26
12,30
13,29
16,6
50,26
14,22
50,23
26,27
34,20
17,19
12,22
4,1
39,1
48,8
50,20
39,16
0,21
32,8
26,17
47,13
16,22
25,25
35,29
35,18
2,28
37,13
17,26
17,7
16,12
33,22
26,14
4,12
0,25
31,19
17,22
32,18
14,10
26,16
44,24
31,8
41,20
39,5
50,20
3,13
45,21
0,10
7,17
2,4
7,26
49,22
7,10
16,8
7,7
9,21
7,9
4,29
28,26
32,2
35,12
21,7
7,18
42,5
42,26
50,9
28,12
25,12
7,8
41,11
39,6
24,27
7,4
27,17
17,28
50,16
36,15
11,22
13,21
47,26
48,4
37,30
45,11
20,25
37,23
15,29
30,24
13,28
2,15
10,28
12,12
4,26
7,20
28,16
45,2
15,10
11,4
40,17
27,16
24,15
45,24
5,2
19,15
29,11
13,16
33,4
4,28
30,9
49,26
36,22
9,10
16,28
22,8
6,4
16,5
40,12
31,25
45,3
33,18
27,17
14,28
45,28
18,9
3,12
28,19
23,7
6,15
20,17
26,28
21,3
47,22
11,8
26,16
30,16
26,7
15,20
1,4
41,7
43,17
21,22
34,9
7,3
31,1
34,30
45,27
25,23
38,21
47,27
22,21
20,18
39,5
28,15
13,2
41,5
48,2
40,3
26,2
2,17
31,19
25,16
21,8
8,20
49,12
20,28
10,26
44,2
50,14
20,21
18,23
2,24
7,11
18,17
32,17
25,11
28,15
15,4
19,11
50,22
26,4
18,6
34,16
9,28
5,17
45,22
25,7
24,12
16,24
13,14
18,3
5,30
35,4
20,1
13,12
18,20
35,5
0,14
10,13
44,29
24,27
13,29
23,3
3,15
35,21
22,2
31,18
48,19
20,3
1,13
29,18
23,28
30,25
16,6
7,8
4,17
37,8
19,14
11,14
46,22
27,9
17,1
21,16
21,28
11,11
34,23
15,7
29,30
22,13
18,2
12,6
44,30
22,14
37,15
10,15
23,24
24,9
16,26
13,20
37,27
38,17
7,15
26,25
27,13
5,29
33,19
41,27
17,7
50,20
4,29
4,17
32,22
19,21
11,1
13,3
16,19
18,8
26,8
25,24
24,20
4,13
19,26
20,6
3,22
36,26
29,18
45,27
20,2
22,28
14,3
13,21
3,14
6,28
20,1
34,15
14,20
41,10
22,19
23,28
38,20
36,19
13,27
31,25
41,3
10,23
47,2
20,22
4,25
8,12
24,25
21,25
33,4
49,11
11,27
22,4
34,23
36,12
7,20
5,25
8,23
3,9
21,21
5,21
15,11
19,2
37,14
14,10
41,28
13,3
29,20
42,16
42,7
16,16
18,4
38,25
2,15
3,21
39,5
15,15
0,11
36,19
45,11
9,5
9,18
1,4
33,10
25,13
24,4
10,6
49,9
45,5
38,17
35,4
36,11
47,3
19,20
11,6
49,5
13,18
9,22
47,16
12,29
6,20
26,7
17,30
4,19
28,4
16,3
47,18
49,10
4,15
34,18
18,3
23,20
32,28
46,2
49,13
33,4
46,21
23,27
42,27
3,29
28,1
29,6
6,8
0,23
33,22
17,28
45,24
33,29
43,26
19,18
23,1
36,23
5,30
24,8
45,6
30,27
1,12
41,27
21,7
5,16
45,18
47,17
22,2
48,28
47,29
20,18
26,14
16,2
40,1
10,3
14,26
35,28
43,4
47,23
47,20
10,9
0,5
41,11
46,25
44,17
18,22
3,19
22,20
48,13
0,3
24,7
19,19
22,27
48,9
1,3
24,29
14,3
23,3
19,8
7,15
5,28
47,4
41,13
38,18
25,15
27,29
22,6
2,26
4,9
37,21
41,9
17,13
37,30
25,19
13,26
7,27
3,29
13,25
11,6
29,2
14,19
29,15
14,14
22,16
25,6
25,2
10,19
23,13
29,27
50,1
43,6
47,2
30,1
18,8
26,8
37,7
39,24
7,25
44,17
8,21
45,11
5,25
32,17
11,18
47,28
7,15
19,20
17,27
13,28
34,2
37,25
11,6
10,24
26,22
42,14
27,2
23,15
12,22
35,5
24,27
33,10
28,8
37,9
21,12
46,26
30,10
48,12
20,3
42,23
32,6
45,29
31,17
19,17
19,3
39,17
43,19
10,7
42,12
43,18
33,19
11,12
9,11
38,10
26,19
11,23
10,3
9,12
45,8
24,3
31,7
9,15
18,28
21,20
45,17
49,22
34,15
7,28
4,8
12,10
50,2
4,13
5,3
19,2
32,30
22,14
11,19
10,12
5,25
26,16
31,20
22,16
20,3
7,4
24,27
32,14
30,15
9,10
9,19
11,25
28,20
14,21
1,10
12,23
16,2
26,19
47,2
6,21
29,6
33,7
33,18
15,21
1,14
9,4
47,27
40,1
0,21
31,21
10,12
46,10
44,5
12,3
5,3
24,17
15,21
14,8
36,26
21,2
40,29
41,4
47,4
24,7
43,7
24,10
42,6
42,11
29,15
2,11
22,5
44,20
4,8
37,20
5,10
49,20
45,29
13,13
44,3
16,18
20,27
47,18
42,20
40,22
35,29
49,21
31,3
40,13
28,28
25,19
2,24
42,16
37,22
42,12
31,29
34,12
50,23
5,3
40,2
8,2
50,3
16,13
0,21
14,9
21,24
7,17
48,26
7,6
21,1
27,29
38,25
16,9
12,29
2,1
26,25
32,11
27,8
9,2
10,21
11,11
6,13
1,12
2,16
38,14
4,15
44,12
16,25
37,18
31,10
24,27
20,12
35,2
50,16
36,30
6,28
17,7
26,17
19,26
23,29
41,9
33,21
28,20
20,13
25,22
37,15
2,7
48,26
16,17
21,22
40,5
20,9
7,25
43,3
18,4
3,10
48,6
14,22
12,19
29,25
26,2
2,10
35,13
42,11
17,25
12,8
8,30
16,15
36,16
13,29
12,26
10,6
2,24
12,22
38,10
45,17
29,21
39,20
47,6
43,30
40,9
10,14
44,28
21,28
8,30
48,25
16,22
18,6
37,14
43,29
45,22
15,16
23,25
15,14
17,15
4,15
30,12
36,25
42,20
47,24
27,9
20,30
36,28
7,9
12,13
36,1
37,24
16,10
27,3
24,5
14,30
41,1
10,3
25,12
2,6
43,21
23,12
19,5
45,5
0,8
24,6
31,9
16,20
19,23
33,16
5,22
41,26
40,4
44,27
8,25
46,2
35,29
43,14
18,2
7,12
9,2
0,19
27,17
48,26
26,28
9,1
19,22
17,3
24,14
2,11
34,14
26,5
37,27
1,24
8,26
44,5
13,23
38,10
7,29
11,1
26,4
30,23
26,4
28,19
37,26
46,8
48,8
11,15
35,15
45,17
20,23
15,5
18,26
26,4
12,8
24,26
29,23
50,26
22,17
46,29
23,2
33,15
28,20
7,27
40,4
27,6
31,5
28,29
40,18
20,2
31,2
48,26
9,19
27,2
9,8
47,26
25,9
41,14
35,30
17,15
37,29
44,26
27,22
44,12
5,19
24,17
39,2
23,30
46,2
24,4
16,13
32,11
17,24
1,9
11,3
28,30
9,3
15,6
32,2
23,11
38,19
4,4
48,18
29,25
4,23
41,4
4,7
7,14
42,8
37,28
21,28
50,23
45,10
17,7
14,6
20,19
2,2
36,28
16,22
37,22
31,21
5,19
4,17
20,17
24,8
28,25
9,27
37,29
30,21
41,16
17,25
50,2
14,11
16,28
21,8
35,16
22,9
29,24
11,17
14,9
18,13
49,30
34,22
17,29
47,2
20,26
39,25
7,19
30,16
39,5
17,18
44,21
8,13
32,3
15,27
18,21
10,23
18,29
21,6
23,28
14,17
3,15
18,15
6,7
43,6
42,23
34,29
9,25
23,25
50,14
27,6
10,29
8,13
20,14
35,22
46,10
39,14
12,29
4,14
0,4
48,2
43,18
11,15
15,29
35,15
21,7
20,17
16,3
17,21
4,9
21,8
42,28
50,20
38,7
27,21
37,25
31,4
10,15
29,25
20,6
5,22
16,4
41,13
5,2
6,1
18,11
29,22
26,24
23,14
34,8
22,13
10,26
13,23
28,21
30,21
15,4
43,8
12,25
14,18
12,14
24,29
38,9
17,19
14,27
20,13
3,15
26,14
23,29
11,30
20,15
32,10
2,21
47,1
14,27
26,13
49,15
34,24
3,16
30,16
29,16
6,15
6,18
46,2
14,2
26,2
30,3
19,10
22,16
7,6
43,18
6,13
22,30
37,17
3,23
36,4
21,19
28,5
50,10
30,5
9,19
45,8
44,16
32,17
18,8
32,28
38,7
11,5
13,28
29,29
9,1
30,2
21,3
15,1
9,26
34,10
29,13
46,28
22,27
41,28
16,12
9,23
48,2
37,15
23,18
21,8
45,1
13,9
6,20
6,2
12,22
46,12
42,8
20,19
21,12
14,27
44,27
43,1
32,16
42,16
47,5
37,9
23,7
18,12
10,19
42,23
44,4
40,17
16,16
1,29
41,24
11,14
2,16
40,27
33,2
16,10
45,27
0,30
13,25
3,20
8,12
13,7
32,22
48,6
4,10
25,10
50,23
13,3
44,11
31,2
31,8
1,16
48,3
21,9
38,13
20,30
37,4
29,20
4,3
15,20
13,28
50,28
31,20
22,10
35,8
38,30
49,24
8,17
14,7
26,15
43,16
37,21
8,12
25,6
48,12
30,9
45,14
1,12
45,5
25,11
44,24
47,17
26,24
40,12
22,14
37,17
17,4
10,8
26,16
30,7
25,1
34,15
38,19
26,15
6,9
28,6
17,15
0,20
1,13
37,16
25,1
49,23
28,7
45,16
30,1
36,17
18,21
24,30
18,23
25,3
22,9
36,29
22,9
11,8
37,25
43,27
10,7
23,30
38,30
5,30
19,30
11,13
46,9
29,1
3,4
38,29
23,3
44,23
4,29
48,17
48,28
45,11
37,9
13,6
13,28
15,20
14,3
25,16
18,2
34,24
3,18
21,22
10,19
31,15
11,7
16,19
50,6
30,11
29,2
17,27
43,27
1,14
50,23
0,24
30,30
16,18
15,2
36,22
38,19
34,14
37,20
32,30
49,9
18,27
46,17
20,19
18,11
13,6
11,17
38,20
16,16
49,18
10,8
49,13
26,19
50,7
10,20
8,8
34,1
26,21
18,24
10,3
35,21
44,23
5,11
14,11
48,7
10,2
47,18
21,26
7,30
6,23
48,15
11,16
28,18
30,13
39,26
35,18
49,4
29,12
24,19
27,1
33,23
25,2
34,23
10,20
29,11
24,8
18,5
4,13
38,30
11,17
28,3
47,11
30,16
43,6
8,15
35,2
38,6
33,24
44,25
1,7
49,5
35,20
39,10
16,7
7,18
4,23
13,5
8,27
18,18
12,8
22,24
3,5
46,21
20,6
5,24
2,5
33,19
0,4
41,27
9,9
42,20
33,17
11,15
3,17
8,20
44,19
37,29
43,20
5,4
43,21
46,26
27,12
36,18
3,5
12,25
16,25
18,10
26,21
11,2
48,13
50,3
2,22
25,9
11,17
29,16
31,1
13,2
32,2
32,1
29,11
5,15
12,27
22,9
24,21
36,17
42,5
18,29
49,15
34,23
12,27
7,16
40,22
35,16
24,16
38,14
31,14
27,9
17,7
6,9
5,15
12,24
42,2
40,10
35,2
21,9
24,15
8,7
18,17
10,13
37,19
16,12
33,16
43,25
40,15
32,4
30,27
45,6
19,27
34,7
48,10
22,18
5,22
17,30
0,3
12,21
47,25
49,25
33,26
21,8
15,21
34,1
4,1
48,29
2,16
21,25
2,19
42,29
5,3
50,21
41,24
47,22
24,4
33,9
23,30
13,30
4,20
36,25
12,18
4,21
16,29
31,24
23,17
40,5
32,6
43,30
7,17
9,6
4,25
46,19
48,3
31,24
18,13
8,15
14,10
14,1
4,4
23,2
13,9
48,23
0,4
26,18
0,2
31,12
9,11
48,15
43,7
44,9
10,13
13,12
43,24
30,6
16,18
20,6
7,13
21,18
44,28
38,30
17,25
48,3
43,5
46,11
13,13
18,22
32,4
21,9
30,20
3,9
2,27
29,13
44,11
0,24
41,2
30,12
17,1
46,1
7,14
9,12
47,12
43,10
30,27
15,4
35,3
36,16
27,7
26,6
29,15
5,20
20,28
4,7
41,7
22,20
19,1
9,27
2,22
45,26
28,29
31,11
3,10
31,3
30,27
31,8
11,28
26,1
24,30
6,21
6,21
49,9
2,29
45,18
30,6
36,1
28,6
49,28
31,20
5,10
36,8
20,7
42,14
5,30
2,8
39,30
12,24
44,25
34,16
13,3
27,29
11,25
19,8
33,3
16,21
37,24
49,14
43,27
34,20
50,24
37,17
24,1
37,9
7,24
25,24
12,22
39,29
46,18
47,5
10,2
28,15
7,10
45,14
41,11
23,28
11,28
28,24
40,18
39,29
35,6
22,24
18,23
34,27
19,4
43,9
19,18
4,24
10,1
18,24
20,7
17,7
40,7
37,15
31,3
29,13
8,29
14,22
33,28
25,12
48,29
38,7
1,24
33,9
24,13
49,30
27,13
50,10
47,3
1,7
28,3
40,12
11,12
23,18
16,4
43,13
18,13
25,30
4,10
45,8
46,7
11,18
35,27
26,25
40,15
14,28
39,27
37,30
48,16
26,1
19,10
17,24
21,18
37,29
39,3
40,22
1,26
47,14
43,5
35,23
45,14
49,1
19,24
15,17
20,19
34,22
49,28
38,23
40,11
15,11
6,15
13,10
24,16
21,11
21,23
18,6
10,2
21,10
50,23
45,28
41,30
29,5
50,3
42,24
29,25
38,1
10,11
10,5
11,15
28,8
6,17
36,12
41,30
41,13
19,25
38,19
15,21
15,20
23,8
3,11
23,5
48,28
3,5
32,2
43,30
50,28
38,10
26,16
12,7
27,9
12,3
3,24
28,28
26,17
49,23
26,8
28,24
30,5
18,6
5,2
8,16
26,1
6,18
0,13
0,7
7,16
11,26
14,24
13,1
41,11
21,24
17,5
3,19
0,14
15,17
24,16
12,27
6,29
27,27
50,28
3,1
35,21
7,19
1,21
11,10
15,10
16,10
48,3
27,7
18,8
15,16
12,18
13,20
14,17
44,5
8,20
0,29
29,22
16,23
9,16
22,23
2,22
33,6
47,4
7,12
21,2
40,28
49,6
23,16
46,26
24,28
40,29
26,12
23,14
36,19
37,19
27,18
9,9
19,6
34,8
31,6
2,24
35,5
32,29
23,25
22,20
3,3
11,27
39,4
33,15
12,5
21,13
50,23
40,26
20,13
6,24
9,2
42,1
41,4
39,17
24,13
41,6
21,3
21,15
42,23
3,12
7,9
15,19
9,18
18,23
3,23
43,15
18,28
5,4
29,25
15,19
25,4
6,8
38,18
2,10
3,17
9,1
47,10
28,19
50,13
26,22
30,11
8,24
25,30
16,9
41,30
4,7
36,14
24,16
10,22
48,9
13,22
27,24
40,3
0,23
5,13
20,10
27,23
19,30
23,2
33,21
40,17
48,5
25,7
32,1
32,11
32,30
7,1
50,22
20,9
26,1
26,24
44,1
18,2
11,23
38,29
5,5
46,12
30,27
42,18
8,1
8,30
31,10
39,4
34,22
48,26
3,2
39,28
15,17
43,6
1,11
19,17
16,10
20,27
16,6
18,9
28,4
22,11
41,4
36,28
26,1
30,28
39,4
36,2
40,25
24,14
28,1
22,29
18,9
2,3
27,9
8,14
20,6
4,9
47,3
29,23
37,15
7,26
15,21
3,1
35,3
28,11
14,11
27,17
2,29
31,26
16,28
5,18
50,15
39,7
5,28
2,28
37,28
5,21
5,18
11,3
35,25
28,25
14,22
9,8
34,3
50,28
2,15
35,25
10,1
16,21
3,6
17,21
40,17
9,3
45,22
2,30
4,22
33,12
17,24
6,13
7,18
2,25
38,28
5,14
34,6
25,11
45,26
48,14
24,18
21,15
26,9
26,3
31,12
27,3
12,14
48,12
3,17
11,29
31,12
34,1
10,5
18,27
3,19
6,25
14,28
38,12
10,27
26,16
30,13
29,5
37,25
30,20
44,16
25,21
26,21
6,3
27,23
36,6
4,27
25,10
29,25
47,12
17,8
28,20
28,22
50,3
12,7
23,14
23,16
43,21
40,13
11,10
18,24
19,11
37,18
0,1
40,27
23,12
0,21
40,23
42,14
42,2
10,2
28,10
25,28
15,12
5,23
20,20
1,13
50,5
16,22
39,28
8,6
4,11
17,1
21,22
5,19
20,8
46,15
34,10
25,1
23,27
10,1
33,30
46,23
11,6
20,4
18,30
35,4
42,5
48,8
36,16
34,16
44,13
6,16
14,30
36,27
27,24
49,17
33,10
33,7
43,28
39,17
19,9
4,4
32,4
21,27
19,18
12,29
19,21
6,5
10,30
20,22
14,11
36,17
43,7
3,22
24,19
40,4
6,16
17,5
50,5
1,28
44,5
41,4
26,25
13,7
42,29
7,4
42,22
17,24
9,22
38,30
40,16
50,25
12,8
8,1
30,15
49,7
48,2
32,5
6,5
11,3
13,13
36,30
36,26
16,21
41,13
16,21
33,21
6,20
48,30
49,8
2,16
4,20
7,30
18,26
23,15
42,29
1,22
40,6
6,2
7,4
5,25
1,6
32,8
40,28
15,8
21,18
6,5
13,4
13,30
29,30
27,23
48,8
1,8
38,9
34,14
22,29
41,7
10,15
43,5
17,6
6,15
21,28
46,6
48,7
47,2
20,9
15,5
26,7
32,20
5,27
48,10
1,3
27,25
28,17
5,19
50,30
11,9
6,13
37,26
17,20
19,5
24,9
46,15
25,15
38,26
13,5
20,27
2,26
25,30
4,3
47,7
0,26
48,5
31,14
34,10
23,10
34,29
4,25
18,5
12,23
34,24
6,26
30,17
11,24
31,21
50,17
7,4
9,24
3,14
0,13
31,5
47,7
25,17
34,21
8,11
28,21
41,2
6,27
40,29
13,19
35,25
12,24
11,6
44,1
29,5
13,19
4,20
46,19
21,19
11,20
45,3
39,24
48,28
12,19
45,10
7,16
47,26
38,30
4,7
23,13
23,19
32,14
42,29
25,16
41,6
14,22
32,18
23,11
24,12
44,29
0,10
29,18
50,6
0,3
42,14
21,9
44,21
36,22
36,5
11,23
2,1
42,19
33,21
49,11
9,25
0,28
40,2
45,20
32,27
28,3
8,11
2,5
39,12
21,10
24,4
19,4
45,30
6,18
2,11
49,2
6,19
47,16
35,6
9,7
30,30
39,3
14,25
36,3
49,20
15,29
40,20
28,23
40,2
42,26
49,7
1,11
28,19
0,24
33,25
40,7
22,20
50,21
30,6
49,11
3,25
3,20
19,10
43,12
8,21
30,18
33,18
33,26
26,13
33,16
31,2
6,21
31,1
23,9
25,22
37,24
16,11
39,3
13,30
46,22
47,27
37,16
37,3
42,16
32,17
1,4
11,21
19,18
37,26
18,20
10,7
13,8
10,14
8,27
13,29
50,27
26,4
6,12
8,15
26,14
23,7
4,26
1,20
15,13
42,1
24,13
10,15
10,8
9,19
48,3
47,5
15,27
40,11
23,17
43,3
35,2
0,28
6,28
39,19
37,3
43,2
13,10
10,12
30,6
26,21
37,6
16,30
22,24
1,6
26,29
16,4
41,22
18,9
40,9
27,9
21,24
50,16
21,4
1,3
4,24
28,30
22,23
41,11
30,25
46,24
28,27
8,5
37,18
44,14
21,22
13,18
1,23
30,12
5,7
43,28
6,9
5,23
15,1
9,16
6,18
34,16
42,20
44,7
48,15
26,11
8,18
29,15
20,14
28,30
29,25
5,28
50,16
39,6
41,22
40,26
23,22
43,28
35,2
9,15
22,9
44,18
24,1
23,27
29,10
41,5
35,28
30,15
36,15
36,8
25,17
18,3
10,7
37,19
30,17
11,19
24,19
13,9
16,11
44,6
36,19
42,16
34,7
1,27
33,1
35,15
39,13
14,24
12,10
22,13
20,12
43,11
46,24
34,14
33,20
25,21
22,30
30,6
50,20
35,20
25,18
44,5
28,4
15,20
50,13
15,24
23,22
11,13
6,12
50,7
30,13
7,25
45,11
15,3
17,13
8,19
50,13
28,4
24,1
21,1
18,2
30,3
11,10
46,24
4,19
39,29
30,28
2,9
47,25
46,11
38,26
36,10
10,29
10,29
47,29
33,20
29,6
16,22
0,23
8,15
39,8
42,26
1,15
1,17
31,12
43,6
47,12
34,13
33,21
28,25
7,13
24,18
5,15
32,16
46,10
23,26
32,2
7,25
9,26
13,26
41,24
28,25
41,27
3,26
24,28
48,29
4,15
25,7
42,4
18,17
2,11
12,14
10,24
38,11
3,6
23,23
18,23
44,11
44,27
42,29
0,3
49,8
23,27
40,21
22,16
32,11
3,8
47,25
45,23
47,3
33,1
16,10
14,11
37,18
11,6
19,14
41,8
24,3
27,12
41,16
39,5
17,29
6,6
7,15
26,7
11,21
43,2
17,5
42,25
49,19
0,30
28,8
17,12
42,30
50,16
8,27
38,21
18,23
47,7
12,27
23,11
2,26
30,12
13,13
23,3
38,2
14,25
45,18
34,12
22,8
20,5
13,21
33,27
27,6
26,4
20,1
39,8
47,26
30,22
35,21
5,25
39,1
13,10
23,30
18,1
23,24
39,18
7,4
47,4
14,26
0,10
27,28
3,18
9,20
32,14
22,12
41,10
29,9
21,8
23,12
49,1
29,2
27,6
26,6
28,1
34,23
3,8
27,3
29,29
22,20
10,17
8,5
23,13
28,22
4,8
36,1
42,2
40,30
11,28
19,22
15,28
43,4
24,26
22,10
12,26
12,1
16,2
49,7
28,28
38,6
29,22
48,17
36,15
13,11
44,21
16,18
8,16
17,3
30,3
1,7
30,4
34,15
46,22
6,26
44,27
41,2
32,14
15,9
46,13
25,14
38,21
3,20
47,2
11,18
28,30
20,24
20,30
27,2
41,15
4,12
43,28
17,4
32,7
10,14
27,21
24,25
35,30
42,25
47,20
48,19
39,6
32,30
48,19
17,9
12,1
48,4
0,23
1,2
28,12
49,15
31,5
47,14
15,17
9,12
50,7
27,20
32,3
19,1
27,3
27,16
29,30
49,17
50,4
25,23
37,10
15,6
31,8
9,29
16,23
16,23
23,28
33,22
20,25
36,7
23,29
14,24
26,4
12,14
30,10
40,11
2,23
11,4
0,25
12,10
10,6
39,8
38,9
37,22
45,24
33,8
2,3
1,9
43,9
37,23
46,5
44,1
32,30
22,8
25,14
46,12
0,12
6,28
47,1
44,19
30,21
6,23
43,13
2,5
42,1
7,28
44,12
6,4
31,9
16,5
10,6
43,1
11,13
31,10
24,3
41,8
3,7
38,5
13,5
12,16
11,18
41,24
32,27
9,23
3,18
32,19
2,23
13,20
27,27
45,30
29,16
24,5
15,7
24,6
20,27
35,29
16,2
36,21
13,7
12,9
46,19
21,8
21,25
40,16
28,3
35,12
13,18
34,9
18,21
38,26
29,26
28,24
22,11
27,7
2,15
1,13
1,10
49,28
33,30
47,5
20,18
10,21
45,24
11,13
4,16
13,13
28,23
23,5
13,10
21,25
20,28
6,7
15,18
41,1
4,16
6,19
24,8
33,18
45,29
44,17
28,28
43,23
8,14
0,23
34,26
28,1
38,17
13,12
46,22
13,16
48,2
36,16
48,21
23,16
18,7
7,6
1,23
5,21
42,17
50,6
14,21
47,2
26,2
0,27
21,24
3,8
41,16
28,24
12,17
49,13
40,26
37,2
29,26
44,8
44,23
7,24
17,25
5,14
13,17
15,24
10,27
20,18
45,21
28,23
13,30
12,9
31,3
14,6
17,17
31,16
35,1
19,28
25,5
49,29
50,9
41,20
4,16
31,12
26,25
23,20
48,15
42,17
37,17
9,4
37,22
3,2
8,27
12,26
25,23
50,5
9,23
12,18
47,30
10,29
27,22
16,11
34,2
35,5
2,23
46,15
3,2
21,5
36,9
10,7
0,22
48,28
21,26
28,3
3,13
33,20
21,9
0,29
48,10
6,8
5,22
14,27
17,8
25,4
7,25
0,29
42,3
45,1
11,30
29,23
40,13
12,28
3,6
23,17
21,13
25,17
6,12
9,25
2,21
5,27
2,14
35,4
4,7
12,20
11,14
25,25
14,30
5,14
15,28
15,12
15,28
22,1
9,22
21,13
4,6
26,25
49,28
0,14
33,5
27,3
26,4
25,14
19,30
29,30
50,8
47,21
6,12
27,20
35,8
17,27
17,15
43,21
22,19
29,20
33,14
43,11
11,17
4,20
43,1
36,23
13,10
45,26
33,15
42,21
43,1
17,12
9,30
49,20
41,23
50,3
37,6
35,7
17,25
17,21
7,18
15,15
8,9
5,15
43,8
10,14
37,11
42,10
46,18
31,15
0,20
0,4
29,4
34,17
14,10
39,3
6,20
44,1
39,25
32,4
7,11
15,13
43,22
23,5
31,11
33,7
48,30
0,25
24,28
30,26
12,15
1,1
22,14
7,21
22,2
13,3
33,9
2,3
42,27
31,16
15,20
13,16
38,5
19,24
2,26
34,18
12,24
22,24
2,22
5,25
24,3
39,11
34,25
49,12
46,17
15,11
26,28
17,19
46,14
18,7
2,12
38,25
36,19
45,13
37,14
42,14
34,11
41,10
6,29
14,26
50,22
42,24
43,8
9,13
47,6
11,21
20,25
2,22
31,14
17,26
13,29
41,12
33,4
47,24
2,17
30,2
25,29
39,9
38,5
33,3
40,25
4,13
26,21
18,17
27,27
43,15
23,6
47,25
45,21
1,12
39,24
42,25
4,26
32,18
11,19
10,14
17,30
2,26
21,4
33,13
50,29
43,12
16,5
2,10
45,7
17,3
22,15
16,29
18,12
27,18
5,19
8,12
29,23
37,22
28,10
29,24
32,4
5,13
12,24
22,3
21,17
15,28
3,6
37,29
15,15
46,6
4,8
4,19
15,27
46,11
44,22
47,13
27,17
42,18
24,13
37,16
11,11
43,16
48,6
30,10
19,27
3,25
0,22
22,22
21,1
37,14
13,6
42,26
48,22
37,17
31,9
20,8
35,20
24,6
27,1
17,2
35,3
1,29
28,6
50,25
22,20
36,28
41,12
13,24
10,18
32,7
19,8
43,3
36,18
24,19
2,18
18,2
15,1
0,12
27,29
4,5
20,22
14,21
13,13
13,29
3,9
16,19
8,8
1,19
9,14
41,16
19,23
22,14
43,20
48,29
10,7
34,8
34,28
4,1
6,21
41,28
21,6
12,10
33,22
11,28
15,13
42,29
40,23
13,20
47,9
28,17
38,6
16,12
32,16
14,9
31,15
2,5
41,10
29,16
18,27
21,1
41,10
43,17
43,15
7,14
39,22
41,9
6,23
40,28
45,21
25,15
10,15
30,12
29,15
18,27
9,21
18,10
6,5
41,7
15,25
45,8
0,23
10,28
40,5
5,21
20,22
37,17
9,28
33,7
37,19
34,11
42,28
22,4
46,16
8,10
2,29
38,11
38,9
40,10
13,21
3,21
40,24
18,30
43,26
5,21
48,1
4,15
45,7
21,24
32,3
24,19
26,23
16,22
43,11
36,17
12,26
25,1
46,16
46,27
38,23
40,24
3,8
4,18
35,9
20,26
18,25
50,23
43,26
38,20
33,29
5,30
43,19
12,18
34,10
13,2
29,30
6,24
41,2
4,12
9,24
45,13
3,17
39,11
42,27
6,10
49,10
43,6
30,9
42,3
2,26
37,27
25,13
17,8
27,23
34,5
20,2
15,15
50,2
39,19
46,22
3,19
16,9
17,18
50,17
9,7
21,29
40,10
5,26
27,27
42,20
45,17
38,25
28,20
31,2
28,27
1,15
13,9
3,25
40,16
42,27
33,17
13,16
31,18
46,18
21,1
28,1
40,20
43,8
10,9
13,7
0,1
1,3
17,2
17,29
16,18
43,20
8,22
6,4
0,18
9,18
5,23
36,3
2,2
43,13
1,16
16,1
45,25
14,13
44,17
21,11
15,18
40,2
4,7
37,16
42,4
49,1
23,16
14,16
20,21
8,25
37,22
44,10
7,17
26,17
44,2
27,4
10,16
9,30
14,23
44,2
19,27
4,10
43,18
45,18
16,19
28,30
27,5
39,4
39,7
30,9
10,6
31,1
10,12
13,22
34,16
47,4
29,8
43,17
46,4
35,15
2,11
19,25
15,13
26,25
40,13
47,14
7,21
35,18
22,5
12,21
18,1
13,30
6,17
5,26
1,8
26,2
9,15
30,24
19,27
27,7
36,24
13,27
2,23
22,4
35,30
23,17
26,28
4,22
36,21
6,23
29,1
28,13
35,21
28,7
22,8
18,6
29,18
45,28
38,7
49,6
37,1
42,11
32,25
4,25
1,1
5,4
15,3
48,26
24,26
13,19
22,20
25,7
46,5
50,8
30,22
30,30
4,17
32,7
25,11
3,14
31,26
28,14
14,7
30,26
29,18
44,14
15,23
0,3
25,1
47,1
23,15
35,19
20,24
19,13
24,19
23,3
27,27
36,3
16,25
37,11
31,2
39,4
38,15
7,5
49,3
35,23
46,13
11,23
18,13
49,28
31,27
25,26
31,3
0,26
10,8
9,2
10,26
12,24
31,17
36,5
6,29
14,25
19,7
25,29
27,25
8,16
27,7
25,29
31,29
21,19
6,29
12,17
17,13
25,5
17,10
16,13
23,3
31,14
19,11
38,9
25,29
12,3
15,9
14,19
18,7
6,12
7,21
27,11
39,5
36,5
30,11
30,29
50,24
11,1
21,9
23,7
18,14
18,26
42,19
11,24
20,17
36,14
37,30
19,4
0,5
14,12
5,1
12,22
29,20
43,25
24,3
26,10
23,22
44,25
2,7
46,20
28,6
39,3
22,1
5,30
7,5
8,2
18,22
27,4
6,21
36,11
27,9
47,23
49,3
23,19
29,3
41,5
32,4
40,28
43,21
50,2
36,20
37,3
6,6
35,10
0,20
24,30
48,2
24,20
11,30
39,28
47,25
13,4
1,29
14,20
30,1
39,18
50,1
50,21
12,26
23,30
24,23
8,11
9,1
34,8
45,7
1,1
35,30
46,19
1,18
5,11
5,6
46,16
45,22
40,23
34,29
17,12
4,8
3,6
33,22
44,7
37,26
39,1
20,13
34,30
16,25
16,24
36,22
17,3
18,27
4,11
33,21
36,4
23,18
12,9
3,6
15,9
44,20
21,2
4,9
40,21
44,10
37,13
31,6
10,3
41,28
17,15
42,22
8,23
36,10
42,7
23,20
45,24
14,22
39,7
0,14
0,19
9,25
37,5
8,19
7,26
31,8
5,2
8,19
21,8
15,15
29,9
50,5
5,27
35,15
25,5
0,23
1,17
35,30
25,2
22,24
33,4
6,1
24,15
48,20
37,25
48,14
13,25
17,10
41,23
28,20
6,11
31,22
15,19
45,22
38,16
39,25
3,7
44,19
43,24
31,28
4,29
15,24
33,23
47,26
27,21
6,19
15,22
33,13
6,29
17,20
16,17
11,2
16,1
32,23
45,19
27,22
14,24
21,9
7,5
11,8
26,2
25,6
12,7
13,26
8,29
15,12
40,12
49,12
39,22
14,30
4,3
10,6
16,22
49,26
18,4
37,1
47,29
0,9
20,28
5,26
22,22
36,8
36,10
10,16
45,28
1,2
38,26
27,16
45,17
40,8
40,14
0,7
10,29
20,12
11,3
29,18
2,8
26,23
17,27
49,6
39,13
36,25
37,14
8,12
4,3
15,10
29,2
30,11
6,26
36,19
45,2
20,8
8,8
22,19
31,27
29,16
3,13
25,23
7,26
14,13
28,6
43,14
18,10
19,3
19,3
35,30
41,6
40,22
41,23
38,9
39,20
9,20
8,23
41,27
35,12
48,26
11,17
42,6
27,13
26,3
42,7
36,14
2,10
30,1
11,26
50,6
34,4
12,30
38,18
32,20
12,6
2,30
19,30
13,21
42,15
25,11
31,10
45,8
26,25
3,24
32,27
44,27
1,6
12,3
31,12
37,23
29,19
2,6
36,15
39,1
15,22
32,28
12,17
44,27
27,16
22,8
22,20
36,25
32,19
13,12
43,24
0,26
36,4
16,28
38,9
22,1
40,24
25,6
12,25
50,1
42,24
36,5
40,6
17,3
20,8
37,12
16,7
31,6
7,16
45,11
37,24
12,22
4,8
42,23
14,9
24,2
44,29
27,2
37,13
25,5
11,10
18,28
25,8
32,5
25,14
33,4
42,17
23,19
48,30
3,7
8,6
20,29
38,13
6,27
43,5
49,19
36,12
19,15
44,26
20,8
48,18
31,29
35,14
20,28
28,25
48,14
49,17
23,25
23,27
34,16
7,29
32,15
11,16
50,6
11,12
41,19
3,3
44,12
6,9
9,18
11,10
20,29
9,20
15,9
3,11
18,29
14,13
0,5
32,12
38,28
35,17
4,8
19,4
13,9
21,20
0,28
6,18
23,12
43,12
28,25
40,30
37,24
28,21
36,18
28,12
45,23
30,25
45,14
32,28
47,9
11,4
43,20
4,10
24,17
8,1
21,12
17,1
13,8
5,11
4,1
19,16
47,24
29,30
49,24
0,4
31,27
8,12
46,3
14,8
50,23
35,8
34,21
8,30
50,28
16,10
22,6
47,22
42,10
36,24
21,8
11,20
28,30
50,5
50,9
48,10
32,5
35,2
21,16
44,1
27,7
3,1
50,14
48,2
5,24
26,27
48,20
33,26
6,9
1,23
41,25
30,26
0,23
45,6
11,15
40,21
36,22
34,20
50,26
1,5
31,27
37,7
5,23
4,15
1,23
43,8
19,15
6,22
0,26
21,11
12,20
34,24
35,16
29,3
12,24
7,12
33,28
23,12
12,8
30,8
17,4
45,8
31,13
17,12
33,10
14,30
13,21
48,22
45,21
14,19
1,5
44,15
26,4
15,21
40,23
15,10
46,1
46,13
2,29
34,19
40,9
11,12
26,11
6,19
43,16
40,8
38,26
41,22
9,5
39,2
47,30
47,10
45,10
41,5
47,9
13,14
4,21
34,17
46,5
16,11
9,29
18,20
30,21
50,4
10,13
45,12
45,10
41,25
29,8
24,6
32,20
24,9
36,1
5,30
38,27
5,6
29,3
42,5
15,20
1,27
39,18
33,21
42,19
22,22
38,6
27,22
33,3
21,19
1,1
42,15
7,18
6,13
4,5
25,28
42,3
15,28
20,18
21,9
46,16
50,11
42,27
7,19
46,6
42,22
32,23
8,4
41,15
19,18
26,13
34,15
15,2
30,6
5,12
12,14
46,29
6,5
20,16
8,5
3,22
27,20
39,2
46,3
34,5
29,20
6,23
0,18
27,19
29,26
47,8
20,14
45,16
44,22
46,6
11,11
10,8
21,13
34,24
45,27
6,13
33,21
30,8
9,8
47,13
26,12
41,20
33,21
3,25
38,26
37,26
15,4
29,29
47,18
16,30
30,8
42,27
38,7
34,28
30,28
26,16
42,29
40,22
42,3
36,12
30,27
10,10
21,2
41,17
19,21
44,25
22,30
25,3
5,29
43,15
9,18
8,12
32,30
32,3
33,27
12,23
50,9
28,5
44,11
30,12
25,8
24,30
35,14
2,1
39,12
1,24
39,2
48,1
29,5
34,27
30,22
9,24
38,25
20,15
5,15
20,6
24,2
32,13
22,18
28,5
29,23
39,15
48,29
17,10
30,13
8,2
7,14
14,18
15,30
36,30
27,24
37,25
38,6
30,8
7,19
36,3
4,30
17,12
30,29
23,21
38,12
14,10
1,9
18,7
37,21
27,14
15,11
43,2
12,30
8,5
47,2
