28,1
14,11
21,3
36,22
27,24
38,22
9,28
0,4
24,26
41,28
49,18
14,6
45,8
36,6
28,18
12,18
43,28
4,16
37,16
6,28
13,24
1,18
4,27
13,21
1,18
5,25
3,15
31,27
34,1
11,23
45,24
18,29
48,29
45,27
45,11
46,18
8,26
7,20
23,12
19,17
5,11
18,28
18,21
39,26
45,1
36,5
4,4
28,13
45,14
28,28
17,4
11,22
46,18
9,16
43,25
15,18
24,28
12,19
14,3
28,30
26,28
45,7
8,13
4,20
4,7
16,12
7,3
27,5
48,28
10,23
30,15
29,11
12,9
20,8
13,5
40,15
7,2
48,5
15,18
30,13
28,11
41,17
18,30
2,16
41,2
49,18
0,16
39,15
12,10
49,20
50,27
25,28
9,28
42,22
0,1
18,22
22,15
27,20
40,6
33,30
1,2
48,7
18,5
41,25
19,15
46,4
31,3
45,15
26,6
2,8
21,16
24,27
9,17
5,6
39,13
28,20
26,21
29,10
14,23
31,12
38,9
50,25
0,29
34,17
45,1
28,29
43,16
36,15
21,13
17,9
19,30
4,16
3,11
1,6
31,11
47,29
1,2
49,27
34,2
44,9
8,30
29,30
20,8
14,12
40,30
25,21
25,27
40,1
32,18
50,15
28,4
26,30
41,11
28,30
39,3
36,24
9,6
43,14
0,21
16,26
46,8
49,20
9,27
26,27
42,3
7,25
47,27
49,24
10,2
50,3
37,25
47,21
16,11
4,10
36,1
20,19
5,21
10,8
16,25
45,17
11,23
15,11
35,14
29,17
38,28
24,24
27,6
26,22
46,3
40,4
39,27
0,10
39,3
37,23
45,26
23,11
39,23
9,27
13,14
9,26
43,3
11,27
39,24
20,13
4,23
20,20
11,24
41,23
14,22
8,29
36,11
30,20
26,6
15,6
27,13
11,14
35,3
29,30
12,19
3,29
16,18
31,6
10,4
32,28
3,2
49,5
42,23
36,7
36,21
23,8
47,27
15,5
4,14
12,29
47,14
40,30
30,20
21,15
15,17
2,21
43,19
48,14
37,27
44,21
4,15
50,19
1,14
24,11
33,30
23,13
47,9
22,28
14,13
27,2
14,6
38,7
35,27
32,25
24,4
45,27
12,23
42,9
19,7
34,6
22,27
3,27
31,24
28,16
23,15
17,29
5,29
21,8
48,10
0,2
13,18
11,23
41,15
32,29
36,15
10,29
8,23
5,29
35,19
21,3
20,3
21,25
23,8
46,14
39,3
39,15
47,11
25,28
23,22
50,26
4,23
23,29
29,6
2,29
21,8
39,26
49,13
31,15
31,7
38,8
12,29
10,5
35,29
8,5
20,18
40,16
40,11
46,2
4,24
25,30
45,28
12,19
7,17
32,6
41,5
19,24
40,20
28,17
12,26
1,9
7,28
8,25
34,2
7,2
15,22
34,9
39,3
37,5
2,4
47,20
31,25
49,20
0,14
22,22
15,10
19,12
7,4
5,25
50,11
35,17
1,30
8,24
16,4
14,25
16,25
8,13
35,24
11,22
3,22
44,29
37,3
47,30
26,5
20,28
6,29
39,26
25,11
47,22
21,7
5,26
7,13
32,8
40,7
26,22
18,18
9,21
5,11
18,2
50,6
39,9
25,22
39,27
18,15
15,26
26,15
45,29
14,25
42,20
21,13
49,14
38,28
7,24
36,7
30,7
22,12
24,3
8,15
38,4
21,23
39,1
40,20
17,30
46,3
22,30
42,17
1,29
40,13
16,20
28,20
50,12
8,22
5,27
23,18
49,18
41,9
39,15
33,17
0,24
26,10
31,21
20,3
13,3
14,17
33,2
34,10
39,1
37,26
0,21
44,15
40,8
46,12
48,23
9,22
6,9
40,8
10,22
24,15
18,10
43,18
32,27
28,14
1,27
14,12
46,22
48,14
36,26
43,25
15,9
33,10
39,1
28,13
11,23
1,13
26,3
31,21
9,23
22,14
20,13
1,24
36,26
50,12
17,15
22,13
19,16
27,13
47,4
7,15
0,21
25,14
13,14
7,28
38,13
41,17
14,5
41,21
26,7
45,29
45,30
41,5
15,28
28,10
5,28
49,6
18,25
32,25
1,19
32,8
16,4
16,21
5,20
36,18
9,10
35,13
50,15
34,17
49,28
9,17
2,24
7,19
1,2
1,28
27,10
49,29
22,20
28,10
12,26
20,29
14,19
3,12
18,21
30,24
10,19
17,5
31,7
13,29
50,30
14,7
8,13
23,12
29,12
14,9
29,5
0,25
32,27
5,11
46,30
22,11
49,11
42,15
43,20
36,15
36,25
44,20
50,21
22,7
30,12
45,17
9,6
26,12
5,25
1,15
35,12
2,30
3,10
16,14
30,5
16,14
19,12
47,22
33,15
29,13
9,8
44,18
22,17
29,27
14,10
10,16
18,16
14,28
22,20
40,13
0,6
47,17
37,8
13,2
38,18
30,21
45,2
39,9
50,9
34,5
17,12
38,25
3,9
26,8
26,10
12,14
35,8
3,2
4,6
35,6
35,9
5,24
18,10
9,23
27,30
3,7
37,8
2,28
6,12
39,16
38,2
45,15
28,13
15,22
29,17
26,10
15,24
21,8
5,7
49,21
42,21
40,2
38,2
34,16
36,18
26,16
32,22
8,7
18,21
19,24
22,19
0,20
39,4
17,24
6,8
26,7
10,17
44,26
28,26
46,19
7,26
7,3
3,19
9,15
0,7
48,15
2,10
50,6
1,14
43,29
4,23
17,5
47,10
20,19
20,16
23,1
21,4
49,4
16,27
48,12
7,21
24,25
9,21
29,17
20,6
15,14
50,1
10,11
14,19
14,24
0,25
27,11
28,3
39,30
2,9
47,30
1,15
0,6
12,6
15,20
21,16
49,20
17,17
12,19
36,28
3,29
50,23
48,23
36,15
19,3
19,25
39,17
2,1
47,27
24,14
42,21
30,26
4,9
24,22
10,4
26,4
2,12
9,30
38,4
47,1
9,7
28,4
44,29
43,19
43,16
8,8
5,1
26,22
44,12
24,20
22,15
5,5
22,8
28,20
27,22
40,15
22,13
43,13
49,16
12,8
16,22
18,11
1,4
2,9
22,30
43,25
45,11
25,27
23,3
38,29
42,4
7,20
12,15
37,4
4,26
2,20
19,28
2,15
3,16
42,12
8,27
27,14
23,7
30,7
39,9
6,7
1,20
40,15
36,30
1,10
38,30
5,18
41,28
29,17
49,5
37,29
41,27
25,2
22,20
10,30
5,28
50,7
11,19
25,1
13,10
8,22
8,23
29,3
9,17
8,16
41,30
37,27
38,25
24,10
4,11
27,17
30,6
11,10
5,12
11,16
12,7
6,28
42,15
30,25
24,11
37,8
7,8
7,6
36,16
39,6
9,2
33,5
3,10
15,1
50,14
15,26
29,29
37,8
11,1
43,11
46,4
9,8
5,3
11,16
16,8
45,21
15,3
19,7
0,5
7,18
16,29
3,27
30,15
16,30
32,9
21,25
39,17
34,8
19,20
11,3
3,5
48,23
22,7
28,21
23,17
25,9
20,2
17,8
28,10
40,19
11,14
34,20
25,16
12,1
47,3
32,10
5,4
32,3
18,17
25,21
26,28
50,11
50,26
33,9
8,3
26,26
9,19
20,11
43,2
13,19
4,4
15,24
0,22
19,13
38,30
35,16
49,24
12,9
3,21
22,13
22,9
28,7
14,26
16,9
6,23
25,10
17,4
41,26
47,12
50,1
43,2
12,5
19,2
39,8
42,28
48,26
5,15
38,29
18,4
36,1
49,20
18,30
20,12
40,7
12,14
49,12
47,9
30,22
50,14
47,5
3,10
0,30
33,5
23,30
38,2
29,2
1,5
48,20
35,13
30,6
26,15
28,11
4,30
47,22
25,8
12,14
35,30
18,15
45,17
48,1
44,25
9,27
17,7
20,17
42,20
47,14
12,12
7,21
27,17
26,17
18,5
8,10
8,16
29,30
34,8
45,15
30,28
4,22
26,4
21,11
1,7
45,3
28,21
0,20
44,17
47,11
18,2
48,5
49,16
17,16
46,21
30,1
17,19
47,23
12,10
23,14
45,1
15,24
3,17
10,13
46,5
39,6
5,6
48,16
19,14
0,14
19,15
46,28
44,1
0,5
42,8
8,18
36,21
44,8
18,17
2,29
32,2
7,15
37,6
34,13
6,4
50,24
35,15
17,7
32,28
0,8
25,10
17,6
48,19
22,5
24,5
31,12
33,28
47,7
36,18
48,3
42,8
43,6
39,21
46,29
33,5
17,17
43,8
38,20
44,11
1,4
0,29
5,19
45,4
10,13
34,9
8,16
10,1
4,11
46,26
22,9
37,22
48,14
21,28
28,1
50,20
25,23
7,23
38,10
41,30
36,8
34,4
46,14
15,17
3,22
48,8
19,6
9,2
46,18
33,28
39,18
5,11
1,17
28,30
29,12
3,23
40,23
41,3
2,10
26,19
17,18
8,18
7,11
8,9
8,26
2,12
34,13
12,11
28,3
7,9
37,6
24,12
47,9
2,3
4,21
44,11
13,19
44,25
2,11
8,29
23,2
13,29
19,21
25,17
37,10
45,19
8,28
35,29
14,12
10,8
34,1
41,18
2,30
29,11
40,26
37,10
40,22
10,30
35,30
32,20
26,30
14,4
11,3
46,24
15,12
27,20
23,6
11,5
21,10
24,25
48,11
18,10
41,11
18,4
17,10
3,1
29,8
38,29
20,24
8,26
8,13
46,5
49,6
22,10
44,30
35,1
19,27
34,25
50,13
34,26
28,1
4,13
48,8
14,26
2,4
7,26
40,1
48,24
33,21
23,6
46,21
19,16
36,6
50,24
43,24
28,7
13,22
42,18
22,12
45,30
47,17
39,26
20,17
36,21
34,15
50,1
24,4
4,27
34,9
12,16
27,13
1,25
14,5
24,14
23,13
7,9
8,8
8,28
25,17
23,17
46,6
14,10
10,21
10,8
48,27
31,23
0,26
12,15
38,9
49,10
14,19
17,28
18,16
10,13
20,11
20,19
44,23
29,30
1,13
15,8
49,9
6,20
44,17
30,28
39,10
1,5
0,27
6,15
7,21
12,22
12,27
12,16
24,15
34,15
31,4
36,1
5,5
37,23
47,12
28,8
13,23
1,9
13,5
19,13
40,3
17,21
1,8
41,26
8,21
48,22
23,2
50,23
5,8
2,30
31,28
43,22
39,20
14,8
27,6
46,7
49,16
11,15
18,8
47,15
2,12
30,27
4,12
45,22
3,3
44,1
0,21
24,10
16,14
33,6
21,8
26,12
34,14
21,24
49,20
10,14
47,19
41,8
32,22
16,21
7,15
27,12
33,18
25,20
6,29
14,20
4,9
23,21
36,11
3,5
11,22
49,22
16,10
37,23
14,2
27,8
17,19
21,16
22,9
17,28
12,24
41,19
21,24
36,18
35,4
41,9
49,25
37,27
29,2
9,23
27,9
6,8
35,16
43,17
12,3
17,12
36,8
16,30
50,2
48,7
42,21
0,7
2,12
15,3
38,3
24,21
20,1
23,29
30,22
49,27
12,14
43,21
16,5
23,3
4,2
25,26
3,27
18,18
0,8
29,13
10,26
11,6
13,26
46,3
23,30
24,26
10,13
42,1
14,21
3,29
49,19
3,18
24,17
33,10
18,8
24,3
2,22
41,8
44,8
32,25
1,10
24,5
40,13
41,7
8,28
50,23
4,1
4,6
18,30
34,21
28,12
22,21
12,27
19,25
1,17
7,17
19,8
35,6
27,10
27,3
34,2
36,5
10,28
13,12
36,28
31,28
9,26
7,2
47,14
6,9
8,6
8,6
48,20
19,30
2,27
33,21
14,26
50,23
4,2
48,13
2,5
50,13
50,13
16,11
38,25
5,26
9,10
9,15
42,12
38,20
11,13
42,30
38,7
50,18
9,25
37,24
0,25
16,2
32,13
14,17
38,9
12,19
22,20
48,26
28,9
41,6
22,10
26,25
47,20
29,10
22,4
24,26
18,17
18,12
0,12
49,11
10,29
12,29
19,20
9,26
22,10
0,14
5,17
6,18
44,3
10,20
28,3
8,4
42,13
5,26
29,8
17,3
6,15
43,7
31,6
48,28
3,24
19,12
41,13
28,30
22,9
14,11
4,8
20,17
12,6
3,21
29,14
3,3
26,17
45,24
48,27
21,19
40,29
31,25
46,14
16,22
28,11
12,8
4,4
14,15
25,18
27,5
26,17
29,11
41,4
38,21
48,25
37,24
28,26
36,10
37,24
45,29
26,2
25,23
19,24
2,16
24,1
18,5
25,7
33,27
40,2
22,30
16,25
21,9
19,12
23,24
31,29
32,16
12,23
31,7
4,2
33,14
14,30
29,19
7,8
37,9
45,4
30,2
10,3
40,18
38,12
3,9
21,16
4,14
27,2
11,20
30,9
12,9
30,22
36,14
32,14
14,22
36,10
40,18
47,6
20,19
42,29
17,15
37,5
1,27
40,23
22,30
43,6
42,1
44,4
14,26
36,17
28,4
14,27
50,15
11,5
48,20
3,26
38,17
49,22
18,19
15,5
23,18
46,20
6,25
47,3
16,25
12,2
18,22
14,14
50,1
31,13
24,27
8,18
16,30
31,16
31,28
9,1
46,14
35,1
0,16
47,18
42,3
24,28
50,27
19,26
19,13
9,19
34,2
27,16
25,17
31,10
10,7
45,14
0,23
23,15
47,11
28,20
30,11
30,4
8,8
6,20
21,14
49,9
3,29
25,10
33,20
16,16
25,23
9,26
48,1
2,14
26,2
20,16
27,27
30,22
47,12
31,8
14,17
17,7
11,14
17,22
44,23
32,18
41,16
10,28
49,9
8,26
36,13
26,16
9,4
32,13
43,8
2,8
26,30
2,28
7,19
6,11
17,30
32,26
0,13
10,24
32,10
2,2
13,4
41,4
37,8
7,4
48,9
44,27
17,7
25,19
0,19
46,18
49,29
31,23
27,25
28,11
35,23
49,2
20,17
39,26
5,22
47,26
31,18
3,27
24,28
47,27
5,9
25,1
23,28
1,7
19,19
19,3
45,22
50,19
48,4
21,18
32,24
38,18
50,26
43,5
25,1
5,13
47,23
38,22
17,14
5,19
16,25
37,25
48,8
42,4
36,23
36,1
41,8
16,18
19,1
40,5
41,8
16,7
16,6
15,2
26,20
49,6
23,17
45,21
12,15
8,18
33,5
25,2
9,15
34,25
43,10
0,28
8,30
2,20
17,20
23,18
23,24
3,1
12,1
46,20
35,5
39,25
18,7
3,7
13,15
47,6
19,5
24,13
9,2
3,2
23,14
28,28
12,2
47,27
21,12
37,13
3,11
9,7
3,3
41,27
36,30
35,11
9,16
45,13
21,29
29,11
20,21
20,23
48,13
12,12
38,29
42,10
35,22
18,16
47,6
38,16
6,22
41,10
10,28
48,10
28,20
34,6
30,13
26,11
8,19
38,25
37,5
12,24
25,3
43,7
5,13
5,19
26,2
17,17
33,1
2,14
50,4
18,3
26,12
13,16
14,27
2,27
17,8
5,1
30,17
17,2
35,23
29,30
20,23
6,20
2,1
49,1
8,13
41,29
25,10
46,9
7,13
26,7
36,1
22,19
48,10
29,27
24,3
46,17
15,18
36,3
5,24
17,29
4,6
6,6
48,14
39,21
27,5
40,4
37,21
44,3
49,15
27,9
27,10
28,2
31,17
17,11
41,14
47,24
15,21
24,18
7,7
16,14
37,22
48,16
28,5
28,10
7,7
20,22
25,29
41,1
34,5
43,8
44,4
5,12
0,1
41,30
48,15
45,16
31,11
10,26
15,5
6,27
45,23
10,10
50,21
8,28
46,27
32,27
35,22
13,24
39,4
48,20
12,10
38,11
3,4
32,30
0,3
35,6
21,17
17,10
49,8
8,10
28,5
50,30
4,19
19,27
38,23
30,6
23,19
40,24
23,21
3,23
39,17
11,27
42,17
16,23
11,6
30,9
10,9
37,16
13,9
33,18
2,24
32,2
32,24
36,25
42,18
33,30
30,5
8,3
16,10
48,18
38,12
17,4
15,5
1,6
38,10
21,3
4,12
29,9
19,18
26,10
19,22
47,17
50,29
22,28
22,11
33,26
23,22
22,27
28,22
22,7
15,21
15,13
44,21
22,4
21,5
8,14
18,26
32,10
4,2
43,19
12,6
50,24
22,23
36,30
43,13
29,13
3,30
33,8
34,1
31,10
16,23
3,5
48,25
32,11
23,21
11,27
37,7
9,12
38,8
39,27
4,27
3,8
27,5
31,30
13,24
0,16
35,28
48,19
13,7
21,15
28,12
3,1
19,19
22,18
3,28
5,17
1,14
2,27
10,30
12,6
23,4
49,22
45,27
23,29
33,24
50,26
41,5
34,25
15,3
4,23
46,27
29,6
30,21
40,12
6,30
43,17
19,7
1,27
12,19
19,24
19,12
30,1
17,11
0,8
30,23
34,12
37,12
36,17
44,19
44,15
40,5
34,19
30,22
7,20
48,25
6,16
31,9
49,21
15,13
1,3
5,8
30,23
28,25
34,17
9,15
32,27
6,27
38,2
49,7
0,28
38,18
47,11
6,18
47,10
45,20
3,18
22,12
11,19
9,16
25,19
6,26
43,30
9,5
26,30
20,11
3,24
16,26
34,23
4,3
47,25
48,22
12,17
37,14
8,11
20,11
43,20
14,14
47,18
34,14
36,13
11,17
23,2
17,2
4,29
16,30
16,25
9,20
7,20
27,7
49,6
22,6
16,19
49,19
35,28
9,22
39,12
30,6
37,21
0,13
27,12
12,8
9,23
3,12
7,10
28,19
19,16
30,27
2,4
43,18
9,9
48,9
1,29
47,30
4,25
8,21
50,18
11,3
28,3
1,19
15,16
35,24
46,23
6,29
48,18
8,16
5,17
30,7
13,14
38,9
49,13
0,11
10,16
42,27
27,29
46,10
39,15
32,17
23,30
34,6
2,1
12,24
7,12
10,20
33,19
45,17
50,14
4,12
46,9
39,3
36,20
1,19
2,26
39,27
20,7
4,18
13,15
21,15
43,12
3,12
39,8
3,25
34,6
6,13
41,16
27,10
44,25
45,20
42,5
36,26
27,2
28,24
10,20
10,11
19,22
6,29
23,8
7,14
45,15
36,29
8,2
32,11
39,15
27,19
6,4
2,26
31,15
29,22
25,7
47,17
44,1
0,5
1,3
11,25
42,22
22,14
34,2
28,14
5,1
7,2
42,4
30,24
48,30
4,29
5,13
45,23
46,5
45,5
40,5
14,6
44,24
16,29
27,10
40,15
42,6
20,26
29,9
49,18
9,27
33,9
26,23
40,5
14,20
47,8
35,28
34,13
37,15
9,13
45,5
2,29
16,24
11,3
24,27
19,10
22,16
21,25
25,23
45,21
4,15
42,18
35,30
42,25
18,12
37,11
23,9
22,29
32,10
17,17
28,3
23,26
28,30
34,25
48,30
49,21
20,2
49,19
15,29
45,8
50,24
36,18
49,7
44,17
2,4
2,6
17,3
2,26
0,4
35,13
12,20
43,22
23,16
48,8
27,25
26,27
17,24
25,30
28,14
17,19
9,19
46,19
36,20
48,24
16,19
47,20
10,17
50,12
15,27
31,9
18,1
45,23
46,6
46,24
32,16
39,2
50,12
28,10
38,20
1,22
42,29
35,16
15,24
50,22
18,23
40,27
30,24
22,17
21,27
2,18
8,6
17,16
27,26
36,2
31,4
10,2
17,6
17,17
46,2
21,11
41,22
34,18
41,22
36,24
44,11
33,30
13,3
35,13
22,7
36,21
21,13
12,14
48,9
4,29
16,6
27,30
16,6
46,15
25,26
21,27
25,27
9,29
30,17
3,17
2,25
15,26
0,24
48,7
49,27
5,12
23,26
38,22
4,11
43,17
17,9
33,8
36,15
21,15
27,18
18,19
9,23
31,12
42,10
6,8
40,25
28,13
16,2
38,5
26,17
37,18
5,26
0,21
48,21
46,4
28,6
24,20
13,12
48,18
24,28
44,12
35,9
38,8
20,26
32,7
3,9
34,12
43,6
36,1
2,9
2,11
31,1
46,25
0,12
24,5
1,7
46,29
42,5
44,12
49,3
40,27
15,19
38,20
41,22
50,18
28,16
28,13
4,4
48,7
20,6
28,13
30,30
39,29
50,5
26,24
7,26
27,7
3,11
10,17
6,30
17,26
13,6
26,14
37,20
18,23
33,29
49,25
27,2
9,21
28,6
12,5
30,23
14,17
12,12
7,4
3,16
2,6
40,1
7,9
14,12
32,23
50,7
9,13
26,30
48,1
29,13
22,9
38,26
43,8
35,30
19,19
24,16
40,13
22,4
2,11
22,3
28,21
32,20
29,13
29,4
5,7
27,25
24,23
11,6
30,22
37,23
10,3
8,12
5,14
18,6
33,19
46,11
33,2
3,8
23,10
6,26
36,3
36,8
18,20
50,7
25,12
34,3
26,29
0,4
2,4
40,4
28,18
5,27
19,26
10,27
35,6
18,1
13,16
18,18
14,7
17,10
40,6
26,24
7,19
3,30
41,5
43,8
49,14
23,25
19,6
37,7
30,23
10,26
39,2
0,23
1,13
26,15
41,7
13,17
18,25
25,18
24,1
8,24
45,2
49,21
20,19
34,13
4,20
29,8
18,20
23,9
24,29
7,22
27,27
43,18
27,28
39,16
23,12
12,25
11,7
0,23
33,20
2,6
44,14
18,21
16,2
21,17
28,19
37,10
40,24
20,3
21,8
42,26
22,2
48,12
50,16
19,28
42,26
44,6
16,11
21,28
10,7
3,6
41,23
21,25
1,6
27,17
9,16
4,18
13,11
34,20
20,8
12,5
46,20
14,13
28,7
22,8
6,15
43,8
41,6
14,25
31,17
40,10
47,30
6,4
19,15
19,15
17,29
49,19
4,28
21,2
33,2
39,29
24,28
38,26
14,27
36,22
26,6
31,16
44,17
49,10
16,17
41,15
42,25
49,12
23,29
13,28
19,21
49,10
33,23
50,4
28,14
33,11
32,10
39,12
29,28
2,3
7,15
47,23
33,2
5,8
37,30
27,13
23,14
12,4
2,10
35,11
12,6
49,12
46,4
17,15
49,6
26,30
25,5
5,4
43,9
30,30
32,27
39,4
14,16
23,21
8,12
33,24
29,16
27,8
28,20
41,17
26,8
18,7
4,19
25,16
18,14
49,26
32,27
20,30
14,10
25,1
26,8
18,4
4,6
15,19
2,8
18,5
7,29
43,23
29,18
41,20
38,15
26,27
47,23
15,29
44,24
25,22
22,15
17,13
45,28
17,28
2,14
7,29
16,18
44,27
47,14
46,8
28,1
35,1
48,13
9,21
8,17
13,28
38,21
49,14
29,17
10,25
46,25
35,15
20,9
11,12
11,19
42,23
12,13
15,8
49,2
21,20
42,11
15,14
5,16
12,3
24,29
26,7
43,16
38,21
18,2
25,21
31,3
17,28
29,3
24,1
27,13
29,1
30,3
26,2
8,13
35,10
0,13
19,12
1,3
16,13
19,6
28,22
15,10
42,29
22,17
25,24
18,18
8,24
31,4
13,29
10,24
6,9
45,15
40,14
16,12
29,20
13,14
49,3
50,2
42,12
10,23
29,7
47,28
1,22
50,30
12,8
21,17
30,20
44,3
24,3
0,1
47,22
15,12
26,12
4,24
39,30
28,30
9,8
2,1
21,21
48,14
3,5
5,19
31,17
38,2
6,11
43,11
7,10
45,8
45,26
15,23
48,11
33,29
28,21
0,26
3,20
8,19
49,22
41,13
46,12
48,25
31,13
33,26
25,26
33,2
36,23
20,27
18,2
14,26
30,22
0,23
17,4
24,28
38,23
24,29
9,13
17,15
26,26
49,2
2,21
43,22
32,7
32,1
29,4
15,13
20,14
29,4
8,6
21,6
42,15
48,22
19,19
50,26
27,25
9,5
31,1
23,27
11,8
6,30
11,23
46,11
32,15
47,23
43,14
49,12
33,3
39,28
17,20
3,11
40,6
25,26
41,19
27,26
5,14
5,2
14,4
22,28
49,20
13,26
16,13
37,13
48,13
50,15
46,20
38,28
43,24
28,4
22,13
40,12
34,12
31,18
43,21
22,21
1,15
2,24
12,30
46,19
2,20
21,18
4,13
39,10
30,12
24,18
34,19
23,17
44,28
16,17
10,25
15,8
23,19
43,4
41,27
14,29
6,30
21,29
5,18
34,18
37,2
31,30
26,8
11,21
0,16
20,8
6,16
40,11
13,25
47,23
36,15
28,15
37,11
37,18
11,11
7,30
6,22
8,17
45,12
30,25
10,24
44,11
47,30
28,2
44,12
27,25
19,17
2,3
4,30
40,30
12,10
28,27
0,2
12,15
6,11
0,29
25,13
4,26
29,28
29,3
46,23
38,21
36,17
7,16
0,25
39,5
16,12
24,11
26,6
35,22
8,1
38,29
22,14
1,22
34,25
36,26
31,2
21,19
38,15
39,29
39,13
27,21
28,13
8,25
50,16
40,26
50,27
36,12
20,13
28,29
49,9
42,26
27,18
13,26
28,19
32,22
41,1
20,24
30,9
34,13
11,20
0,4
42,29
40,13
49,29
4,27
20,20
50,1
7,19
10,6
38,13
33,18
7,26
16,15
49,6
37,10
49,22
10,23
50,10
29,14
48,5
38,24
9,4
42,5
49,17
0,10
13,5
28,6
29,7
29,17
36,15
2,19
4,9
25,30
30,18
4,16
30,8
8,30
29,25
44,3
11,11
48,15
16,12
43,16
3,28
26,4
23,28
25,23
5,3
38,21
39,28
34,12
36,9
41,11
24,26
9,28
16,7
32,7
18,17
50,27
12,20
47,5
28,12
2,26
33,11
49,29
22,24
30,21
2,28
6,13
10,15
16,15
24,28
17,3
11,20
3,15
45,6
15,12
39,8
20,26
46,12
20,11
5,30
35,4
43,16
42,26
34,10
11,15
43,25
33,27
17,11
1,7
15,23
33,3
28,26
46,21
27,3
31,24
15,26
23,6
17,21
4,7
12,26
12,21
37,17
23,14
38,29
39,3
21,22
25,18
30,29
17,24
38,25
38,14
2,12
11,16
31,8
2,23
42,16
31,2
49,26
22,15
49,30
43,14
25,16
19,6
11,11
1,19
28,25
8,12
28,29
42,10
28,1
29,16
27,2
4,6
36,8
43,23
34,24
6,8
29,27
39,26
8,29
9,5
31,14
9,5
36,14
26,5
22,9
49,20
23,22
19,21
41,3
32,22
17,23
25,30
31,30
39,18
32,21
46,22
47,27
39,3
11,30
45,30
26,21
9,9
37,17
48,19
2,23
9,7
44,30
4,27
20,22
19,8
1,23
44,26
19,21
19,6
36,12
20,8
16,11
28,10
39,15
1,22
3,5
31,29
26,9
34,20
17,17
24,11
18,6
46,11
8,11
26,15
37,21
30,17
36,20
10,2
49,27
30,14
32,3
24,7
6,28
44,19
37,4
42,15
23,18
6,7
36,3
30,20
34,4
2,23
22,12
29,9
37,7
35,18
20,12
30,20
31,7
1,16
27,30
30,9
10,13
20,6
49,16
43,27
34,17
43,7
47,2
37,20
31,20
11,4
4,28
39,20
21,2
18,2
24,10
26,2
49,10
41,18
34,30
2,21
7,22
27,5
9,11
1,14
19,23
42,21
4,4
5,18
42,14
13,22
20,14
0,28
33,21
38,30
10,4
20,5
47,7
28,19
16,16
25,8
49,22
35,1
44,21
3,8
1,7
11,10
32,23
9,23
41,9
33,13
50,27
46,24
48,9
47,16
25,19
21,10
37,4
36,16
28,1
21,1
32,13
48,21
14,13
33,13
27,25
10,2
30,22
34,19
1,20
45,15
49,4
15,27
23,18
38,14
41,6
12,26
35,6
29,2
21,23
35,9
21,8
25,30
37,27
41,29
12,26
26,14
24,15
21,29
13,3
6,7
27,20
25,1
27,12
41,1
30,12
16,20
24,9
41,9
12,17
40,10
6,10
14,28
40,8
34,18
25,3
5,17
50,11
12,9
45,17
20,24
40,25
7,27
30,22
1,8
1,16
1,22
6,15
36,5
7,23
41,23
48,19
50,18
42,18
5,12
21,6
45,11
38,2
47,2
49,12
44,14
39,29
2,12
49,17
15,12
3,10
19,7
25,22
29,1
42,24
8,17
24,23
10,19
27,9
1,19
3,12
28,9
14,23
3,25
37,7
12,9
44,22
8,13
44,17
24,28
43,20
46,8
20,4
16,14
38,15
22,19
36,29
43,28
42,9
45,24
30,9
18,21
48,8
23,29
21,24
9,6
44,4
30,20
31,7
6,1
16,14
41,26
42,8
36,7
18,30
40,17
42,7
20,9
13,9
12,7
47,9
27,6
2,10
33,3
21,26
4,19
6,16
42,6
18,1
39,17
10,8
15,11
1,14
9,26
17,17
42,7
8,26
48,27
18,15
39,10
44,16
13,17
5,6
2,11
35,9
12,4
31,25
39,4
4,4
7,23
12,16
48,2
29,1
0,7
25,12
12,18
16,4
47,17
23,15
28,18
39,19
2,13
2,4
41,24
5,10
25,8
39,3
20,15
37,18
2,8
14,22
8,13
48,29
20,30
5,29
31,14
49,25
35,9
1,8
48,30
39,28
49,24
26,12
25,10
23,8
14,2
0,25
32,22
50,23
7,16
4,6
39,9
49,29
31,17
28,21
12,6
45,25
5,13
5,19
42,13
44,28
19,25
50,25
36,16
32,27
43,1
18,26
46,21
33,3
8,20
38,24
50,27
8,7
50,20
23,30
6,19
12,21
38,1
34,30
31,28
27,19
47,12
36,2
4,25
13,20
29,14
10,23
17,22
6,1
39,4
34,21
42,29
14,30
38,19
22,6
0,28
46,9
31,11
21,22
36,5
7,16
30,6
49,30
13,20
4,1
8,3
45,1
7,8
48,30
3,11
13,16
19,12
30,3
30,25
14,28
38,1
41,29
32,22
23,12
35,24
23,14
22,25
4,23
49,20
4,2
9,13
28,13
6,15
4,30
35,13
2,18
47,19
28,19
13,16
28,24
3,1
7,4
36,24
7,8
19,15
28,7
27,3
22,18
19,23
15,21
11,13
15,18
43,15
17,15
1,11
12,19
39,2
38,11
27,27
34,22
17,22
8,25
6,1
7,13
29,14
9,19
44,12
6,4
16,5
8,4
45,20
40,10
31,7
41,11
9,26
12,5
1,23
8,2
10,28
18,17
50,7
13,6
16,8
20,12
29,17
17,20
12,4
0,9
10,25
17,10
9,18
50,17
29,29
23,3
7,14
28,4
43,11
14,16
29,12
35,6
34,25
6,26
15,15
15,29
17,24
14,8
21,10
7,26
42,1
6,16
38,27
27,19
39,4
10,5
27,3
18,23
12,1
50,21
25,21
29,12
17,3
24,23
0,2
17,11
14,22
6,1
22,29
34,10
25,17
24,20
7,16
40,19
15,8
50,16
44,19
39,7
12,6
33,3
49,3
15,14
14,15
20,14
14,17
39,27
40,19
20,12
27,8
2,7
43,26
45,25
44,4
43,10
13,29
42,23
36,17
16,7
22,17
18,18
40,24
4,28
38,17
43,18
1,4
2,14
46,8
46,12
20,10
4,11
8,6
29,29
43,13
18,29
27,17
23,10
40,28
15,11
37,1
30,20
15,15
22,10
25,28
42,24
24,14
29,22
49,13
48,10
34,2
46,17
16,9
42,7
22,21
39,2
29,21
11,10
42,6
45,20
9,11
22,20
47,27
45,4
18,24
3,22
20,11
5,21
10,20
44,27
50,24
16,3
39,22
29,29
47,30
9,19
39,2
22,21
29,12
9,5
31,28
10,26
40,14
29,28
25,28
44,4
41,9
26,7
16,2
37,24
21,22
7,20
9,24
42,16
47,5
42,1
43,6
26,29
28,7
48,19
12,16
9,22
24,25
27,14
22,13
1,24
46,20
3,22
16,30
28,30
30,26
32,29
25,24
37,28
32,27
17,26
39,27
12,2
4,23
4,30
7,22
18,21
31,30
28,3
49,2
50,7
23,10
13,27
17,21
10,14
22,19
17,9
46,15
18,26
3,26
8,11
22,5
35,27
16,27
16,27
17,19
8,15
7,7
6,24
33,8
12,23
38,8
20,21
41,13
29,4
12,13
36,12
8,25
32,8
3,11
20,14
50,23
26,15
24,1
3,20
0,28
44,9
22,21
10,16
13,6
36,5
22,7
45,21
27,16
8,11
30,7
40,20
4,9
43,3
24,6
16,18
37,26
28,10
11,12
21,23
20,22
3,10
40,19
9,1
2,22
15,20
0,3
47,15
30,9
4,25
28,29
3,4
25,25
21,1
41,26
31,8
44,4
18,17
23,28
2,19
39,3
47,27
13,19
7,29
1,24
16,29
41,28
44,16
23,7
28,18
31,11
37,14
4,14
42,3
45,20
15,18
17,3
31,23
20,20
44,22
34,30
2,16
18,7
49,18
48,1
17,9
7,17
19,1
14,17
16,16
23,24
25,24
48,28
45,18
0,15
6,8
32,16
14,28
6,6
3,9
30,29
34,12
28,9
45,27
34,15
13,13
1,28
37,12
45,12
11,30
14,8
11,11
14,29
7,28
34,10
43,27
30,10
49,5
13,14
40,9
20,16
33,5
31,9
37,23
25,11
20,6
21,3
35,10
13,8
25,26
22,28
48,25
47,16
46,26
22,14
49,6
25,17
7,21
17,23
11,13
19,16
33,6
27,5
10,12
46,15
37,23
8,6
25,22
4,27
25,10
13,4
20,14
22,22
9,4
4,5
47,6
49,13
25,6
4,11
46,9
44,21
43,2
45,15
37,5
41,29
25,30
44,6
32,4
44,6
32,17
13,2
7,17
50,3
38,1
3,3
20,17
16,25
26,1
22,26
45,3
1,4
23,20
50,11
41,22
26,8
18,10
37,24
0,23
26,9
15,24
27,21
3,27
5,18
18,29
44,27
23,12
4,5
4,28
46,10
17,18
40,15
48,2
5,7
4,21
49,2
46,15
21,29
4,9
6,18
14,7
24,4
10,18
6,4
49,25
2,17
39,6
29,7
6,8
43,9
12,13
18,10
39,17
4,8
40,30
46,8
46,13
9,9
45,22
36,4
23,28
6,12
1,30
7,16
38,22
2,5
30,19
27,4
16,24
48,16
0,3
41,8
15,11
15,21
34,21
23,21
31,29
11,11
17,19
13,17
48,22
5,30
17,4
19,19
36,16
0,28
40,3
17,16
38,25
45,15
6,23
24,3
11,5
49,15
47,12
18,14
35,26
41,29
32,24
20,29
42,15
35,2
30,13
21,17
14,22
46,2
2,21
35,14
23,11
17,8
35,15
21,14
6,14
13,17
45,4
0,26
11,10
28,14
35,20
33,18
45,16
14,6
18,26
43,2
7,22
44,16
42,11
14,17
18,19
0,2
33,24
46,24
31,28
2,12
5,2
7,2
33,3
37,19
20,12
26,22
14,18
23,13
43,21
47,13
36,18
6,18
40,27
44,5
31,23
41,26
32,13
4,25
22,20
10,19
40,10
34,3
29,19
23,6
4,24
22,1
14,30
38,10
39,13
30,5
38,26
22,12
39,1
42,13
32,26
35,7
14,6
2,30
47,8
44,4
41,22
20,30
27,15
19,25
45,15
46,21
2,25
27,20
2,12
9,28
27,29
23,15
10,24
19,4
50,25
46,20
25,15
6,30
10,11
39,28
40,6
49,2
23,18
50,16
2,19
18,30
20,9
1,4
45,30
40,5
28,22
22,23
38,14
33,15
2,9
23,30
5,13
28,30
47,3
20,22
36,4
34,16
24,12
49,5
27,3
8,3
43,5
7,29
7,20
19,4
18,7
40,22
23,26
19,8
22,15
11,26
42,17
32,11
48,18
37,22
24,24
4,30
6,25
35,1
17,20
18,3
27,21
45,2
14,26
23,7
50,18
44,15
18,17
14,27
41,22
22,12
10,4
1,2
7,4
35,26
11,16
36,19
5,9
20,30
11,10
10,4
50,30
37,3
11,8
29,3
10,28
32,15
5,4
38,12
38,24
45,2
19,22
26,24
35,9
14,3
29,27
14,24
48,8
11,23
36,14
40,3
30,8
10,7
47,26
29,13
22,6
38,16
47,5
25,7
46,4
5,19
41,6
13,24
32,14
15,13
1,30
44,10
2,18
47,28
28,26
2,26
41,14
17,2
42,29
36,21
50,14
49,22
33,22
30,18
38,4
25,3
15,3
16,2
2,4
5,20
9,28
23,25
16,30
10,11
7,20
19,6
41,6
11,2
36,17
44,2
22,4
9,3
27,18
31,25
12,7
44,12
10,17
3,22
12,9
34,29
28,25
48,6
43,20
6,8
41,21
30,25
35,22
22,23
21,3
36,29
31,16
18,6
43,17
36,14
44,11
30,5
22,12
4,15
3,29
2,21
4,3
42,30
34,23
10,13
4,14
9,27
16,4
18,19
4,5
29,4
18,29
6,27
35,23
29,16
19,23
42,4
8,24
21,17
44,9
34,29
18,6
23,11
32,2
50,6
44,18
18,5
38,21
11,17
13,30
30,29
33,5
1,23
41,8
32,26
12,27
18,11
22,6
41,1
15,8
50,28
36,14
37,7
22,7
38,18
0,27
15,6
19,15
45,16
40,6
22,11
48,27
8,19
16,22
34,10
32,5
45,7
9,26
13,11
48,29
12,7
21,21
27,15
34,24
45,6
7,15
32,15
30,7
29,15
32,25
36,11
44,27
39,21
49,2
20,30
49,9
36,18
18,16
27,1
49,13
28,27
34,18
0,20
43,30
32,13
2,19
38,18
26,5
4,26
39,7
26,8
38,15
50,5
31,2
18,15
18,19
22,17
46,21
49,4
31,16
50,21
16,25
36,21
44,25
35,20
31,13
23,28
42,27
24,7
22,19
27,27
37,27
7,1
18,29
33,24
18,7
9,12
34,16
1,11
38,3
46,26
46,12
27,28
12,22
4,28
31,6
7,27
33,12
9,4
34,4
24,2
1,4
7,21
7,11
45,30
18,4
40,16
50,14
13,23
10,23
41,28
44,1
16,5
33,26
2,24
0,1
17,4
35,22
17,22
49,23
24,1
16,25
30,21
16,10
1,26
24,19
15,13
0,14
35,2
8,6
28,7
8,14
40,28
49,2
48,27
19,16
25,7
34,21
41,9
28,6
33,4
47,7
14,1
39,17
3,12
25,16
33,27
17,22
31,21
5,1
8,13
0,11
15,29
42,14
27,25
9,29
0,8
22,14
5,30
37,4
10,8
30,11
19,4
42,12
40,7
2,11
3,30
44,26
41,13
49,29
35,2
11,29
2,20
25,20
1,18
30,25
34,12
34,4
37,29
48,19
20,15
23,3
19,22
24,27
9,25
14,13
18,12
0,7
38,25
5,11
47,23
1,23
41,23
37,24
23,12
30,8
41,2
43,1
32,18
32,24
1,23
27,17
40,19
48,15
43,15
34,22
46,26
12,16
20,23
45,30
5,5
16,18
27,8
49,29
50,28
0,8
44,26
37,23
30,1
16,25
26,10
45,7
4,14
49,18
20,24
9,1
38,16
21,3
14,17
48,27
3,16
28,19
46,7
11,16
23,13
19,17
5,1
9,7
42,6
28,30
42,23
38,5
19,27
48,24
39,11
15,25
15,6
45,19
1,21
9,3
38,25
0,13
0,18
2,7
41,23
17,13
28,14
12,30
3,13
25,8
23,30
42,12
5,19
42,26
33,13
4,10
44,29
15,5
10,22
5,8
24,24
0,18
12,16
24,11
34,18
18,29
38,5
24,23
45,7
45,20
20,8
27,14
15,19
16,4
9,18
26,21
1,21
45,16
38,25
7,23
12,22
12,23
49,23
15,22
36,29
0,21
21,19
47,3
46,8
42,10
39,20
47,17
28,17
47,22
13,7
11,5
43,1
36,25
34,5
0,13
26,17
13,6
12,24
45,29
16,7
14,8
0,4
30,7
3,4
15,29
38,9
14,10
31,16
17,8
4,5
45,18
49,8
39,2
48,20
46,21
15,26
20,19
0,5
32,3
38,12
29,6
7,12
2,16
17,28
16,9
40,19
26,18
5,5
50,22
6,13
15,20
24,30
14,5
24,17
16,3
47,24
47,8
10,22
29,18
37,27
17,5
10,9
48,11
42,16
12,24
30,9
40,25
3,8
17,4
4,9
31,13
38,22
40,3
1,13
21,13
31,13
48,29
23,22
16,13
18,17
17,1
7,23
1,16
18,4
23,1
41,4
37,4
18,27
28,30
30,10
47,22
45,22
18,11
23,18
38,1
31,13
0,24
44,26
14,21
45,7
7,3
43,1
29,6
18,16
23,17
20,25
46,4
13,2
37,27
20,16
21,21
29,27
8,14
3,15
30,3
41,18
49,4
21,11
10,17
42,2
36,11
44,11
38,24
12,4
41,22
0,23
40,21
19,19
50,25
26,17
26,10
28,3
38,26
16,18
27,25
42,19
50,16
5,14
17,28
21,29
49,8
42,4
28,18
43,27
14,3
32,25
33,27
19,20
5,17
45,16
14,13
50,20
40,29
19,19
12,16
7,20
19,17
18,10
26,1
31,2
46,2
25,6
0,19
20,26
1,2
5,25
38,12
30,2
24,9
10,18
1,10
38,18
47,29
47,18
36,27
19,23
27,15
38,26
8,27
45,28
38,22
40,9
44,30
10,29
8,1
22,16
8,3
7,27
10,12
25,30
39,11
9,20
44,14
18,22
10,3
18,17
25,5
6,24
2,10
31,25
18,27
40,13
44,1
16,8
31,23
47,11
30,19
22,9
43,12
35,29
10,28
41,5
6,23
22,15
0,16
36,28
33,21
39,28
12,17
17,7
39,24
10,11
18,17
31,12
44,3
10,18
7,9
34,14
43,29
49,14
24,14
3,30
0,14
27,2
1,18
25,7
30,17
17,2
8,13
16,11
40,6
36,6
5,24
28,30
6,29
49,18
7,7
21,5
1,27
3,5
40,6
44,9
41,16
30,27
47,6
16,23
21,5
42,6
29,2
10,7
50,8
38,2
43,25
49,8
49,15
26,9
46,16
18,20
30,29
21,19
7,14
7,26
8,2
10,21
0,13
2,27
43,7
11,12
5,11
26,26
34,26
30,24
12,5
45,21
23,22
29,26
16,1
6,19
39,22
21,19
23,25
23,7
38,10
1,30
42,15
11,26
46,6
37,7
26,27
0,13
1,18
40,22
16,21
23,9
48,8
34,19
37,1
44,20
28,14
23,20
14,13
4,26
27,5
29,27
9,8
47,17
29,27
45,21
10,7
38,3
8,14
46,12
45,8
1,14
43,15
4,14
47,8
15,7
33,14
19,24
1,30
30,30
39,19
43,9
15,5
38,5
50,12
21,24
25,14
46,6
42,19
15,5
8,18
27,28
45,1
6,18
17,25
36,27
23,29
33,27
13,23
13,19
40,16
3,30
48,17
16,22
47,16
18,10
13,9
16,3
38,20
13,9
42,29
36,5
7,12
34,9
10,8
42,13
32,28
33,12
46,2
5,4
10,15
41,12
37,13
44,7
44,8
40,24
23,25
2,23
20,12
50,19
14,12
6,6
28,16
45,23
42,17
26,28
27,15
13,2
11,20
41,18
4,20
20,9
12,10
16,8
10,9
0,23
37,24
4,18
41,28
18,8
25,26
26,14
1,19
17,26
48,2
20,26
9,18
18,13
7,16
1,22
34,26
44,11
32,18
45,19
36,17
26,9
36,14
30,25
17,7
32,20
24,19
40,30
36,20
20,14
38,12
42,3
22,5
2,23
2,24
15,21
5,20
1,17
42,28
23,29
39,7
50,17
34,19
33,10
0,30
38,23
3,6
12,27
40,24
44,3
27,17
4,13
40,20
23,25
13,27
19,21
38,2
2,20
29,11
38,2
41,19
20,24
21,6
9,30
12,29
45,30
34,22
15,3
34,9
24,25
4,15
43,7
36,22
17,12
4,20
29,20
34,13
46,26
14,1
10,2
11,16
42,18
16,8
27,14
7,12
25,23
16,5
36,4
41,17
18,17
48,18
40,17
25,28
50,11
45,15
4,25
48,1
24,11
9,12
11,7
0,11
40,8
9,18
28,7
31,3
44,2
19,20
32,14
48,8
17,30
21,4
35,16
10,17
15,14
18,1
38,25
31,10
49,4
45,10
41,3
7,23
42,20
38,7
24,15
10,14
0,13
49,26
20,3
8,29
12,6
38,30
27,20
32,17
45,21
49,21
28,14
12,1
44,4
43,26
5,24
43,3
42,29
14,5
4,24
28,23
33,17
41,11
9,29
42,16
18,16
15,25
34,3
11,19
43,18
15,12
13,12
13,2
8,30
42,7
5,1
33,26
30,5
37,5
50,21
11,19
4,15
45,21
4,26
31,28
18,23
43,24
14,9
0,13
15,15
23,28
42,20
18,4
37,24
49,27
0,23
8,19
7,18
34,22
31,13
49,25
45,14
41,28
21,27
48,26
39,7
7,10
5,10
20,17
26,9
44,11
6,25
23,6
1,21
23,16
6,3
1,21
40,11
48,14
23,4
29,14
0,26
9,11
37,29
24,20
13,8
21,4
30,9
7,12
45,8
44,5
1,7
33,23
42,22
21,14
22,25
37,9
8,12
26,20
7,1
37,20
8,29
46,19
44,1
48,29
5,16
16,13
22,28
43,27
48,25
6,29
13,16
44,11
37,20
35,7
22,7
37,25
30,23
16,7
1,24
3,24
30,9
29,25
31,22
1,2
5,5
11,21
23,26
43,11
26,7
29,17
35,11
16,10
29,21
50,3
3,7
1,21
3,5
48,19
18,13
10,9
46,7
40,17
4,12
15,2
14,21
25,22
30,7
39,5
5,15
38,27
9,20
3,7
44,9
33,27
16,16
18,2
21,2
50,17
14,10
16,15
16,18
29,12
29,29
25,22
32,23
32,16
23,28
0,15
7,15
34,18
28,17
43,24
20,6
33,10
42,25
17,6
10,15
33,29
24,9
38,28
11,4
13,14
49,29
15,25
21,21
19,25
22,14
25,16
35,7
32,21
32,18
42,22
39,7
9,1
46,1
30,23
18,23
34,6
20,8
12,15
10,11
38,21
29,25
48,19
6,25
47,11
47,10
1,10
17,4
9,30
30,19
3,15
36,22
15,13
14,4
2,10
11,6
32,10
11,4
10,6
36,19
48,15
13,8
8,1
37,4
15,18
13,16
7,13
29,5
35,23
42,23
21,12
43,10
42,13
5,23
16,28
43,6
27,14
16,1
35,3
33,21
27,11
50,25
18,2
47,23
9,8
11,21
1,30
11,3
0,1
36,30
6,27
37,9
3,26
14,21
12,25
42,28
8,19
41,22
28,26
47,19
0,21
20,14
11,13
35,22
4,14
3,16
17,17
22,6
27,2
46,9
31,20
16,8
26,27
21,28
47,3
3,3
9,17
19,23
32,24
49,26
0,23
11,20
39,11
16,9
19,17
2,10
0,9
39,14
4,18
40,27
25,12
39,2
31,30
29,2
42,1
6,17
4,27
14,22
15,5
42,17
39,30
9,3
50,11
16,14
34,22
28,13
23,20
8,8
31,5
40,27
15,12
0,5
37,10
43,12
5,25
8,21
27,4
0,22
39,5
50,4
43,22
28,13
10,15
1,25
16,15
3,6
32,16
21,30
12,22
47,20
42,22
21,3
6,30
21,25
36,16
33,4
45,8
42,13
46,4
10,27
6,2
21,21
48,4
18,14
21,22
17,10
26,10
13,14
1,28
3,12
22,16
42,24
15,26
9,1
0,1
30,4
30,22
28,21
34,26
12,8
23,9
19,8
2,25
2,5
7,10
32,26
13,5
41,10
48,21
40,18
1,26
48,6
35,29
34,28
15,25
49,15
44,3
30,29
0,30
13,29
9,17
37,20
10,26
46,20
15,22
10,9
20,24
30,4
42,30
4,16
43,9
26,5
9,13
10,22
42,23
23,21
46,10
2,1
19,29
18,8
33,14
49,4
42,25
6,24
1,7
31,29
14,13
25,6
48,21
50,23
42,28
38,13
4,13
38,30
0,21
11,20
11,1
8,15
16,3
8,18
23,8
11,17
35,25
20,30
27,27
34,7
44,26
9,10
3,4
18,29
1,7
32,23
7,5
16,17
30,5
10,5
10,13
41,6
15,20
20,22
30,29
2,2
5,6
4,29
3,29
20,20
43,14
48,11
29,20
6,21
17,17
22,23
5,20
10,20
2,12
50,24
16,5
34,4
50,6
44,21
17,28
3,1
50,6
46,20
19,6
5,15
32,15
22,27
39,5
28,25
0,29
41,18
31,13
18,8
18,11
9,29
14,13
47,17
14,2
17,4
47,25
19,18
35,27
49,8
38,12
40,3
18,1
25,1
13,24
11,23
9,12
31,26
14,17
40,14
13,11
22,15
41,26
29,12
8,13
4,19
30,9
39,21
19,14
5,13
47,9
13,13
46,1
5,12
24,21
19,3
5,30
34,28
26,20
14,24
39,22
38,3
32,8
7,26
15,15
5,18
47,11
2,13
13,26
43,12
45,24
23,30
29,15
21,19
16,13
23,2
47,16
42,11
3,7
23,12
8,27
21,13
34,14
2,29
12,24
41,22
46,14
35,27
50,22
12,10
40,19
23,22
6,14
17,13
33,24
22,18
48,5
30,18
38,3
9,12
50,11
5,18
8,20
47,5
24,23
13,6
16,20
19,16
11,1
10,6
42,1
37,27
39,28
16,2
27,21
5,8
16,15
24,14
25,27
7,18
11,3
16,30
32,12
35,4
38,10
27,12
41,13
32,4
4,4
31,28
40,23
12,15
7,30
15,29
27,5
10,4
23,26
33,17
43,21
24,29
2,10
28,26
24,27
5,6
17,16
48,28
22,3
23,11
43,29
34,7
23,26
41,5
23,24
23,5
41,30
27,12
24,17
17,30
46,27
25,16
14,10
35,6
41,26
9,23
40,3
22,14
46,19
44,25
27,28
47,18
0,4
48,13
47,13
41,4
47,21
32,2
50,11
33,30
26,14
43,1
15,25
10,26
38,6
48,10
30,9
20,28
23,18
14,5
5,15
20,30
11,10
38,17
34,3
27,13
29,14
38,30
5,9
41,27
45,11
18,4
0,18
31,5
3,16
30,27
1,24
20,19
26,13
27,28
9,4
24,20
31,2
36,13
35,7
29,8
4,26
35,5
48,13
32,18
48,1
43,29
40,15
2,11
18,21
48,20
27,30
21,21
23,15
40,30
10,1
6,20
14,20
41,23
31,13
49,15
32,26
31,27
21,21
16,15
0,9
22,3
28,6
9,27
26,12
22,16
25,25
39,17
39,27
20,13
43,6
37,14
5,17
46,2
31,8
9,1
23,5
0,5
34,24
23,18
37,5
7,23
43,22
36,22
47,8
21,29
22,15
0,10
34,12
22,20
12,11
21,27
45,21
50,20
19,13
31,14
32,24
22,29
30,13
16,4
33,14
9,11
21,18
48,8
44,17
35,14
26,11
29,19
7,29
9,27
50,28
35,1
33,19
8,14
8,21
48,5
35,13
0,9
46,8
49,3
36,10
33,29
1,18
28,12
27,21
36,30
49,25
27,5
18,25
37,30
27,18
34,28
44,5
44,22
24,10
23,5
49,13
22,24
17,1
13,24
5,26
8,29
22,18
28,12
6,11
3,8
10,19
21,10
39,22
39,19
35,11
14,17
24,2
20,1
48,25
26,14
20,17
44,6
31,22
23,20
31,5
2,30
21,1
42,6
10,28
3,10
19,5
46,9
22,12
0,21
23,27
49,24
9,25
46,11
2,10
12,16
31,7
1,1
4,13
40,28
41,25
21,30
40,29
28,19
20,19
31,9
25,8
29,25
15,13
39,14
12,14
9,11
4,17
15,30
7,20
35,2
2,23
39,20
45,25
3,11
19,28
27,15
48,21
18,13
5,29
24,20
10,14
41,24
11,26
45,6
34,30
17,15
39,15
15,10
47,13
0,1
19,11
25,4
23,30
3,16
12,20
47,1
41,20
26,14
27,21
36,9
16,7
0,21
45,27
39,10
34,13
10,9
29,30
39,11
18,28
30,12
42,15
27,19
5,5
37,18
17,7
17,11
23,6
22,27
50,15
36,18
12,29
17,18
19,9
27,27
27,16
32,8
50,11
8,5
33,14
11,30
36,11
20,29
26,5
14,6
33,7
25,27
9,28
45,14
47,20
10,4
23,10
40,15
31,3
33,25
9,6
48,15
41,15
44,22
42,21
50,7
6,18
46,20
30,17
44,10
26,11
41,6
32,9
17,17
15,24
1,27
3,27
19,23
7,2
27,3
36,10
17,16
1,30
44,14
13,1
22,13
28,5
39,4
39,22
45,1
33,23
14,8
19,28
4,15
37,8
48,12
20,17
38,1
7,14
24,7
34,2
10,22
47,10
12,4
24,13
30,17
38,15
39,17
28,7
47,3
10,12
9,15
0,10
5,22
42,15
31,8
36,23
0,17
9,23
48,25
3,1
3,24
44,9
9,5
32,5
34,3
23,17
32,19
36,9
44,1
25,14
23,29
8,29
24,26
18,8
45,24
35,12
12,7
44,10
39,16
17,16
31,11
11,30
46,15
34,21
48,1
22,10
30,22
47,21
43,9
39,15
48,20
34,7
10,30
21,26
13,26
43,28
31,9
47,28
39,15
1,3
39,14
30,30
40,18
22,3
45,6
21,4
4,8
50,22
43,25
46,4
9,4
38,20
35,21
0,1
8,4
11,5
29,27
32,28
39,21
24,10
34,27
17,10
30,6
43,2
26,14
19,6
48,5
1,27
13,14
48,19
34,3
30,30
35,26
16,10
6,2
19,14
23,14
5,5
13,13
0,24
35,23
15,28
0,10
37,24
16,18
23,30
46,8
14,26
37,8
43,21
28,6
46,24
17,20
12,30
1,22
3,13
20,12
41,5
0,14
6,27
1,2
27,20
17,9
25,2
47,4
1,22
14,9
5,11
37,14
4,16
0,22
36,10
31,25
31,25
46,13
42,22
21,2
26,28
8,21
12,7
5,26
42,3
48,11
33,17
10,12
23,14
1,8
34,8
37,6
20,24
23,9
37,23
25,21
2,3
31,10
41,29
8,10
48,6
2,9
4,23
3,25
9,23
18,4
42,22
46,23
46,24
6,29
24,11
11,25
25,18
20,4
49,3
46,1
50,26
14,1
9,24
13,7
6,5
14,9
36,25
41,19
37,15
36,26
3,1
35,25
0,1
6,4
8,23
47,28
40,26
26,24
7,2
30,27
13,25
31,22
39,6
15,8
21,8
17,15
22,10
25,13
27,11
41,23
21,27
43,20
29,9
7,17
38,23
37,11
34,19
8,2
33,3
11,27
35,15
11,27
22,14
1,16
47,1
38,27
14,25
23,22
1,19
4,25
18,11
27,21
9,4
46,13
47,11
49,22
49,25
30,5
5,26
14,26
3,19
46,14
16,3
7,9
33,3
38,21
50,20
42,28
14,4
6,24
18,4
42,23
49,24
29,29
27,25
41,27
35,26
15,25
10,10
8,26
8,27
24,9
34,16
11,5
28,18
49,30
26,5
9,16
11,13
3,4
45,11
12,5
20,9
17,3
10,22
21,23
34,16
24,10
24,25
35,26
31,18
37,22
46,12
27,5
37,6
40,21
24,30
20,1
13,4
4,6
40,28
34,10
10,2
27,20
31,12
21,2
1,5
2,30
49,11
24,6
39,12
4,25
18,25
25,27
40,9
16,14
47,3
13,26
21,17
25,23
44,12
12,10
37,11
49,22
31,16
45,8
11,27
3,14
12,8
40,16
26,23
4,18
2,12
48,3
23,8
20,17
17,29
13,4
41,16
45,3
22,25
42,16
39,27
35,23
39,21
32,26
50,6
15,6
24,25
25,7
5,29
16,27
22,28
29,17
26,1
10,22
1,19
37,26
23,13
11,12
38,4
42,8
0,2
2,29
36,9
33,21
25,3
3,14
24,5
38,13
33,10
26,6
21,23
33,3
24,30
48,23
30,21
25,18
22,17
11,23
41,9
24,4
48,30
10,4
34,24
28,12
37,27
38,18
39,27
33,22
7,18
25,1
38,5
8,7
19,24
1,16
6,28
23,21
36,5
12,10
8,12
17,10
25,13
42,26
26,27
3,5
21,15
19,23
2,28
48,2
20,4
49,26
28,30
40,28
34,25
23,9
18,24
30,27
3,17
44,21
33,17
40,14
39,16
6,8
8,1
13,15
10,2
4,20
42,26
9,11
42,1
27,11
20,22
22,29
22,27
15,30
49,25
42,29
5,29
20,29
40,20
13,13
15,8
29,12
39,17
3,17
18,9
4,15
27,16
22,16
14,21
0,6
29,11
50,18
19,8
26,28
32,19
45,8
31,11
49,18
31,6
4,25
21,16
33,1
45,15
15,1
23,12
35,19
39,17
1,5
21,29
16,14
28,18
29,29
43,14
38,16
29,5
35,3
16,20
18,10
45,21
31,12
5,7
22,16
21,21
37,28
30,11
48,17
8,2
47,22
27,13
9,26
0,1
8,22
50,14
28,23
48,10
35,14
39,16
11,26
29,4
23,21
25,9
23,19
5,24
36,14
35,20
45,13
44,10
37,18
49,21
5,12
9,20
35,20
7,27
12,23
0,13
39,26
32,9
33,1
36,27
45,8
39,26
40,11
40,17
3,23
5,30
34,13
38,4
48,15
19,20
0,4
24,4
21,25
33,7
11,2
24,2
28,26
7,5
34,3
2,24
43,28
19,5
40,16
1,30
41,9
22,29
2,26
6,23
35,29
49,18
30,13
34,14
38,30
39,26
20,19
41,26
2,15
6,15
18,19
6,5
12,14
34,10
2,13
39,26
35,20
36,11
43,1
27,24
29,22
17,5
12,23
15,9
21,6
38,17
13,7
35,14
38,18
10,12
26,10
42,13
16,21
1,25
36,25
5,29
38,17
17,23
34,4
2,1
40,15
27,29
40,17
38,20
38,6
30,9
9,17
49,22
43,8
4,6
21,4
2,19
36,22
32,18
32,17
12,7
43,12
41,25
0,22
24,15
47,12
36,3
45,30
19,21
25,21
3,20
48,15
17,13
22,4
18,12
2,20
30,1
25,3
34,24
24,19
12,10
30,12
50,12
41,18
25,21
15,14
7,23
25,16
16,27
2,26
44,9
7,1
18,29
39,25
13,22
40,11
20,18
13,25
5,9
12,25
46,10
42,7
11,12
2,29
5,30
43,10
33,25
28,6
50,4
49,16
22,22
32,19
0,24
0,10
12,16
35,4
22,8
2,24
50,4
6,1
2,26
8,15
12,18
46,29
27,16
32,19
4,29
12,16
15,9
9,2
18,2
11,12
24,28
15,14
4,4
50,25
49,3
11,23
23,26
36,2
6,21
34,5
49,30
10,13
8,18
44,11
27,16
12,27
9,3
30,8
27,17
8,26
10,13
40,10
14,16
27,10
8,15
18,18
46,11
47,20
29,10
48,3
29,3
2,15
26,26
0,7
6,26
42,15
4,8
1,16
48,13
31,19
45,28
17,25
50,21
28,16
43,14
19,2
27,12
24,26
8,1
15,10
14,15
26,21
17,24
15,4
26,12
25,9
49,17
8,22
43,29
44,6
6,7
17,26
20,19
47,23
44,5
22,22
41,27
41,30
20,29
32,27
27,6
6,29
25,11
28,14
36,5
24,30
25,18
32,9
31,25
18,21
27,8
38,27
38,27
40,17
40,21
45,25
17,4
27,19
43,3
39,3
36,19
3,12
36,14
1,22
36,25
31,4
5,2
49,4
23,25
30,14
19,26
42,22
38,17
30,9
50,12
30,13
29,9
11,7
45,8
44,27
38,20
33,8
3,13
38,30
37,29
40,22
36,17
48,17
14,7
50,26
14,20
41,2
30,11
42,1
40,25
29,15
44,17
34,28
46,8
23,21
1,2
17,26
43,16
11,21
46,9
0,13
32,11
7,23
32,25
24,9
29,10
13,26
33,3
23,8
31,20
12,24
44,23
39,23
8,1
25,29
9,28
37,7
0,22
34,27
16,28
27,14
28,21
2,16
0,2
28,13
44,10
30,4
43,3
37,11
23,27
35,27
37,28
4,5
26,17
11,29
30,17
9,1
44,19
36,4
47,1
17,6
19,22
24,28
0,10
15,14
27,6
31,10
13,9
20,19
31,20
40,4
9,29
28,17
9,10
12,25
3,7
41,5
47,22
10,26
1,9
21,24
37,3
3,27
22,3
49,29
47,21
12,27
22,19
17,15
31,28
3,30
9,26
16,13
1,26
49,16
21,12
38,17
34,3
25,16
38,4
25,9
31,29
44,5
35,3
43,19
19,8
20,18
18,15
19,21
15,15
27,23
8,9
10,20
14,29
38,23
11,29
4,8
44,3
13,9
23,25
18,23
46,27
24,14
15,18
49,29
14,20
11,3
37,4
42,6
43,13
41,18
4,25
3,21
23,1
21,21
29,9
17,15
42,27
20,16
27,26
11,18
26,14
9,15
16,12
20,22
11,10
38,3
21,19
49,28
16,13
41,6
23,2
23,25
6,12
26,25
36,29
24,10
9,22
10,22
49,13
32,2
10,5
46,13
21,24
1,9
43,2
35,5
14,25
30,27
10,26
39,28
37,13
18,17
5,27
32,13
10,24
26,23
30,18
4,24
4,29
49,7
26,8
39,9
22,28
0,24
40,25
25,26
38,19
4,5
41,25
46,18
37,8
40,17
19,3
26,28
37,15
13,10
26,6
49,27
43,26
44,26
23,2
3,8
14,20
1,1
48,17
26,16
22,2
3,25
3,21
43,11
23,28
13,21
33,14
34,30
15,6
21,9
3,23
16,3
11,1
48,19
42,7
26,12
14,5
30,24
29,24
25,15
48,10
48,25
25,19
8,23
5,13
6,16
43,11
33,21
2,17
46,9
40,27
10,19
42,17
20,17
37,14
28,18
30,16
37,12
22,13
19,13
47,2
45,11
32,12
28,28
41,30
13,17
37,23
2,22
7,5
32,10
30,16
10,29
50,25
35,17
11,6
48,3
42,19
43,24
39,15
35,25
10,12
13,30
49,13
50,23
44,4
14,22
27,15
19,5
37,10
6,27
25,25
24,7
48,30
43,18
34,22
36,8
38,5
1,16
1,19
18,9
34,30
9,15
36,9
50,3
4,24
4,19
37,22
25,9
41,9
50,30
10,30
30,13
22,7
12,17
15,27
44,24
2,30
10,28
41,30
8,28
9,21
11,23
40,8
11,28
23,16
1,14
37,29
22,11
29,16
1,3
2,3
46,19
20,2
26,15
4,1
14,28
16,14
8,22
38,5
27,6
41,10
16,19
40,28
40,1
16,20
18,6
16,12
45,25
10,28
2,19
18,30
28,8
9,12
5,13
10,29
0,30
32,8
3,5
15,20
10,27
17,26
37,16
36,16
9,1
31,25
1,2
16,13
19,8
31,12
9,26
36,21
23,4
17,6
32,3
33,22
27,30
39,30
45,9
33,21
40,6
29,3
27,18
21,27
24,8
40,27
31,10
15,29
12,5
42,16
15,15
46,5
47,3
27,1
33,20
32,15
6,16
0,4
23,17
30,25
35,6
13,17
44,8
42,1
45,16
12,14
2,3
27,23
39,15
37,23
32,9
4,9
34,21
37,22
35,14
23,19
33,28
15,6
25,3
39,24
14,15
35,25
4,14
20,26
17,23
37,14
32,10
1,30
21,16
30,23
49,9
9,14
11,10
44,2
44,23
1,19
49,4
13,23
30,8
34,3
44,2
39,21
7,29
5,12
27,30
36,13
0,16
40,25
42,10
27,18
10,21
43,30
0,12
24,7
7,10
13,3
29,14
6,18
0,9
9,16
33,4
3,25
37,3
43,4
31,30
6,18
24,22
23,9
27,12
8,8
37,30
24,7
10,12
29,17
21,4
49,29
43,17
33,27
19,23
39,10
31,28
44,19
6,28
36,8
40,3
1,24
49,11
33,7
33,27
43,24
18,15
2,26
36,9
39,16
25,28
8,21
14,21
27,9
10,19
14,27
4,4
4,1
28,9
15,27
7,6
24,15
12,10
10,14
7,16
14,11
44,21
0,18
16,25
31,26
24,19
31,17
5,17
26,4
11,30
30,9
45,9
10,16
35,9
14,9
32,30
47,7
47,14
0,16
24,7
7,6
23,3
16,2
47,16
47,26
8,21
29,5
4,25
47,9
43,16
30,12
7,3
16,14
38,4
43,8
26,10
12,10
3,17
15,25
11,11
10,20
48,8
40,24
36,1
26,23
41,2
5,9
13,29
33,7
19,21
21,16
17,29
24,30
23,2
19,4
36,16
45,11
0,10
9,24
26,8
4,26
25,25
24,13
35,15
33,10
30,6
34,8
15,20
37,1
45,23
27,12
18,13
16,13
47,5
28,20
39,8
7,6
0,23
24,19
29,7
1,18
0,4
18,7
40,16
10,25
3,18
36,6
32,9
7,6
23,26
4,6
1,6
36,8
3,8
26,8
20,1
16,13
28,12
25,9
25,1
3,5
7,18
28,22
16,20
2,15
27,2
46,15
1,5
37,5
37,28
37,19
19,8
44,1
9,26
10,27
2,29
47,18
14,26
27,5
30,12
34,23
16,1
48,16
10,26
40,2
3,28
30,17
31,28
8,6
22,19
47,13
17,24
49,15
14,21
13,22
25,12
12,6
6,1
37,18
46,10
27,20
15,5
13,12
0,21
23,24
14,10
29,8
45,11
29,28
20,5
20,1
24,1
7,6
22,22
42,12
25,10
45,21
26,29
38,16
16,5
38,19
22,10
12,7
16,9
48,26
45,23
36,23
36,3
25,14
0,9
49,6
1,11
14,25
26,24
21,9
42,20
2,26
29,1
22,29
7,3
13,19
44,8
18,26
18,25
19,21
36,11
29,7
4,25
11,23
21,29
21,1
45,27
12,28
32,7
3,12
45,21
1,16
33,24
46,3
33,4
44,2
37,13
5,6
7,25
23,15
6,22
35,22
26,3
13,26
22,10
7,9
29,24
38,14
19,25
20,22
35,10
19,27
17,21
12,18
7,25
2,29
13,18
24,27
3,12
17,17
7,10
1,6
25,14
31,10
23,7
46,17
2,19
7,2
32,9
39,24
49,22
7,26
4,13
39,22
40,10
21,1
1,6
36,30
2,16
29,7
31,2
30,12
12,17
7,11
28,20
11,26
24,7
47,30
43,18
6,5
49,18
16,6
7,24
45,14
21,1
46,13
12,6
49,15
34,16
36,19
36,14
47,28
3,11
0,30
8,20
48,25
43,13
48,2
34,8
36,8
42,28
5,4
38,10
32,9
50,25
2,26
0,8
23,7
8,6
10,28
34,29
9,29
35,10
17,30
2,15
19,16
1,14
15,14
31,27
18,22
28,28
31,19
43,18
46,2
22,29
12,26
23,25
0,8
21,20
42,9
22,1
28,22
19,13
30,27
46,3
2,18
15,18
17,18
24,1
14,2
35,19
40,29
12,2
4,23
16,26
19,5
41,25
42,22
7,24
24,18
48,1
12,29
44,7
49,20
12,11
14,14
28,9
35,22
6,10
46,8
5,6
31,18
48,28
22,10
2,2
45,1
38,30
31,14
39,5
39,28
26,26
39,15
3,7
50,27
50,29
40,21
20,6
43,1
38,12
46,6
6,2
26,10
29,5
40,27
20,3
47,4
24,23
0,2
36,30
30,22
33,14
17,26
0,24
16,20
26,2
1,13
50,29
40,19
47,4
31,27
38,24
37,25
29,30
36,12
5,20
46,9
2,9
30,10
10,8
6,11
40,18
40,7
4,2
24,8
35,16
19,23
34,7
7,4
5,24
49,20
21,22
43,23
22,22
0,20
41,18
47,26
17,27
12,11
14,28
48,6
50,16
48,10
8,12
42,18
39,21
14,28
14,3
20,19
38,29
1,18
2,4
47,30
1,30
1,25
26,21
17,28
9,15
35,9
7,1
12,9
14,21
4,7
39,27
29,23
15,16
48,3
27,23
4,1
13,20
44,4
30,24
25,5
46,27
15,24
39,3
40,27
3,7
14,9
27,23
43,27
8,5
37,10
34,14
12,4
29,25
35,2
49,26
23,26
35,7
30,28
26,3
13,30
34,7
30,14
32,2
22,4
45,28
6,10
34,8
13,5
10,12
45,16
47,19
12,30
35,19
33,25
0,5
7,15
34,16
44,26
4,19
33,30
35,23
11,26
33,20
29,12
6,14
20,18
32,12
36,11
48,18
44,26
12,20
31,30
28,18
38,27
29,16
5,10
9,7
28,17
16,5
16,7
41,20
2,17
35,8
46,3
17,13
46,13
27,10
24,22
27,11
30,13
18,6
2,15
22,26
41,12
16,17
36,10
42,20
25,1
5,24
24,6
26,26
19,28
49,27
14,7
43,13
45,13
11,16
50,12
20,30
16,25
23,27
6,26
3,26
20,7
35,7
29,12
48,4
43,1
37,25
41,3
13,4
1,15
13,24
5,26
37,1
0,5
1,11
22,2
12,16
5,12
44,16
22,26
32,27
36,2
2,19
43,13
39,6
31,12
26,16
18,20
18,5
39,4
3,12
1,16
38,8
50,18
42,14
28,24
4,20
44,11
28,14
23,12
35,7
19,15
0,17
30,14
2,8
35,6
31,30
28,6
0,13
42,2
18,9
8,1
14,24
28,8
32,14
23,3
41,9
0,5
17,3
12,29
12,27
30,23
31,17
8,3
8,16
27,27
1,16
26,22
19,6
31,17
36,23
36,12
27,9
1,8
4,8
46,24
49,11
47,1
30,10
31,11
33,13
11,21
29,10
21,4
44,10
24,9
9,25
49,15
13,25
47,13
50,11
12,11
39,30
46,9
0,8
40,22
36,6
36,2
1,11
7,12
40,7
12,28
35,11
48,6
49,15
18,2
14,9
50,1
37,6
12,5
32,27
24,11
10,4
4,28
6,25
50,16
20,12
22,30
28,26
7,16
30,16
4,2
5,24
44,30
5,6
49,13
23,19
23,11
8,10
26,3
30,25
2,19
4,16
48,10
18,27
29,16
24,24
44,10
8,28
20,4
3,10
28,20
19,14
3,18
19,1
3,14
35,1
22,17
14,25
20,24
31,5
17,24
34,25
44,16
31,13
7,4
20,23
40,17
50,10
44,19
13,9
20,3
49,28
36,19
49,30
47,11
10,29
14,30
34,18
23,15
5,7
18,5
7,10
16,22
31,17
11,25
35,16
5,28
30,19
47,22
30,28
13,18
9,20
27,11
38,18
43,27
35,8
23,10
47,23
36,17
37,7
35,6
29,28
45,16
49,25
41,26
13,14
34,13
46,1
37,19
42,21
47,16
22,12
50,28
46,8
48,7
25,12
25,17
5,8
39,27
2,13
12,5
47,23
10,8
5,4
26,22
27,27
37,16
0,6
15,27
24,24
2,18
20,5
48,12
4,8
15,23
31,28
25,16
7,13
18,29
40,18
34,11
13,27
42,4
20,11
30,8
23,17
13,22
1,2
32,27
44,20
7,22
0,24
43,15
50,27
24,19
28,10
41,17
15,10
41,20
42,1
29,15
37,6
3,2
18,27
42,26
9,26
42,22
5,3
12,18
45,10
31,1
29,9
40,3
23,9
27,17
24,5
30,17
43,21
6,15
9,12
3,5
38,9
23,3
34,15
45,23
4,25
0,2
19,19
44,22
7,5
6,25
16,6
31,26
8,14
25,1
42,24
26,9
22,4
24,2
9,6
27,3
39,4
47,7
30,3
45,10
24,10
33,9
21,7
18,14
36,9
2,27
49,27
48,11
7,28
4,7
41,29
2,30
29,18
30,19
10,25
8,7
46,9
48,21
10,21
40,24
21,8
7,21
45,6
33,20
9,20
0,23
7,3
48,27
37,9
16,23
38,7
14,28
45,9
19,11
25,6
35,14
15,1
24,29
40,17
36,11
8,27
0,2
29,26
10,11
27,25
43,5
1,24
29,21
49,16
2,28
4,25
24,3
47,1
3,29
34,16
0,19
24,1
15,23
44,30
21,9
20,17
48,20
50,25
45,5
27,23
1,13
35,19
19,4
34,15
9,18
35,11
34,19
0,15
48,16
37,27
0,11
49,28
26,8
17,26
21,2
22,14
33,5
46,6
48,15
29,22
49,4
7,1
47,6
38,13
20,23
42,30
14,18
37,7
8,14
32,24
1,29
12,7
24,28
23,21
36,26
1,25
22,4
1,26
30,15
6,7
9,2
26,30
45,24
37,9
2,19
6,22
12,4
41,6
2,6
44,19
4,5
36,20
0,29
35,18
39,4
17,17
30,16
27,15
42,25
28,26
4,14
24,28
43,17
0,22
11,30
26,6
34,17
23,3
48,30
26,8
38,11
6,13
19,24
40,16
1,14
34,17
5,23
26,24
6,14
48,23
14,28
27,11
37,7
28,13
41,23
22,5
48,26
39,8
5,26
46,5
50,4
26,21
12,1
26,20
0,12
14,29
41,11
46,6
18,10
18,5
10,14
10,27
34,12
29,10
48,17
14,11
11,1
9,20
49,11
10,29
30,24
41,1
25,17
37,3
34,5
11,24
5,19
1,13
37,20
30,30
31,10
48,17
31,12
33,18
43,21
22,2
26,8
12,1
16,18
12,26
27,26
27,20
17,5
47,28
25,18
36,19
22,19
27,24
24,20
9,1
36,25
27,23
24,24
31,6
31,3
45,23
28,15
44,14
28,6
12,30
31,28
2,26
3,20
19,28
29,4
43,27
25,8
15,19
9,10
3,18
34,13
45,28
35,23
19,19
30,23
18,9
29,24
25,23
1,16
25,10
38,15
4,21
48,18
17,28
30,17
43,11
25,19
7,21
29,10
19,17
0,15
41,26
11,14
44,11
27,26
45,14
50,26
37,3
45,25
1,1
27,25
18,2
17,3
18,30
36,17
46,22
24,4
5,14
27,14
25,11
32,1
23,13
20,30
10,30
36,24
37,2
19,2
25,2
37,4
21,15
2,26
25,26
20,15
7,9
30,7
50,29
31,12
2,21
10,9
36,14
0,7
50,26
29,1
3,4
9,1
8,21
22,3
44,15
12,22
21,20
5,27
10,9
21,28
0,29
8,21
36,26
10,11
3,1
16,7
27,17
41,23
11,2
12,21
50,28
44,22
26,19
25,16
14,20
32,14
28,27
23,15
44,4
28,10
20,29
6,3
15,1
16,20
10,11
15,18
43,12
47,16
25,18
2,1
49,6
35,18
11,5
11,12
5,2
20,16
19,23
17,10
10,11
30,3
40,11
10,29
47,26
27,14
45,14
30,26
42,3
39,11
30,21
21,14
10,30
20,1
10,20
28,12
4,28
32,21
30,8
8,12
4,30
47,11
17,25
23,29
41,10
8,6
6,2
7,6
46,6
17,18
43,19
48,26
29,1
6,22
42,7
50,7
29,9
36,15
22,30
32,30
35,28
22,26
23,11
45,9
7,28
26,1
44,30
43,12
18,28
35,20
34,22
43,22
12,25
3,12
46,13
14,17
46,21
43,12
33,30
40,8
1,20
16,4
14,20
48,17
1,2
27,27
2,15
35,21
3,6
19,9
21,6
47,9
34,22
17,1
36,17
20,6
29,30
47,6
38,18
27,6
23,29
14,9
30,1
12,4
4,29
40,23
33,30
17,23
31,12
13,28
10,9
47,27
15,14
46,18
3,30
24,5
21,3
7,10
22,20
35,9
22,28
50,2
45,3
20,1
42,1
10,11
12,24
14,28
33,6
28,20
5,20
26,17
17,7
21,22
47,7
49,7
50,23
10,23
49,17
32,19
18,1
10,4
50,9
5,6
7,21
1,23
8,14
28,18
6,11
5,8
4,20
34,27
7,15
0,15
43,22
14,4
32,11
13,21
34,21
40,16
37,26
8,6
41,17
4,25
39,22
25,30
20,10
9,11
26,16
24,22
7,20
20,29
10,18
45,1
22,13
24,17
18,23
28,14
34,4
10,24
46,8
36,6
17,13
32,11
1,16
34,8
32,25
3,18
11,24
41,8
17,10
5,14
22,17
18,19
16,8
47,27
7,21
1,10
8,29
42,14
15,23
3,6
36,16
0,21
43,10
35,18
4,21
18,17
23,25
12,4
40,26
33,10
13,28
42,17
0,10
28,13
24,16
8,24
17,18
26,30
39,8
48,15
3,26
12,29
5,24
21,14
16,23
46,7
28,3
31,7
19,5
14,8
5,16
8,30
2,30
11,4
27,7
46,3
26,10
8,2
14,3
29,27
1,13
4,16
3,19
44,29
35,7
28,21
16,16
21,26
4,28
37,4
40,29
43,28
36,19
4,29
36,11
39,11
33,1
50,22
11,20
2,14
35,1
21,30
26,10
16,1
15,16
13,28
8,18
14,9
29,20
41,30
14,16
39,28
28,27
2,15
36,11
50,6
33,22
16,4
12,12
7,27
42,12
12,3
1,27
46,14
14,23
27,18
31,29
25,12
37,20
48,25
15,4
7,12
26,6
8,15
11,17
17,17
10,28
13,4
29,17
47,24
6,10
47,19
6,3
49,6
47,19
32,30
13,18
10,26
27,9
26,13
14,27
20,30
1,12
50,30
7,13
32,8
15,1
31,1
16,2
18,24
40,13
6,24
38,22
25,8
23,27
4,11
32,28
10,15
19,27
38,3
28,30
24,15
31,23
25,1
24,22
9,28
5,10
42,7
44,16
5,10
5,10
31,1
41,19
2,3
36,25
28,3
23,10
43,13
29,2
29,18
0,8
3,26
37,16
18,1
42,26
46,3
43,30
46,6
19,22
15,7
46,3
35,25
40,7
45,17
25,17
12,18
24,19
20,2
46,17
28,24
3,20
5,16
41,7
10,17
5,27
17,4
42,7
35,27
19,3
28,21
9,28
47,28
33,10
15,4
34,3
6,25
32,28
3,8
4,19
29,28
26,15
14,30
26,1
37,18
5,27
42,28
46,18
26,25
48,8
3,29
15,27
42,21
31,12
11,7
15,30
4,5
43,23
33,30
18,22
23,20
18,8
31,23
49,3
45,29
5,21
45,29
19,23
24,16
2,22
12,18
33,14
44,19
20,15
2,1
48,14
33,7
34,13
32,30
16,12
50,13
44,5
14,13
47,19
17,6
25,26
14,24
12,18
25,18
10,9
5,15
33,12
10,17
47,11
22,28
48,11
2,12
49,24
6,19
37,10
41,23
23,17
30,2
46,15
34,2
28,6
0,30
41,6
7,19
42,19
48,10
50,18
46,1
46,3
43,24
5,15
44,21
33,9
40,23
35,27
23,7
28,4
26,7
31,7
24,28
1,5
39,26
46,12
49,13
27,15
16,3
40,24
30,9
28,9
45,1
34,30
42,28
15,6
7,25
26,1
44,1
4,15
33,1
1,22
0,18
7,22
36,15
7,9
40,22
0,26
27,5
46,4
47,20
25,18
2,12
49,29
45,24
30,19
30,18
2,20
37,2
40,13
22,17
49,21
38,16
43,20
24,9
41,19
22,23
24,3
7,23
9,21
22,13
28,11
11,25
32,26
41,30
50,13
32,22
23,11
37,18
10,7
6,11
6,10
5,14
10,8
24,11
34,3
31,9
39,1
19,14
6,20
43,4
27,5
20,28
36,18
2,27
11,30
41,6
19,27
0,24
28,1
7,21
21,25
22,15
49,20
21,8
26,18
21,8
3,30
34,30
49,3
27,3
40,10
35,28
31,14
7,27
8,6
50,21
32,19
40,17
35,9
27,10
6,22
31,20
36,7
38,6
40,23
2,18
33,22
17,24
6,19
25,14
21,9
45,28
14,7
2,26
39,29
14,24
24,5
17,11
38,9
43,22
7,26
48,2
44,8
50,26
46,24
48,20
32,29
6,17
19,1
41,21
8,18
5,14
30,4
0,19
37,14
28,13
4,11
29,23
10,2
22,25
6,13
17,9
45,12
24,24
19,23
13,30
9,3
32,5
6,11
42,15
32,1
46,13
29,7
50,4
1,29
27,24
19,12
25,25
15,13
10,16
38,13
3,29
40,16
12,3
43,20
38,24
20,17
4,30
38,24
35,26
40,17
32,11
29,28
28,14
5,24
34,2
2,22
46,14
7,22
7,21
44,22
48,8
40,11
38,1
38,6
26,25
41,16
3,16
11,25
28,9
17,22
42,4
16,2
15,15
10,29
49,16
1,25
29,2
2,10
39,23
18,9
12,1
3,23
17,24
34,8
34,24
42,13
31,29
3,12
27,3
11,27
24,3
28,6
50,12
23,24
47,23
21,23
41,5
29,2
44,20
44,9
43,8
33,13
9,27
47,15
49,18
9,29
20,3
26,16
4,22
32,4
34,21
29,18
43,28
31,17
12,11
22,4
39,3
12,28
23,24
42,4
7,24
8,12
6,5
13,28
27,3
49,8
19,3
9,24
12,10
5,14
45,25
15,21
8,21
29,13
35,5
24,6
31,15
12,22
46,25
31,24
25,30
18,20
11,28
12,11
45,21
22,19
37,18
39,3
4,21
43,16
32,23
14,6
21,8
30,9
31,27
17,9
45,25
27,30
32,21
24,10
26,21
0,25
44,21
1,28
1,28
14,8
32,13
33,2
29,14
21,20
35,7
29,25
37,26
0,14
46,30
1,9
9,6
24,4
20,18
17,4
23,5
19,17
42,19
21,21
31,16
45,20
8,28
8,11
40,14
9,10
29,5
39,23
0,19
37,17
11,21
10,23
31,6
31,5
30,1
9,4
11,21
33,25
40,2
0,7
4,10
32,15
6,3
50,25
41,8
18,15
40,5
50,7
45,28
27,30
19,17
11,13
16,26
13,1
5,12
13,26
20,19
43,28
29,16
35,16
50,30
30,20
27,25
31,4
47,15
15,1
32,22
3,5
49,26
23,10
45,15
12,12
38,20
39,16
26,2
42,6
34,15
49,12
25,28
18,9
43,27
9,16
33,25
28,19
50,28
49,16
15,25
48,19
5,10
37,5
1,23
23,23
11,16
29,19
15,24
21,12
25,24
46,4
0,13
46,2
38,29
43,28
12,17
26,13
15,10
44,7
1,13
46,18
30,29
25,18
17,3
26,7
18,3
6,5
43,13
32,29
6,30
21,25
0,28
14,9
44,13
40,12
12,25
45,15
32,19
32,30
17,4
18,18
34,20
39,30
44,24
38,12
23,3
35,28
7,14
12,11
48,5
32,14
4,13
22,24
34,11
22,18
22,16
29,24
48,10
20,13
24,25
36,23
25,29
6,4
41,13
12,27
42,13
34,1
24,15
25,9
33,20
50,9
42,11
11,17
45,1
46,29
19,29
22,8
12,28
42,12
6,13
42,23
5,21
20,17
31,8
38,24
17,27
19,15
38,16
15,7
0,20
28,26
40,30
23,10
27,2
28,2
29,19
19,26
4,19
47,29
2,18
35,10
3,1
41,24
19,3
26,8
39,21
37,14
12,19
13,25
14,19
7,25
25,14
15,2
44,30
17,1
32,13
14,21
23,27
23,5
14,29
42,22
25,19
9,4
14,10
22,23
38,12
28,17
5,22
21,26
38,13
43,26
42,19
48,6
21,10
23,21
38,12
6,30
30,23
17,25
9,28
5,8
35,9
41,30
4,26
18,26
36,13
21,11
35,23
49,4
50,8
19,20
13,28
22,15
4,24
40,23
47,23
9,7
32,22
4,16
20,19
46,29
50,11
42,28
20,25
46,3
20,19
48,2
5,22
21,21
30,21
46,17
23,20
17,27
12,21
8,12
4,12
48,8
22,6
15,15
14,14
33,15
33,12
25,5
26,19
46,6
21,4
10,8
6,6
49,24
4,13
46,24
47,19
33,18
45,6
1,4
38,23
19,23
28,3
0,26
32,21
49,20
34,23
35,24
43,2
0,16
21,25
31,29
36,23
48,3
32,23
41,9
18,17
31,26
9,12
21,26
45,23
48,6
31,30
23,1
10,14
16,10
12,19
32,26
41,2
8,27
1,25
30,28
37,2
20,28
9,5
35,17
3,18
32,16
19,15
18,26
4,18
7,23
27,21
28,16
3,4
40,5
39,24
40,6
18,12
29,22
22,21
36,10
7,29
10,13
45,8
28,11
2,22
7,14
25,28
18,12
25,30
49,9
44,12
8,7
19,9
23,29
19,23
33,9
43,28
47,26
17,11
14,23
3,6
28,9
28,13
21,21
44,7
17,22
37,29
48,5
8,22
13,1
1,17
34,12
9,8
28,23
8,23
3,2
48,18
18,28
14,13
20,5
1,2
21,15
44,14
23,18
11,20
20,16
31,10
8,8
9,23
3,1
15,13
41,26
40,24
10,29
17,14
13,18
48,12
49,4
21,12
12,14
7,18
12,5
39,4
27,1
42,11
36,29
17,18
9,1
8,13
21,27
48,8
34,19
39,29
32,6
27,28
24,11
11,22
32,15
29,10
23,17
7,5
14,29
22,21
42,3
48,27
36,26
35,21
50,20
44,23
31,16
48,20
10,26
3,10
44,26
8,23
33,26
17,12
2,12
31,30
40,10
23,17
3,18
31,21
21,13
31,8
28,7
24,9
41,3
26,27
42,14
5,20
32,15
7,10
19,3
10,3
16,2
23,3
25,27
49,7
13,30
0,26
49,27
4,4
24,12
46,4
19,15
33,11
50,7
3,25
45,10
29,15
8,7
48,8
16,30
14,7
0,11
47,13
39,30
19,10
3,7
3,24
19,9
18,5
45,16
9,3
23,27
39,9
33,30
36,9
8,11
44,29
46,26
3,16
10,18
31,1
45,27
22,12
46,8
36,25
39,30
40,10
8,17
44,1
21,20
34,10
49,14
44,22
17,4
34,8
30,15
40,30
49,20
26,15
49,2
41,10
37,11
2,30
30,17
46,25
17,10
10,25
7,15
50,26
12,22
38,11
17,22
20,26
11,11
40,28
1,8
35,4
35,20
26,29
9,3
21,24
44,26
2,6
43,3
27,14
23,25
25,21
47,21
3,2
4,14
44,1
9,5
26,19
26,16
27,8
0,11
33,27
14,25
43,23
42,3
6,25
32,27
22,14
22,5
36,18
44,27
26,29
45,4
44,16
5,20
6,18
0,24
2,25
47,25
10,30
5,1
42,29
0,29
36,4
27,24
23,7
7,9
1,3
30,21
30,14
6,19
19,3
39,12
3,19
45,11
23,29
49,19
32,3
29,6
39,29
14,29
0,12
9,10
48,28
21,26
29,30
16,5
15,5
37,28
14,13
21,27
27,4
23,12
33,3
43,15
41,24
21,28
4,29
32,13
28,19
17,23
15,13
24,2
31,19
48,8
17,20
10,7
48,6
17,19
28,1
28,26
24,24
9,25
11,29
31,28
45,24
16,14
8,13
7,15
16,17
25,7
18,13
24,9
8,14
15,29
0,7
44,22
35,11
29,21
36,4
19,22
19,14
35,16
45,23
50,1
42,3
49,20
14,23
18,19
19,15
39,11
46,16
18,30
12,28
7,5
40,27
13,13
23,30
38,7
6,2
22,19
45,13
24,25
43,6
0,6
21,14
33,11
30,12
27,16
24,15
9,22
15,21
11,26
4,2
14,9
45,22
32,27
18,27
50,19
37,3
3,3
23,16
5,29
40,18
8,20
47,28
8,1
40,12
50,14
26,10
43,16
41,30
10,20
19,1
17,11
6,5
47,30
12,30
41,14
24,6
1,26
16,21
3,27
40,30
34,25
45,21
31,17
5,30
8,1
10,19
7,28
22,20
22,18
24,4
30,24
4,9
21,2
50,24
45,5
5,24
8,20
35,10
8,13
17,9
0,2
42,22
9,20
8,8
36,13
3,13
49,19
32,8
8,19
24,2
42,16
18,10
3,20
35,7
25,8
39,21
21,16
39,9
7,12
41,6
36,4
21,30
48,15
3,24
22,14
5,1
38,27
41,3
45,14
16,13
25,28
9,5
28,1
38,21
25,2
28,21
50,22
32,26
28,28
44,12
10,29
24,27
36,27
37,10
13,30
11,13
25,15
6,14
6,10
24,17
24,20
26,28
15,21
5,10
39,25
50,26
7,8
1,1
18,2
6,20
48,28
50,19
47,2
8,14
5,10
27,7
10,16
4,26
37,12
32,23
36,27
26,8
49,16
11,11
0,15
47,27
16,24
42,7
44,19
2,27
2,28
6,5
29,4
32,16
2,17
41,28
19,6
35,8
9,21
25,7
46,25
35,28
5,29
39,24
18,24
27,12
23,23
36,15
44,2
31,16
13,5
14,24
49,12
42,30
35,20
43,26
12,1
16,12
46,21
34,21
31,2
9,7
35,15
41,15
38,8
46,14
50,30
15,22
10,9
29,6
50,23
44,3
2,16
42,17
40,14
19,9
7,30
19,20
6,15
47,29
22,30
4,10
8,16
5,13
16,1
8,11
38,27
23,30
35,23
24,9
22,30
46,30
22,22
15,14
36,4
46,6
2,30
23,30
1,10
34,19
12,25
50,9
50,3
19,30
15,30
25,16
32,7
33,14
6,25
30,17
38,12
40,25
31,21
3,12
36,29
28,1
5,27
1,13
2,22
30,18
26,23
3,18
11,24
22,11
11,16
48,16
1,1
3,23
48,29
9,15
48,17
5,19
33,22
0,1
21,29
43,4
46,12
13,24
12,2
22,24
10,17
25,3
27,1
18,3
39,10
19,2
20,1
38,17
16,7
0,21
49,9
47,20
38,17
18,16
32,25
22,11
47,11
43,15
17,20
40,22
28,9
17,4
45,26
31,19
16,26
17,30
18,19
22,7
8,29
13,25
7,9
36,21
36,4
20,21
32,18
34,18
47,29
24,9
29,12
27,29
26,29
28,4
1,28
33,2
37,7
35,30
18,3
41,23
16,30
22,14
7,26
29,14
8,13
36,16
22,22
25,17
14,27
44,13
49,27
10,9
47,10
5,26
34,30
16,13
17,6
7,5
45,18
45,11
39,4
23,13
30,8
50,2
44,6
9,14
19,28
18,1
34,24
20,22
50,27
10,29
13,10
42,9
7,21
38,16
45,6
6,10
9,15
27,6
3,2
28,21
41,8
35,22
2,5
19,20
19,5
9,19
16,26
10,9
6,22
2,10
6,17
31,24
37,24
24,18
33,20
34,28
8,8
45,15
34,24
4,10
19,6
8,8
37,2
4,1
11,22
22,15
22,22
44,4
23,27
49,10
35,26
15,7
27,10
16,23
3,29
22,25
43,28
22,10
7,20
19,3
0,8
19,12
29,14
38,1
22,14
36,11
18,23
45,1
42,23
15,3
13,17
25,22
34,24
36,18
0,5
31,25
34,24
38,1
33,15
28,8
9,21
21,28
17,15
35,4
0,5
17,3
36,30
7,4
32,23
0,4
44,25
12,26
43,12
28,13
18,7
13,24
38,5
22,3
23,14
25,5
42,18
42,29
40,21
3,19
21,24
39,21
27,9
29,27
8,4
2,29
26,2
47,13
16,21
22,18
50,10
45,14
35,23
15,7
43,19
21,6
14,22
0,22
0,26
43,18
3,28
1,15
22,5
6,7
27,15
34,5
26,14
36,15
24,30
44,16
4,2
12,12
49,5
48,13
31,29
7,14
14,6
36,30
43,29
6,7
37,29
40,26
43,6
22,8
9,10
19,28
45,13
24,20
3,19
4,11
48,12
23,5
38,5
29,10
26,23
25,5
16,1
20,14
9,19
25,15
25,10
31,22
16,22
15,5
16,10
22,14
18,21
44,24
40,9
28,10
11,7
33,6
15,18
43,29
30,14
46,17
28,15
15,15
8,16
17,11
40,24
41,9
10,27
32,16
31,21
24,2
7,3
8,20
16,8
33,10
40,16
28,26
33,24
41,29
41,12
29,22
13,9
24,26
30,16
35,19
8,16
32,9
18,19
22,9
46,22
34,18
42,10
34,5
20,1
47,21
20,2
14,9
11,13
32,21
35,26
5,24
34,29
42,10
2,6
9,24
17,9
45,14
26,16
17,27
45,6
31,25
34,8
44,22
42,2
26,17
32,23
10,29
50,12
50,15
38,12
31,9
42,29
18,1
11,11
43,18
28,1
25,6
21,10
23,19
10,21
15,29
30,21
13,21
30,7
40,21
46,23
38,24
18,15
34,7
11,14
11,25
38,6
44,10
19,13
42,10
35,1
1,15
44,6
0,27
13,29
4,27
28,20
31,5
4,18
6,29
34,19
18,5
18,13
42,22
49,13
25,26
16,15
48,2
39,11
50,28
16,3
13,27
10,14
18,4
48,14
32,15
11,14
16,30
10,11
34,21
42,5
11,25
21,23
7,26
22,22
0,5
38,6
3,15
30,15
50,20
17,18
49,3
48,15
13,30
27,15
40,4
21,13
46,16
17,17
48,4
2,22
24,5
12,2
27,19
15,28
27,5
35,25
29,29
22,28
37,3
33,10
6,19
34,10
47,16
2,13
21,14
4,19
42,30
40,11
6,12
8,7
43,16
31,23
24,29
43,28
17,27
12,22
49,28
9,16
23,22
47,15
21,13
31,22
15,21
26,21
18,16
39,10
35,20
24,19
23,30
25,6
46,18
14,20
38,12
0,21
7,25
45,19
7,30
46,15
49,27
14,21
6,2
28,3
46,9
16,13
49,10
5,19
28,26
32,20
41,16
19,3
37,11
26,11
2,29
8,15
15,8
32,14
4,21
1,20
24,10
5,29
10,30
12,22
14,8
44,11
38,8
24,8
12,17
41,25
13,19
22,4
24,13
2,27
16,5
9,20
41,19
0,22
4,26
35,17
2,4
7,2
43,25
39,27
48,18
25,1
0,26
22,2
19,16
15,12
30,8
2,14
6,24
2,9
50,15
10,7
7,21
23,20
30,26
4,2
17,30
28,27
20,10
50,8
22,19
49,28
50,9
46,12
41,6
25,18
44,7
26,19
42,22
5,10
38,16
37,10
43,30
23,7
17,13
48,26
31,1
46,3
43,30
32,18
34,24
34,15
35,6
39,20
18,29
41,25
37,30
38,30
43,4
38,29
40,12
29,7
12,11
45,9
50,24
13,20
36,7
50,15
18,27
46,27
17,22
47,12
5,15
10,10
19,13
35,22
39,2
33,18
8,3
17,12
10,15
27,11
7,12
35,28
14,28
20,28
14,17
41,16
16,24
35,9
48,28
1,28
27,11
19,13
31,18
26,20
20,1
24,28
11,11
29,3
48,9
13,1
4,20
39,26
19,27
35,22
0,11
8,25
13,15
42,17
48,4
5,27
27,9
26,24
34,27
8,24
30,4
21,2
22,4
24,27
33,17
17,3
5,24
29,28
34,3
43,17
41,29
19,20
14,11
32,19
30,20
7,29
46,8
27,30
23,7
40,16
11,1
16,17
24,5
49,29
22,8
33,17
33,11
9,9
46,5
45,14
28,14
35,18
33,18
19,27
8,15
22,7
29,27
16,9
16,12
21,5
4,5
37,20
14,27
48,23
2,28
30,17
30,20
49,1
38,8
9,19
38,11
14,30
10,25
18,2
2,20
5,9
5,9
48,19
50,9
48,2
17,8
10,5
41,20
37,15
5,5
19,1
12,25
4,12
22,11
2,1
12,2
23,3
0,2
44,20
41,15
25,17
5,20
3,1
17,14
7,4
25,2
45,10
46,27
23,4
50,23
47,26
16,25
48,26
38,2
40,23
1,23
4,14
24,21
17,16
43,12
20,6
34,10
4,6
49,9
40,16
12,16
12,22
29,8
16,12
47,17
43,28
22,29
9,20
24,13
22,7
37,1
47,16
16,22
32,16
6,27
19,22
43,4
8,16
37,3
9,12
12,26
50,24
39,21
24,17
4,4
27,27
33,19
7,13
23,13
23,12
24,30
19,19
49,17
0,10
31,19
19,2
11,19
16,8
21,18
47,22
49,24
24,1
30,9
24,21
23,17
17,2
32,3
32,18
20,19
10,17
8,22
34,22
8,12
1,24
10,29
50,1
29,4
5,21
8,10
25,4
34,14
30,17
11,23
45,7
34,27
7,12
37,17
14,4
2,27
28,26
21,4
39,2
2,18
3,28
20,17
23,19
8,29
18,21
11,26
13,7
35,5
20,20
25,7
6,12
29,3
45,26
45,1
40,2
25,16
49,9
18,21
16,6
11,28
1,10
38,23
32,28
15,23
12,13
37,14
48,10
6,2
0,23
4,14
28,13
41,23
30,3
3,5
46,14
12,14
16,28
14,11
3,24
2,11
15,15
50,4
10,29
40,3
0,19
38,12
34,15
44,23
25,9
40,9
48,22
44,22
22,25
17,24
27,20
28,20
26,1
49,11
23,4
3,4
36,30
22,29
42,7
25,4
7,13
31,12
32,10
8,13
38,17
31,17
5,21
18,16
21,1
19,4
33,5
13,1
23,5
37,24
2,14
28,3
24,26
12,25
35,17
26,22
0,13
46,3
1,10
44,7
24,12
29,12
46,29
22,28
7,18
15,24
9,30
36,14
37,19
19,11
18,5
21,14
0,12
4,4
0,16
41,15
11,23
12,29
47,5
33,24
38,2
44,18
0,21
13,27
26,15
4,12
14,14
5,30
20,18
36,20
21,4
25,17
1,30
47,26
26,12
9,17
9,15
37,3
41,20
35,16
16,17
39,11
32,9
31,1
47,4
42,20
13,25
22,24
16,29
6,1
25,2
44,29
35,29
16,28
35,21
18,27
22,28
2,21
13,26
4,21
17,4
7,28
38,16
38,11
8,8
5,22
50,19
34,24
50,18
18,3
27,30
42,4
26,24
27,14
14,6
27,19
39,29
46,29
47,19
36,26
35,25
2,18
10,26
41,11
45,26
34,16
19,27
21,27
19,11
8,27
1,22
35,27
22,5
36,14
35,13
9,24
45,23
13,14
43,25
45,13
25,6
46,12
6,29
44,20
45,17
35,21
31,24
41,1
32,11
41,23
16,29
47,26
48,18
44,3
28,11
33,25
40,13
41,1
15,17
16,11
42,16
11,1
39,21
17,29
37,19
15,3
41,30
14,11
48,2
3,23
41,16
24,3
38,17
31,24
45,4
35,9
2,12
47,2
13,24
3,24
12,15
30,29
32,6
15,23
19,7
29,2
14,28
48,15
19,27
41,30
30,22
11,17
31,12
47,27
40,12
21,3
6,29
39,25
32,19
18,10
41,21
5,4
9,12
43,14
16,22
9,17
49,26
11,10
48,21
21,16
39,11
0,25
33,27
40,4
14,24
29,20
22,3
1,8
20,27
38,25
8,25
9,18
38,20
22,19
2,10
38,6
20,18
19,3
0,29
27,20
39,9
3,2
36,5
23,14
1,3
20,15
10,28
7,11
41,21
17,20
6,10
47,17
2,2
2,6
49,17
43,11
36,17
25,18
13,3
3,1
24,16
41,18
49,25
41,14
21,7
31,14
2,18
43,17
42,10
6,18
32,20
36,30
0,20
13,8
8,24
29,26
15,4
37,13
18,3
48,12
26,23
50,26
31,27
13,24
12,8
49,7
29,18
40,17
37,6
21,16
29,30
12,20
17,4
21,8
37,29
41,5
48,1
2,28
39,27
40,5
18,15
15,19
43,16
48,14
5,23
34,1
1,15
21,18
38,7
16,23
18,30
20,5
28,13
14,11
40,2
34,14
9,25
0,15
42,25
47,11
41,23
35,29
1,12
22,24
32,22
6,26
40,8
44,1
3,26
2,7
39,17
50,17
44,19
49,5
39,12
27,24
28,29
18,16
23,29
6,20
20,7
17,27
30,29
12,7
13,25
2,26
22,30
43,20
21,7
26,13
24,14
43,28
14,16
35,9
13,12
16,26
27,18
30,26
21,3
49,3
15,15
15,26
48,8
50,28
31,29
33,17
24,13
19,27
31,27
10,21
8,1
31,23
37,22
10,21
4,27
47,29
10,3
24,30
38,10
40,30
39,13
31,17
28,17
2,29
14,24
1,22
43,26
20,16
10,20
41,30
27,11
4,4
6,16
5,2
6,7
0,26
42,10
8,30
39,29
5,4
21,29
20,25
38,16
41,14
40,12
38,9
49,18
45,22
9,13
45,18
35,17
20,26
48,10
18,28
2,17
25,21
2,6
36,29
48,16
0,12
29,4
29,29
48,7
6,2
13,6
32,26
42,28
14,8
15,1
38,6
40,16
17,20
26,4
42,4
25,3
20,7
16,20
23,29
36,23
7,12
50,27
46,5
36,15
27,8
1,4
7,12
6,12
39,26
19,22
33,4
31,29
49,8
9,21
0,27
25,1
15,16
49,22
23,2
6,21
46,19
24,13
44,6
34,24
41,27
1,6
19,1
23,16
50,18
38,19
2,9
13,6
38,1
38,18
27,16
50,16
12,1
50,18
46,7
46,24
21,14
12,24
32,23
45,1
2,20
29,16
25,11
4,8
7,3
7,13
2,15
44,2
29,4
31,24
50,23
47,3
34,19
28,14
13,25
12,14
30,7
47,12
50,4
13,24
31,19
31,1
21,26
0,21
40,10
8,22
41,12
0,24
8,20
2,16
3,22
0,8
26,23
42,3
28,15
27,12
8,19
6,27
8,14
28,19
24,28
22,9
12,18
37,22
13,13
37,5
22,21
33,19
45,25
3,9
6,16
16,30
47,1
10,10
8,11
13,17
35,12
27,10
29,9
11,4
29,15
5,25
2,4
27,3
3,15
2,7
42,29
18,5
25,8
26,26
36,3
25,19
40,14
21,22
24,4
37,14
17,15
45,9
23,3
35,7
27,21
10,8
17,10
40,28
6,12
40,14
19,6
0,16
34,2
10,7
44,2
11,1
45,12
36,4
36,19
13,14
13,27
22,29
7,2
9,7
40,10
41,10
9,2
20,11
47,16
7,25
19,26
40,6
8,3
22,27
47,14
42,11
5,7
38,14
41,7
34,2
33,6
38,25
4,2
14,29
50,14
16,14
0,5
22,11
50,4
5,14
41,3
41,9
6,14
18,28
41,22
36,2
30,25
19,30
30,6
20,22
39,27
20,9
4,12
11,25
36,1
42,22
43,28
41,7
11,3
39,4
39,23
42,7
47,8
22,1
50,1
41,25
25,5
12,29
27,2
22,24
20,22
39,26
24,30
22,9
23,9
16,19
34,7
17,22
33,21
18,23
9,26
11,15
0,21
31,16
16,22
13,24
33,29
47,10
38,15
23,17
45,21
14,17
42,30
13,29
45,17
28,1
37,21
13,7
1,12
5,3
34,24
13,8
6,2
44,27
44,8
39,20
2,15
17,21
5,16
41,16
25,13
7,13
38,4
29,7
23,21
27,2
39,7
13,16
19,9
21,27
20,26
2,15
2,25
4,10
22,23
42,20
42,16
31,6
30,9
45,20
16,21
18,26
7,9
41,2
32,6
49,23
50,6
22,11
1,18
48,10
4,22
5,7
18,2
38,4
26,7
17,1
44,10
40,17
46,19
48,5
29,17
4,23
35,18
35,5
3,4
25,8
38,7
3,2
0,16
14,6
27,27
40,16
4,28
27,15
41,26
4,22
3,30
34,14
24,3
15,11
17,27
32,8
5,10
20,29
30,14
27,4
38,5
35,25
4,25
9,3
14,23
26,24
49,19
42,18
4,26
19,8
3,28
22,11
31,30
38,15
36,2
5,10
44,19
41,29
2,16
6,2
27,13
38,9
10,13
11,23
31,5
26,22
9,28
10,13
35,20
47,8
37,3
37,1
48,17
12,26
35,27
41,7
30,23
46,30
45,19
30,5
39,14
25,17
9,13
8,21
33,12
37,12
48,1
31,7
37,21
40,18
18,29
19,9
6,22
12,6
3,28
6,10
7,18
18,7
7,26
50,28
29,29
8,22
3,26
4,4
14,19
11,6
17,4
14,15
47,12
44,11
24,18
8,4
48,8
44,11
28,9
5,17
31,9
31,18
37,2
5,2
29,4
21,21
24,21
19,28
33,27
45,30
20,1
28,12
0,18
13,27
28,30
8,7
26,4
35,29
21,29
13,28
43,23
41,14
29,7
27,4
22,17
48,30
2,23
0,10
24,11
49,29
47,5
5,28
41,1
6,20
42,23
8,5
29,9
50,10
45,10
1,11
26,26
21,5
20,9
20,20
3,10
34,4
7,25
38,30
31,17
47,14
30,3
49,17
45,28
46,12
33,9
49,5
46,17
2,12
1,27
0,7
2,17
21,15
14,4
44,20
44,6
25,22
4,23
50,16
15,5
11,25
35,3
38,3
5,20
13,19
13,18
9,3
34,15
9,14
34,23
10,8
26,15
28,5
24,23
29,8
17,29
38,16
21,28
26,2
47,25
23,30
37,7
35,28
28,8
42,16
0,7
8,7
1,7
41,8
19,16
0,16
6,1
50,16
20,6
31,12
39,15
22,26
2,22
17,9
39,8
23,25
25,8
39,12
3,15
15,22
14,28
28,13
42,19
0,11
33,21
8,20
20,24
28,19
22,2
27,1
48,22
15,2
30,28
15,2
16,21
41,4
30,28
41,4
38,26
11,19
29,16
37,4
22,26
27,2
23,20
14,5
45,4
2,13
40,18
9,7
3,8
33,27
32,26
41,24
37,26
29,28
23,1
12,17
9,16
6,20
47,24
27,27
9,14
20,22
35,21
50,29
46,21
30,4
32,7
42,22
28,22
25,30
0,21
47,25
26,29
9,5
45,3
23,8
38,12
30,4
22,15
13,12
45,25
23,1
44,14
19,11
48,25
19,20
10,27
36,8
3,4
27,26
40,29
4,30
36,12
17,18
18,1
21,29
13,27
1,25
24,18
32,28
15,2
18,12
36,30
34,22
46,19
11,10
10,17
35,9
15,10
13,24
6,22
20,2
0,24
35,2
43,27
21,9
18,12
35,16
14,12
27,4
30,27
13,2
36,4
42,2
36,11
17,30
43,30
43,13
38,17
28,6
19,8
30,19
13,2
10,25
35,19
43,20
20,18
5,13
23,20
9,4
33,3
30,12
39,14
41,3
47,12
9,4
39,19
16,16
13,14
26,19
8,23
47,12
35,22
46,3
38,24
10,2
2,15
44,27
45,16
4,10
42,7
35,30
25,26
23,12
10,12
37,2
15,8
42,5
6,30
10,15
20,17
4,28
7,29
46,16
7,27
3,23
34,2
49,3
2,20
26,22
45,4
32,29
47,3
3,29
12,25
13,12
24,23
11,22
47,7
5,6
27,30
49,9
24,15
5,5
1,15
34,7
42,19
40,5
28,15
24,10
18,4
47,23
0,8
19,6
7,4
29,14
34,2
36,9
0,8
43,6
34,23
3,29
27,26
29,30
14,2
29,22
25,4
48,12
26,17
1,4
46,4
43,15
13,1
9,15
8,23
8,8
43,7
5,7
13,30
7,30
34,1
32,18
20,14
3,2
12,10
29,27
28,23
34,2
40,15
4,19
3,2
15,17
41,19
17,18
42,18
34,20
24,26
26,20
27,18
30,10
19,19
11,30
31,1
45,11
16,13
34,4
33,10
19,12
23,5
9,23
13,20
30,6
16,2
5,24
25,17
6,17
11,16
22,21
6,28
33,14
50,4
15,5
29,2
14,13
24,15
34,8
49,1
2,30
5,1
9,23
6,19
37,28
43,17
9,8
36,4
41,18
17,9
36,20
17,15
3,16
40,29
19,7
48,22
14,13
42,20
2,24
48,1
7,5
39,17
41,9
43,28
38,6
40,23
28,5
45,4
25,25
23,11
32,8
37,21
22,11
32,28
32,11
2,17
15,19
28,23
39,3
50,11
24,18
3,18
25,1
27,22
6,21
5,6
7,1
35,1
7,1
8,21
14,21
43,3
41,3
28,5
0,11
18,2
14,10
10,11
17,22
15,10
36,17
33,29
36,15
12,10
36,13
43,17
15,22
22,15
42,18
34,5
25,14
23,30
6,4
48,4
37,27
18,6
27,6
44,28
11,26
10,24
3,22
16,27
48,11
50,24
9,10
24,3
40,27
12,15
49,8
15,16
18,15
43,29
24,19
35,14
49,16
39,14
7,17
26,3
0,26
45,12
41,6
21,2
15,23
32,7
33,30
28,10
47,21
10,25
5,21
29,22
6,10
20,6
48,1
16,15
13,16
11,30
23,26
12,25
9,8
42,7
26,27
32,6
38,26
46,9
18,11
3,2
8,29
40,21
5,6
23,23
40,26
40,25
18,13
18,29
0,17
1,12
37,22
7,1
37,5
47,17
16,15
15,7
5,4
0,26
6,16
32,27
45,5
12,13
49,17
27,8
0,9
15,14
44,28
39,15
50,26
22,28
32,24
7,15
9,26
15,4
24,18
23,10
29,23
50,23
5,19
4,22
45,25
38,10
11,6
41,13
27,12
42,18
6,11
16,27
17,20
6,7
47,29
26,14
42,20
1,13
26,6
10,28
29,21
19,18
10,20
9,14
43,30
3,6
3,28
14,9
23,18
38,28
3,22
19,18
44,9
50,1
33,17
27,19
32,10
26,25
24,14
21,25
8,12
36,19
3,30
39,29
11,22
46,24
1,25
19,5
5,6
13,5
1,4
38,16
20,4
21,16
39,10
36,12
40,12
33,13
9,30
30,4
17,5
0,10
3,25
24,12
40,24
21,15
2,26
40,17
4,21
41,14
18,3
9,18
35,15
4,18
14,10
5,10
35,4
20,10
50,3
47,17
1,11
6,16
36,8
31,10
29,27
41,25
1,16
33,10
36,29
42,30
26,10
8,9
23,5
34,1
34,24
44,1
7,30
15,1
47,19
24,13
31,28
0,28
20,5
34,4
23,29
50,9
50,9
39,6
9,8
15,7
17,14
21,14
30,4
0,6
4,12
40,22
45,12
3,19
1,18
7,22
44,17
17,18
36,12
31,11
14,22
26,3
31,27
42,16
14,13
0,7
28,1
36,27
0,19
3,8
46,4
12,5
40,17
21,18
32,23
39,6
15,20
41,13
14,18
47,14
5,12
16,22
49,20
33,26
6,2
22,13
2,12
38,16
8,19
43,6
35,6
16,16
13,19
41,13
35,21
19,16
1,2
16,20
6,21
26,10
9,19
15,13
21,13
23,29
22,1
37,18
47,21
31,14
21,12
50,2
36,30
19,25
45,5
16,4
0,16
50,19
37,11
20,18
12,28
38,5
10,3
38,8
32,9
4,27
16,28
46,23
46,4
42,17
16,12
32,15
38,12
46,10
14,10
31,5
2,5
12,1
10,5
19,29
6,15
40,7
5,14
25,3
36,23
26,27
37,17
9,5
20,13
47,3
16,13
5,14
49,16
41,10
16,15
10,28
2,21
25,14
22,8
4,26
34,10
31,7
30,21
24,10
45,1
39,25
9,23
36,4
48,18
1,8
39,22
7,13
10,14
9,21
16,21
47,6
29,28
39,22
45,1
32,11
12,5
9,19
1,16
29,14
41,28
14,14
50,20
33,27
35,11
6,19
26,3
43,3
19,8
18,11
4,20
27,12
4,17
11,14
11,24
8,21
42,7
47,29
20,24
11,14
10,27
13,12
35,18
50,11
22,14
5,15
32,15
16,25
14,9
49,30
8,1
12,12
14,21
6,18
8,20
25,1
38,26
28,18
11,14
11,12
37,29
3,22
50,11
48,10
8,22
1,11
27,2
49,2
15,8
45,28
28,28
24,18
11,3
31,2
30,23
45,2
30,22
25,26
7,21
3,4
15,3
46,20
1,8
18,29
13,26
39,18
31,3
0,2
48,8
29,12
4,1
28,3
15,3
14,25
11,4
38,16
23,6
31,9
49,9
28,7
49,6
14,25
22,17
41,7
30,26
21,21
39,15
19,18
18,25
21,2
6,9
38,17
32,20
0,30
18,25
28,4
42,24
28,16
20,14
47,23
34,20
35,27
45,2
26,8
47,2
18,23
27,19
26,14
4,9
36,27
26,28
28,1
32,21
31,27
33,28
30,14
5,11
45,19
42,16
34,23
30,24
47,6
9,17
26,3
12,25
46,13
21,1
48,26
29,23
32,2
47,27
46,30
12,12
14,4
25,17
15,12
26,5
17,8
9,26
13,8
27,21
13,9
11,8
16,14
30,1
11,10
10,3
30,15
6,23
29,20
21,8
27,11
3,5
50,22
19,7
8,10
13,22
48,10
41,20
17,25
30,14
28,26
15,14
37,25
6,6
39,22
21,12
2,22
17,4
18,7
39,17
36,3
23,27
1,20
32,3
6,2
36,14
47,5
21,20
23,11
26,9
23,21
6,10
38,14
10,14
20,7
12,25
21,15
6,1
50,6
40,6
9,28
18,24
9,2
47,26
40,4
21,3
43,10
44,22
38,21
50,5
17,17
23,23
23,13
35,20
17,16
34,20
12,1
19,7
37,4
43,16
38,15
47,14
27,9
5,1
37,18
41,5
44,15
47,24
46,19
45,17
22,1
49,24
40,10
25,27
28,28
32,10
39,20
0,18
3,18
36,6
4,6
7,15
26,5
38,3
7,25
4,6
9,1
28,2
2,22
34,5
4,9
49,7
50,20
35,8
2,4
12,24
38,3
4,7
37,28
49,8
43,13
19,2
6,4
4,29
1,15
43,28
6,19
39,22
13,1
21,6
9,7
35,10
14,29
0,24
1,1
22,1
25,3
17,16
17,16
43,14
17,12
36,12
21,13
46,6
50,23
12,27
43,6
21,8
43,21
39,7
18,23
44,20
44,24
23,16
25,1
36,28
28,27
17,22
25,27
14,4
2,11
50,4
5,9
36,30
2,25
20,16
38,13
36,12
7,5
7,6
46,28
47,2
6,1
9,27
3,21
11,7
10,26
28,28
12,23
7,18
0,18
34,25
1,23
27,18
33,17
17,23
39,15
15,2
23,16
17,14
6,9
18,18
31,27
40,19
49,5
10,22
47,6
33,24
41,17
38,12
9,11
30,8
27,8
13,18
24,15
38,26
37,14
33,14
0,2
28,18
49,25
34,11
44,23
26,1
28,9
46,25
47,30
5,26
0,12
40,11
19,7
22,7
32,21
15,5
12,3
48,25
1,17
0,20
13,13
49,21
50,2
21,25
16,5
13,5
19,26
11,8
25,4
3,10
45,5
1,9
42,4
7,18
38,24
45,30
30,25
40,13
42,21
1,11
28,27
4,8
8,9
8,18
13,20
22,20
45,9
21,1
23,5
42,27
29,15
22,6
4,8
26,8
41,24
24,2
5,9
33,3
50,2
16,17
14,2
33,29
43,10
38,12
44,9
7,12
28,19
41,10
23,28
14,9
14,23
45,6
41,10
2,29
11,14
16,20
44,24
13,22
49,3
19,30
8,24
25,29
38,24
31,19
28,5
14,26
33,27
30,8
43,4
42,26
8,6
37,29
2,14
30,30
16,11
32,2
47,1
2,20
46,29
4,12
41,16
49,27
14,12
48,22
49,13
38,4
30,6
31,25
1,28
33,23
10,14
37,26
34,16
49,7
46,24
7,11
27,17
46,22
46,14
29,19
9,2
20,25
18,30
48,13
38,19
2,26
7,16
18,25
49,17
40,13
45,20
15,28
14,20
31,3
43,19
47,28
26,16
20,24
15,3
47,3
12,16
44,17
26,7
49,24
37,14
11,10
30,8
40,8
46,27
13,9
44,1
29,9
49,12
3,1
32,15
6,29
11,19
16,26
33,13
43,12
46,8
14,23
23,8
30,12
4,12
48,25
44,25
44,12
48,2
47,18
29,14
17,29
48,3
23,30
48,9
22,5
23,20
22,21
37,14
41,12
9,3
20,4
14,3
19,16
42,24
31,1
45,18
23,21
42,1
17,23
10,10
26,29
10,12
31,10
25,9
13,6
4,4
2,21
21,25
17,25
43,25
23,13
2,13
46,20
37,18
11,11
34,9
1,25
32,9
19,8
23,4
18,8
16,7
24,10
46,24
25,29
21,2
25,6
43,14
5,23
41,15
7,7
28,24
33,9
6,27
4,14
12,16
47,1
24,2
45,23
27,29
9,21
1,2
48,25
31,2
0,15
33,15
17,28
23,29
14,5
15,21
22,29
27,30
6,8
20,22
38,19
39,3
28,13
49,17
19,16
27,26
45,7
23,25
28,9
33,16
16,1
16,11
43,24
46,13
35,12
14,6
39,4
35,27
46,14
22,20
0,2
15,18
13,10
4,14
49,16
19,13
41,17
9,10
2,30
11,11
38,16
46,17
12,12
28,30
30,27
32,7
18,27
32,21
39,28
40,3
15,19
20,8
43,9
24,13
9,17
19,22
47,26
44,4
20,24
32,5
49,24
25,28
36,15
44,4
36,9
3,19
9,4
43,16
20,22
8,21
49,11
32,10
39,28
39,11
49,15
36,30
41,9
17,22
46,10
42,4
35,22
11,3
36,25
47,14
45,3
29,11
20,16
1,2
27,5
47,15
9,5
48,10
44,17
48,14
50,17
12,6
47,29
35,12
8,28
6,11
48,14
39,3
11,30
33,24
36,7
7,10
23,25
48,20
24,6
48,15
11,28
50,7
18,17
5,24
49,8
40,15
15,30
8,16
39,26
48,12
21,21
2,12
23,5
49,16
22,18
34,10
6,10
25,17
45,21
30,10
49,7
11,19
37,12
12,11
43,7
32,10
8,11
26,5
0,29
36,2
19,2
33,12
43,24
21,7
0,18
45,25
28,15
1,4
33,8
9,2
5,5
12,14
3,28
41,25
48,5
39,1
17,2
42,25
17,20
3,12
43,16
37,19
7,11
10,30
40,21
1,27
13,22
36,27
42,4
22,24
9,17
35,15
21,23
37,14
27,8
5,30
16,25
22,23
47,29
24,21
28,16
16,2
38,1
21,17
4,13
21,10
18,5
37,28
31,7
18,15
50,6
15,30
3,13
18,25
5,24
17,8
36,22
3,15
18,8
44,27
43,2
29,14
22,1
19,17
44,3
9,10
33,30
22,19
17,6
31,7
23,30
33,16
10,18
32,8
39,20
47,27
15,8
49,24
43,2
20,20
13,29
48,30
24,5
6,24
50,2
35,2
38,27
31,28
4,12
21,14
15,8
8,6
18,4
39,23
5,20
26,21
32,3
44,29
47,15
49,30
31,21
35,19
25,26
48,4
10,24
24,15
47,20
31,27
37,14
24,2
17,23
4,2
12,29
7,4
4,8
11,21
42,4
7,2
42,6
49,3
3,18
12,11
38,19
34,29
23,25
30,19
14,19
41,2
19,14
29,28
20,14
8,19
8,23
17,15
7,27
49,24
37,28
0,1
15,10
41,7
28,28
28,4
12,18
12,15
23,11
44,17
16,24
44,27
2,5
20,6
49,6
29,4
24,5
42,26
3,29
23,14
4,30
35,28
9,19
31,5
50,3
16,10
42,17
3,19
6,23
5,10
8,1
13,19
46,2
19,9
36,8
13,6
20,19
4,12
15,29
50,27
46,9
18,3
37,13
49,19
23,19
22,16
26,9
48,2
8,10
10,20
36,18
0,28
21,28
15,7
36,13
20,1
34,6
19,10
14,14
11,6
39,17
31,26
13,15
22,24
17,26
0,9
40,23
36,13
13,17
48,27
0,24
48,11
35,27
21,17
49,6
49,5
15,16
43,25
45,17
33,19
9,9
33,28
19,21
34,10
16,2
31,17
7,8
1,3
3,22
10,18
19,25
9,5
27,24
35,23
16,27
17,28
16,23
14,17
40,6
26,7
45,15
31,4
30,21
42,1
11,17
24,25
22,2
5,13
3,16
23,18
33,27
32,20
40,16
6,13
22,28
40,29
9,9
12,23
18,11
46,18
28,4
36,29
18,1
20,6
8,11
2,2
39,7
30,13
14,28
39,11
9,24
37,4
15,30
30,8
46,28
29,6
11,28
42,28
28,27
39,25
24,8
31,7
29,21
44,9
35,7
23,16
28,24
39,28
41,20
13,26
33,6
42,8
45,23
46,20
6,14
46,14
25,14
44,13
15,19
14,8
47,2
1,11
39,11
8,29
1,21
5,21
43,7
39,30
4,4
50,16
20,1
5,7
2,17
7,20
41,18
9,24
41,30
1,23
25,21
32,29
29,4
20,11
17,10
21,5
19,28
30,5
25,22
43,20
26,19
28,10
19,14
14,4
7,1
36,20
23,14
46,21
20,30
32,13
36,4
45,1
19,5
34,6
5,23
47,29
39,22
2,4
22,28
24,18
34,5
12,4
39,19
25,17
23,20
38,22
42,26
36,22
46,15
31,27
45,1
2,9
21,2
21,2
13,3
20,27
10,12
42,1
32,12
8,29
5,13
27,4
22,30
44,6
49,24
44,4
45,14
42,18
43,28
1,17
24,14
49,18
37,4
36,28
16,25
11,30
23,27
2,17
8,3
40,18
36,19
6,24
7,13
40,4
1,26
26,25
19,9
10,20
22,10
20,5
4,17
3,20
1,11
41,4
12,16
45,3
19,7
9,1
50,30
37,25
39,28
41,25
27,11
17,19
17,27
8,11
38,3
20,17
33,21
43,10
29,19
46,13
17,21
14,20
49,14
39,25
13,14
37,25
19,19
8,23
18,3
22,5
15,26
46,17
48,10
42,20
5,18
16,12
45,27
24,17
7,18
38,26
14,9
25,25
38,24
26,1
50,21
28,25
24,27
35,15
8,22
21,20
4,2
17,29
21,6
46,2
25,9
20,7
19,3
1,14
21,3
44,13
42,23
22,19
31,10
44,6
49,5
41,16
32,2
22,29
37,21
20,24
34,23
38,12
10,25
2,8
44,12
20,17
13,16
21,15
45,16
3,21
21,4
24,9
31,16
28,17
27,2
41,2
5,5
2,6
4,12
29,9
4,4
26,20
15,28
5,1
31,11
47,3
7,9
24,5
30,27
31,3
23,20
39,2
18,6
22,22
37,19
41,7
13,14
47,6
49,1
4,5
9,8
34,24
12,3
49,2
30,13
21,4
42,10
25,2
10,6
3,19
25,12
18,26
44,18
14,4
12,11
24,24
40,21
49,25
25,6
5,13
27,24
49,5
25,24
42,15
10,21
7,18
33,15
48,18
5,29
0,24
43,16
37,23
34,20
20,4
37,30
16,10
35,4
28,14
1,27
44,5
45,4
33,18
11,12
42,15
21,17
30,13
25,7
39,16
14,12
14,1
2,14
47,8
16,17
42,4
17,14
42,10
14,24
25,6
46,1
44,11
29,2
6,27
45,1
9,12
1,3
4,24
11,19
13,21
20,1
1,27
38,8
40,11
23,28
6,24
0,12
13,25
27,16
27,21
24,27
21,6
38,6
41,24
39,9
34,26
27,3
39,19
43,14
14,2
12,20
38,18
43,7
6,11
36,12
17,26
32,3
30,28
24,24
9,19
42,13
33,24
24,30
28,29
5,24
14,21
8,19
17,3
36,26
8,19
23,21
38,15
27,18
2,22
4,15
46,18
23,12
3,4
42,24
48,11
30,10
5,23
45,7
16,15
31,28
14,12
22,24
39,29
20,24
27,1
14,25
3,17
2,9
41,29
9,1
26,15
46,7
31,17
21,29
38,1
32,24
11,20
39,13
22,12
17,14
48,18
18,20
8,1
17,22
2,23
23,6
40,30
49,23
42,25
11,17
34,23
24,27
11,16
34,19
8,8
37,22
33,23
16,20
11,3
3,12
19,16
17,9
14,3
7,19
40,25
23,18
31,28
42,1
28,21
44,27
36,9
33,3
24,18
30,30
9,15
3,11
34,9
16,8
22,13
8,10
48,13
47,20
13,16
10,10
36,12
2,22
50,17
25,21
45,7
42,7
6,1
26,15
22,7
18,17
31,30
36,28
32,19
6,20
39,14
35,22
49,10
23,5
41,20
3,17
30,2
8,10
0,8
44,4
31,15
40,25
49,22
27,23
16,7
34,1
27,16
35,11
30,4
1,22
13,1
40,8
37,10
38,16
29,4
12,27
12,19
12,22
12,8
3,3
24,10
25,6
35,13
0,23
44,25
21,21
15,6
38,5
15,3
28,25
29,25
30,23
3,23
18,29
4,13
33,17
49,20
11,18
11,3
15,22
47,13
7,22
43,9
21,20
49,5
26,25
0,22
24,20
6,16
5,26
11,30
12,30
32,30
29,19
49,28
25,17
50,9
3,17
26,27
13,17
42,7
23,8
42,1
6,4
35,6
33,23
17,1
10,13
15,7
29,18
0,16
26,10
31,21
25,19
19,12
21,11
41,29
12,26
45,9
44,23
37,13
4,30
48,22
26,21
20,21
18,13
49,24
29,24
9,17
17,7
9,18
37,12
25,2
30,5
9,29
1,25
16,10
18,20
11,2
34,18
10,7
38,14
45,7
27,1
13,11
31,12
35,12
32,5
6,15
38,28
40,17
0,25
29,5
9,24
31,19
10,26
42,28
45,26
43,16
42,7
18,20
8,15
15,2
28,24
40,6
18,30
2,13
22,25
4,21
29,3
47,19
15,11
24,24
46,20
47,11
19,26
13,5
1,10
12,9
