20,13
36,22
19,22
18,29
19,4
47,22
49,4
50,23
50,6
46,28
32,3
20,3
24,30
35,27
37,14
14,13
14,19
20,13
47,16
12,21
15,10
21,1
40,20
29,26
50,14
42,16
45,17
46,14
49,26
33,22
28,7
40,28
49,12
34,4
20,21
15,28
48,14
31,28
31,22
33,8
12,5
0,11
24,5
41,2
36,19
1,14
2,28
12,19
42,3
50,22
13,9
32,21
32,17
25,1
45,16
48,20
25,14
27,25
32,23
5,23
23,2
13,13
0,27
0,18
13,2
25,10
16,1
29,30
15,19
22,18
29,19
11,3
31,30
0,25
21,1
45,8
26,16
43,7
6,26
38,23
29,12
25,1
17,28
50,1
33,6
24,28
3,30
19,18
16,20
27,28
20,12
35,12
4,28
30,27
29,5
31,25
41,13
10,15
42,20
24,12
17,26
1,30
12,19
14,19
30,11
1,13
36,25
6,6
37,15
45,13
36,6
28,22
17,1
42,10
42,13
6,25
50,13
14,21
33,3
20,4
31,19
31,2
37,16
48,9
36,10
12,22
8,15
29,15
49,7
30,29
48,25
20,2
30,13
20,24
32,7
16,6
11,16
20,5
36,4
30,1
45,23
8,3
43,18
7,15
4,13
20,28
16,27
20,17
17,13
44,28
49,4
2,27
49,20
13,30
32,27
24,28
42,4
34,4
22,13
39,25
18,10
36,1
39,12
45,25
9,23
12,19
25,12
25,6
41,18
7,4
3,13
24,14
26,6
37,13
42,25
48,20
13,9
14,28
47,27
19,3
37,6
18,9
14,27
27,18
38,2
1,29
11,20
10,1
10,21
31,16
38,3
46,16
42,17
14,1
39,27
6,27
25,30
22,24
2,16
10,25
10,20
18,26
30,25
27,26
31,24
33,22
13,30
19,13
3,20
8,13
19,30
0,16
47,10
44,24
2,15
0,17
31,29
42,13
28,19
50,27
43,22
32,14
14,8
21,26
21,25
0,24
23,16
50,13
24,23
1,10
45,16
4,14
44,22
25,6
39,29
27,12
1,10
37,8
25,24
12,5
50,18
29,9
12,17
6,12
50,11
46,17
15,5
2,26
16,16
48,2
28,21
30,22
35,29
13,5
45,30
31,13
43,3
12,24
28,16
27,16
8,22
14,7
24,20
2,23
29,9
21,29
39,25
28,19
22,5
1,29
20,23
47,18
38,25
10,12
41,24
34,26
10,14
6,26
7,14
31,6
26,21
21,3
15,23
6,16
16,8
43,5
24,12
33,20
8,7
34,21
48,9
24,2
47,28
19,12
39,29
27,17
34,8
13,26
30,14
31,19
32,17
20,12
32,7
24,27
19,21
28,2
7,24
48,2
32,19
24,13
4,19
35,8
27,14
49,28
16,29
45,29
41,2
4,21
27,5
36,1
26,5
33,24
44,8
26,19
27,7
46,21
39,28
4,10
10,13
15,2
33,14
36,7
45,13
22,28
16,12
6,13
36,20
37,20
36,1
21,22
27,30
28,23
47,16
20,21
36,30
25,6
36,7
35,7
38,19
17,24
26,20
44,8
10,23
29,1
16,9
21,4
24,8
46,13
15,2
41,10
24,13
25,30
22,9
41,6
41,13
30,16
39,20
30,24
0,10
26,8
17,4
42,11
38,23
30,3
3,22
35,27
41,15
23,2
8,8
14,13
19,25
15,23
29,14
32,21
17,7
0,11
23,22
45,20
19,20
48,9
34,1
47,8
20,15
35,20
25,24
11,16
34,22
10,20
35,3
8,23
21,30
48,20
4,23
20,21
41,28
19,13
4,6
5,16
14,10
12,10
50,8
31,19
18,25
39,3
35,20
32,29
11,2
2,7
25,29
47,3
13,17
15,7
39,20
19,11
22,27
11,19
14,2
3,28
43,6
39,27
37,5
36,26
1,25
32,16
37,9
50,20
31,22
39,26
35,16
49,7
26,22
41,19
41,24
34,25
9,2
5,11
49,9
40,28
35,10
18,16
25,25
47,9
35,27
43,17
3,9
1,24
1,13
37,17
11,26
10,24
42,2
32,11
44,5
43,27
6,9
1,9
27,22
2,1
9,12
38,21
5,26
31,10
8,14
28,3
22,27
50,8
40,18
0,26
33,2
3,13
37,1
8,12
14,4
21,10
21,9
10,30
1,1
27,24
11,10
44,25
17,12
14,10
15,3
6,10
21,3
41,20
41,26
45,26
6,3
0,23
9,7
17,14
44,5
37,16
13,13
26,17
10,30
40,9
16,22
46,21
21,11
2,20
23,10
22,26
47,19
0,10
33,29
9,4
14,9
10,6
44,6
46,24
5,2
10,30
2,2
27,19
24,30
6,30
24,7
42,12
0,24
48,9
5,1
35,22
14,11
18,1
41,25
17,26
22,26
33,18
45,20
30,9
22,11
39,3
42,15
0,11
9,30
2,16
41,22
8,21
24,9
49,18
47,13
46,8
8,15
44,16
1,4
37,26
28,12
45,2
26,25
38,11
22,8
10,7
36,11
14,16
50,2
17,10
46,5
24,28
35,28
46,10
25,2
44,24
26,6
36,21
49,29
12,22
26,16
31,25
46,5
11,18
21,8
22,25
50,4
32,2
27,22
31,4
7,11
1,26
11,19
47,8
32,7
47,10
49,12
18,29
47,17
38,13
5,23
40,17
1,13
35,15
49,29
10,10
39,7
16,12
49,22
22,22
22,5
45,11
33,1
48,11
21,19
6,4
19,24
15,25
3,2
36,14
16,14
33,21
47,4
50,4
6,15
24,12
28,8
5,27
24,26
50,20
23,24
1,25
36,26
7,8
33,27
17,10
35,3
37,21
44,28
18,9
47,25
39,3
29,5
2,1
21,22
46,10
38,22
18,18
8,12
40,11
8,29
17,16
29,18
38,25
11,4
45,12
6,29
19,14
50,21
18,18
10,30
1,5
26,23
21,30
34,20
26,22
49,15
28,25
6,14
3,23
1,19
43,25
11,29
10,10
48,4
0,12
46,4
20,5
26,23
31,27
0,14
27,3
30,4
43,26
46,3
22,7
28,20
37,13
26,1
40,11
30,17
42,12
25,19
3,3
42,29
11,22
24,17
38,20
40,28
15,23
28,1
24,15
21,8
27,20
17,5
33,25
28,18
35,9
22,8
5,14
46,19
24,20
28,30
30,27
19,30
2,6
9,7
29,21
41,23
34,4
26,15
25,14
19,15
6,18
21,28
6,14
24,26
32,19
46,19
50,20
24,14
32,23
28,6
10,9
43,4
24,10
17,15
37,30
23,13
20,26
32,2
27,7
9,20
48,15
27,14
37,24
50,20
47,15
36,13
31,7
42,26
2,15
24,16
24,18
14,26
2,6
45,11
9,5
43,20
30,1
37,21
45,13
26,14
35,28
6,24
17,24
20,30
42,23
24,18
7,28
49,18
16,19
24,1
41,8
8,29
31,5
47,1
39,25
2,1
6,30
37,22
21,28
37,28
18,28
20,13
0,30
32,19
41,12
24,1
47,12
33,13
2,5
33,5
16,26
44,8
28,2
34,11
35,11
40,11
32,9
27,13
11,6
13,23
22,4
23,19
46,13
40,17
42,15
49,29
35,25
13,16
50,19
34,22
12,23
32,29
38,11
40,24
38,23
15,21
47,21
7,21
36,17
0,3
29,23
32,14
37,11
21,6
11,26
16,10
0,18
27,2
15,25
27,18
30,10
3,21
50,21
50,27
47,6
41,30
26,25
44,30
46,20
36,22
18,27
44,27
16,24
1,6
16,12
27,11
8,15
24,24
29,5
27,20
5,28
41,13
40,20
25,9
40,23
32,25
9,24
5,27
45,19
22,22
49,17
47,30
17,10
41,3
38,5
40,17
35,22
25,27
43,1
29,29
47,19
38,11
48,5
36,24
35,27
41,27
26,20
22,7
39,5
45,8
21,2
26,19
28,1
1,7
1,16
32,21
0,18
29,22
45,8
12,24
46,12
41,3
33,19
22,21
15,3
30,4
50,9
25,29
29,27
50,22
0,17
37,3
36,12
45,11
23,27
35,12
14,28
7,25
31,16
34,4
15,20
35,10
15,20
35,30
33,24
7,3
31,11
39,10
1,25
37,22
7,6
10,22
9,13
16,14
38,27
38,21
16,17
2,18
24,29
8,12
35,19
10,29
18,27
24,7
12,11
25,24
19,21
23,21
41,13
15,1
20,5
32,30
15,2
40,21
49,25
50,19
31,23
32,6
10,18
17,7
22,25
48,8
25,12
16,30
48,21
30,12
17,21
49,15
7,14
4,28
29,24
29,14
45,27
19,18
26,5
34,12
21,5
36,25
12,23
35,23
28,23
35,4
16,16
46,13
34,28
8,2
46,24
31,4
0,8
2,1
7,30
26,8
35,26
35,11
46,11
41,16
9,8
35,9
42,25
20,6
0,9
11,10
40,27
8,16
38,28
37,21
39,16
39,25
14,4
15,23
13,1
36,22
40,22
36,26
35,25
21,14
24,19
40,25
29,11
24,25
13,1
13,10
48,6
18,10
23,21
29,20
23,14
2,15
19,6
5,10
15,6
19,3
32,19
19,23
22,24
45,16
35,6
2,26
20,14
26,12
42,6
16,16
48,13
19,27
28,27
35,27
6,18
19,11
45,16
27,5
22,17
27,4
40,23
7,22
32,11
20,30
33,3
39,14
23,1
16,24
43,16
20,11
7,9
11,2
17,16
35,21
14,9
7,7
9,10
10,2
14,27
8,18
8,30
50,19
2,27
14,15
23,18
21,30
50,27
37,16
3,24
16,10
19,26
30,18
44,15
8,9
9,22
31,12
45,10
12,7
26,20
33,24
48,12
4,9
19,28
43,8
31,21
47,19
25,24
28,23
33,10
34,24
8,8
2,4
3,28
9,21
25,5
13,15
49,2
18,9
22,11
18,5
37,22
42,5
23,18
24,10
17,26
25,11
29,19
22,26
3,26
39,20
26,7
26,9
10,9
14,2
29,4
43,9
17,27
38,1
44,27
34,28
26,6
4,24
46,2
13,21
5,28
49,22
42,4
13,17
42,13
41,15
43,22
49,16
1,12
10,15
26,7
31,19
38,16
16,3
49,25
45,15
20,11
18,10
19,2
46,5
24,26
36,9
35,7
29,18
27,5
6,7
17,16
18,5
6,7
20,1
48,3
39,4
6,29
49,20
50,12
46,26
10,3
14,20
45,28
16,24
49,2
44,27
9,28
46,6
18,15
5,21
19,18
0,24
35,25
29,25
19,12
23,24
7,6
14,20
16,29
12,27
8,22
26,28
12,10
5,28
45,16
34,15
27,7
3,2
16,18
16,16
0,27
38,22
29,22
0,27
14,30
33,12
19,17
32,5
2,27
15,26
12,14
38,13
25,22
35,14
37,2
27,6
32,19
47,3
40,15
0,16
7,26
26,10
35,11
26,26
49,10
6,10
45,13
0,8
4,6
48,3
8,24
26,28
38,19
44,9
5,6
6,24
2,26
45,13
28,26
19,20
7,26
35,7
24,27
50,12
17,17
3,19
20,5
39,8
5,15
4,26
40,25
46,21
0,7
27,27
11,23
30,2
15,25
10,4
23,8
22,29
11,6
36,10
45,8
13,2
28,20
25,6
2,11
50,18
25,19
5,6
12,1
27,5
48,7
24,4
25,1
28,26
8,6
26,30
18,7
23,6
25,2
3,28
26,6
3,16
37,13
37,4
3,29
32,5
32,24
3,29
42,4
9,25
9,5
39,21
44,3
46,6
28,3
3,22
7,5
1,16
3,11
5,1
27,11
11,28
28,26
12,22
45,27
38,18
7,23
19,12
13,6
44,6
5,1
12,11
42,14
47,25
36,16
32,24
15,24
11,21
24,26
13,1
10,4
10,13
41,23
41,13
37,7
9,17
21,3
21,29
41,13
31,18
12,17
32,10
2,9
35,19
14,3
38,14
3,18
1,20
43,1
43,11
29,16
37,2
2,19
1,29
2,27
9,12
37,6
34,18
2,1
28,6
44,24
50,27
11,2
49,20
11,29
42,13
2,16
38,8
38,10
9,14
26,22
13,17
42,10
34,30
16,11
28,7
29,15
13,20
23,27
10,28
5,23
2,1
47,11
3,26
35,25
10,5
5,21
6,20
31,25
42,16
30,2
13,25
26,3
26,21
30,16
8,1
29,20
4,8
28,29
7,2
4,13
30,26
32,12
3,15
8,23
35,1
42,12
10,4
38,4
17,23
37,14
12,28
14,15
10,19
38,6
13,20
12,14
42,15
40,9
25,3
13,17
7,11
14,28
20,26
47,24
26,1
37,30
24,11
13,3
12,27
26,27
15,13
8,24
34,28
26,1
28,3
22,28
1,2
13,8
45,27
24,30
19,30
48,14
22,9
38,7
33,4
24,28
15,25
17,24
4,9
15,20
31,29
41,17
34,23
24,8
1,4
14,9
50,1
2,8
11,1
1,21
43,16
11,7
40,25
49,11
22,26
8,18
19,19
19,24
46,14
46,25
6,30
38,27
18,19
27,21
20,30
12,5
14,11
49,18
14,27
12,30
15,25
42,19
6,29
31,11
0,17
43,10
3,21
1,25
23,8
23,9
42,22
31,20
24,13
9,6
32,16
25,7
46,6
10,16
26,1
39,28
40,13
20,27
41,2
49,1
48,12
45,19
25,15
9,4
49,2
2,17
1,6
20,19
18,11
2,8
7,24
27,11
27,15
46,21
7,12
36,5
18,25
2,8
45,19
31,27
37,18
30,28
43,5
43,8
37,9
13,7
15,16
45,28
39,3
4,13
8,25
31,18
24,16
31,4
12,18
17,12
1,14
19,4
33,22
43,30
20,6
22,1
23,18
33,10
34,3
31,24
32,23
20,2
45,2
45,11
17,22
44,7
47,11
18,13
7,22
9,23
32,4
37,16
48,7
12,14
43,18
39,15
47,20
9,8
39,28
25,2
39,6
47,21
30,18
39,8
6,20
39,28
34,5
8,1
1,22
47,29
32,26
2,9
17,4
30,22
46,3
2,19
7,18
3,15
39,18
33,10
22,7
34,23
20,6
50,24
34,5
48,16
17,7
4,6
36,29
5,16
12,28
0,8
27,8
3,6
42,15
10,28
10,11
0,24
49,2
27,8
26,14
32,7
8,9
30,10
20,26
3,26
4,29
41,28
28,6
29,21
0,17
32,28
40,26
28,13
1,25
7,12
20,2
33,1
39,26
34,1
37,2
6,19
22,4
36,25
50,8
3,12
32,11
44,17
42,17
41,17
4,18
15,22
10,21
8,10
25,15
18,20
7,15
27,23
21,20
11,5
21,26
35,23
38,21
0,21
25,19
6,14
40,10
33,28
29,23
32,17
8,26
16,7
18,14
13,22
22,25
35,21
9,2
45,25
3,15
21,2
19,11
1,9
13,17
3,20
17,12
28,2
25,26
15,29
38,7
3,18
26,7
28,7
36,23
17,8
14,3
49,1
10,20
16,12
6,24
32,7
35,5
19,9
28,8
33,12
25,27
8,10
36,8
47,7
47,8
22,29
8,20
24,23
47,10
6,27
7,18
46,6
12,9
26,24
37,16
31,28
18,20
13,1
47,14
9,24
27,12
46,13
11,8
46,23
23,19
30,3
21,21
15,30
26,6
7,5
27,28
0,29
36,19
21,30
4,27
5,22
15,17
11,8
43,14
13,20
50,19
23,29
5,5
9,2
37,24
8,9
7,9
33,18
26,12
6,6
33,7
46,30
10,26
11,17
35,22
45,3
43,16
46,29
2,20
28,17
15,5
46,8
16,10
50,5
15,20
26,30
3,16
46,2
50,7
29,20
13,3
37,29
28,12
33,12
37,28
21,14
46,26
41,19
33,26
29,6
8,8
26,26
33,14
24,1
39,6
10,3
21,3
41,28
13,11
13,22
25,14
28,14
25,19
50,5
10,21
8,24
40,15
24,14
0,17
25,4
29,14
18,26
30,27
4,11
40,12
15,22
31,9
44,21
32,27
5,7
37,5
31,10
9,2
50,4
25,2
42,21
22,11
41,9
36,13
48,3
23,14
11,20
1,8
18,2
50,29
12,7
1,22
5,12
6,19
49,20
35,27
9,19
0,14
9,1
20,26
25,6
8,26
5,4
11,1
21,13
8,4
29,12
42,5
30,18
50,15
31,30
37,29
39,11
42,16
18,26
5,27
7,11
39,18
46,7
33,7
28,25
32,19
8,8
46,17
31,10
0,28
31,21
2,19
36,2
44,18
9,26
27,10
47,26
48,20
26,27
30,12
45,10
31,4
35,18
33,25
22,8
42,23
20,10
34,14
6,28
26,2
38,2
38,28
43,22
35,29
17,4
11,19
21,23
16,19
45,5
21,3
43,23
16,12
39,11
1,16
45,26
33,27
33,24
0,22
2,2
48,18
34,26
3,2
3,9
49,25
47,15
49,6
16,5
12,24
48,28
25,2
24,15
33,18
18,5
34,2
42,7
46,18
2,27
9,23
42,18
10,4
30,28
16,14
22,25
10,16
19,4
17,4
47,15
43,3
36,14
31,13
28,21
34,8
7,12
48,13
5,25
49,10
43,17
39,9
35,6
15,30
20,28
37,30
4,11
43,3
47,16
16,7
24,2
35,7
2,24
17,17
43,25
10,16
46,8
0,2
25,26
22,5
16,25
20,14
23,13
4,1
16,16
19,22
20,10
13,28
48,30
32,1
25,27
0,5
46,22
21,9
34,2
44,21
44,10
31,26
36,15
5,27
34,22
1,6
25,28
48,17
28,8
21,21
27,27
11,27
13,28
16,10
48,7
32,28
46,15
21,11
21,7
27,21
13,8
28,8
20,2
22,13
8,25
49,20
0,3
0,2
2,28
31,18
47,4
35,20
4,3
1,9
8,15
32,20
34,16
30,9
15,28
34,22
10,17
19,22
5,10
8,25
36,24
13,13
31,29
38,2
24,2
41,17
0,2
25,23
12,27
20,23
14,18
11,2
31,25
1,27
31,30
19,11
35,18
22,30
40,25
27,2
44,6
22,29
49,15
50,24
18,29
5,2
33,11
17,1
41,10
40,22
8,18
31,23
47,16
43,4
31,11
20,15
28,29
47,21
12,22
28,15
43,18
41,4
47,22
48,18
25,8
18,25
30,19
39,6
50,3
46,19
10,7
39,11
15,6
26,14
7,15
46,26
20,3
2,10
15,20
33,19
29,15
38,23
38,11
37,27
3,5
27,21
39,30
47,8
12,20
28,5
13,10
3,10
48,7
38,25
26,15
28,23
31,14
37,22
19,23
20,2
27,28
39,16
29,19
33,18
5,18
34,24
22,18
41,3
42,6
37,14
17,29
49,1
31,20
27,13
43,5
23,12
26,1
8,18
47,3
31,3
38,7
25,12
27,18
11,20
13,26
32,30
9,2
39,10
12,21
23,17
44,28
21,20
10,7
48,27
14,7
11,25
31,28
11,27
36,29
18,25
28,30
42,15
3,8
6,18
5,5
24,29
45,4
46,28
45,13
36,21
13,22
6,22
20,1
22,3
5,26
15,4
32,10
48,20
20,19
37,16
50,29
3,11
19,23
50,14
11,9
16,24
14,30
15,7
35,8
32,29
44,18
3,21
18,1
8,1
42,6
3,26
19,8
17,17
22,10
10,30
28,7
12,18
13,5
43,17
7,12
17,5
16,26
22,14
24,5
24,27
16,10
28,25
21,29
14,1
21,19
36,18
41,9
23,30
13,9
22,23
34,14
27,16
35,30
30,10
14,6
36,23
40,29
19,9
5,27
10,27
23,7
49,29
36,30
35,20
36,25
16,12
5,22
18,27
6,27
2,16
13,29
35,17
39,15
20,16
7,12
19,27
17,6
48,25
38,7
18,20
48,9
42,4
47,2
9,6
36,5
4,20
4,6
3,26
20,6
0,1
14,4
3,23
17,12
47,6
34,20
5,22
48,13
23,24
17,24
22,10
0,9
16,2
22,15
50,19
16,18
33,12
24,28
18,3
36,11
33,25
2,17
25,11
48,12
47,14
32,19
28,29
31,4
50,6
40,26
1,23
24,24
37,1
15,4
10,22
8,3
14,28
40,15
39,23
42,28
49,8
4,10
12,10
26,19
29,1
32,6
28,18
35,28
11,6
41,25
30,30
11,6
40,18
2,2
29,18
9,22
7,20
31,9
44,18
43,25
2,30
43,9
40,11
38,29
22,22
44,1
21,11
10,18
37,18
4,24
2,7
21,25
44,23
40,24
39,30
36,17
4,23
43,6
16,2
21,19
35,25
44,7
36,30
41,4
37,9
22,3
0,30
15,11
40,25
36,9
48,22
19,21
18,27
39,4
21,29
8,8
7,3
35,7
25,12
41,21
8,9
22,2
49,23
8,21
31,15
15,21
34,18
14,20
29,10
39,29
42,18
31,27
49,10
29,16
30,10
40,21
4,7
41,20
48,25
38,23
20,15
13,3
30,14
13,25
39,26
20,7
5,22
36,23
17,10
21,3
24,22
16,5
33,28
18,7
42,19
40,1
50,8
41,6
20,22
7,28
29,23
12,16
22,18
29,1
0,23
50,22
7,18
40,6
47,24
21,22
18,30
23,6
44,6
24,16
49,29
34,4
21,27
28,17
4,17
21,28
19,8
27,8
28,9
41,28
12,24
32,15
6,18
22,19
39,19
44,20
24,7
7,25
26,5
26,6
12,5
22,18
25,3
24,20
23,21
41,20
3,6
19,29
42,21
35,6
39,15
21,7
15,12
45,15
40,2
40,9
22,9
38,4
23,18
15,7
45,15
46,6
12,3
30,10
49,29
43,18
19,24
48,25
18,9
2,29
13,2
40,22
41,13
30,3
41,2
40,6
38,4
7,21
19,25
45,16
49,4
5,23
28,4
28,30
29,28
15,14
17,29
35,21
16,21
4,8
41,18
0,24
21,9
29,25
22,6
35,30
11,5
45,7
38,2
12,1
19,5
11,23
22,3
35,30
8,14
6,1
7,23
48,8
10,10
28,2
4,1
24,23
7,20
18,28
26,3
45,5
10,18
7,13
5,22
7,23
31,25
16,7
5,12
44,19
24,12
20,21
47,14
35,5
3,18
15,14
20,4
40,7
17,15
41,8
43,25
24,12
19,21
2,5
34,19
11,20
9,8
45,21
9,11
22,29
16,2
21,5
44,23
25,26
45,20
9,16
50,10
37,18
35,7
26,30
9,16
0,15
44,29
49,23
19,25
5,29
36,25
2,17
6,7
41,8
17,22
47,19
44,4
43,25
10,20
27,18
12,25
13,28
49,6
22,11
44,19
39,11
22,5
27,28
26,20
22,24
17,10
32,23
9,14
38,16
44,24
25,26
0,1
39,7
24,24
8,28
25,14
22,1
26,4
48,20
20,6
49,23
36,22
29,17
27,7
25,9
21,23
45,24
50,25
19,10
44,27
29,28
22,8
0,15
4,11
14,17
21,13
0,1
48,8
40,11
20,19
25,13
10,30
25,19
2,7
11,17
41,30
0,19
32,4
27,8
7,5
36,24
34,7
43,27
22,14
36,14
5,27
0,10
18,7
37,15
23,25
45,13
4,11
35,1
7,15
25,5
40,1
48,27
13,7
34,2
50,2
23,12
14,21
15,24
31,15
45,7
12,30
39,29
42,9
20,14
22,3
25,3
4,27
1,22
21,6
21,30
19,14
18,24
23,13
5,8
18,20
6,30
22,4
45,26
4,14
45,18
42,20
9,16
31,9
15,27
1,4
12,24
24,6
14,3
33,20
44,12
19,6
13,27
3,29
48,12
24,10
49,26
41,5
38,26
40,6
43,6
32,13
3,11
22,7
27,10
49,13
33,28
45,18
24,4
5,23
13,18
26,5
15,1
33,28
41,22
19,27
28,19
37,23
9,29
41,28
17,10
6,12
20,14
4,15
22,10
38,4
24,14
40,18
45,23
4,6
30,3
26,8
34,21
16,22
45,17
47,4
49,15
39,28
14,7
42,21
31,21
12,22
38,4
39,1
5,6
26,25
17,6
9,14
4,18
5,24
49,20
30,10
7,10
7,14
50,2
26,11
1,22
19,20
38,18
2,29
34,12
3,21
7,2
25,16
50,11
47,24
25,23
37,2
41,4
34,2
43,28
10,24
46,18
13,15
50,28
37,14
33,25
11,23
46,4
19,2
29,1
34,9
19,10
19,11
27,27
34,6
7,25
24,9
38,7
50,7
20,20
38,14
16,12
35,22
10,19
19,13
40,29
31,18
49,18
36,4
18,16
1,26
13,25
22,10
6,26
40,8
45,15
40,30
42,2
12,23
11,20
3,16
8,12
41,20
7,19
1,4
18,4
5,17
1,19
25,3
0,7
17,2
24,21
43,24
42,7
3,11
15,19
14,17
11,15
40,20
7,14
20,12
17,18
42,7
19,4
45,20
7,12
41,25
40,21
12,21
47,11
3,29
27,21
33,13
46,12
28,10
5,8
45,16
22,21
41,28
21,13
37,20
14,28
44,27
22,27
44,9
8,16
49,3
38,23
7,18
14,2
5,27
37,29
38,26
11,25
47,28
28,20
42,20
20,4
34,7
4,30
50,17
4,22
43,2
20,13
16,16
40,23
6,15
27,18
42,12
29,18
15,15
17,18
41,23
26,1
33,8
27,23
25,25
33,22
11,14
29,30
0,10
7,5
46,5
29,12
16,17
27,7
26,25
22,24
3,18
33,17
43,7
45,27
13,24
8,12
36,28
6,14
29,6
17,1
42,11
3,13
12,27
36,9
22,19
3,27
2,16
28,22
23,10
19,14
7,15
25,3
13,6
46,4
6,8
34,4
26,6
49,5
23,30
14,23
8,9
36,22
21,11
12,11
32,22
42,11
47,9
14,28
15,18
39,1
28,24
28,8
19,9
39,9
5,21
33,28
42,18
19,8
20,13
44,22
38,13
13,29
46,30
46,18
46,13
6,1
14,9
47,12
31,6
17,9
45,7
36,22
47,9
23,26
39,9
50,23
28,2
31,25
1,27
33,18
9,3
17,19
37,24
19,10
4,29
42,25
37,17
18,2
2,15
20,22
42,29
38,20
32,29
42,12
37,9
34,5
27,23
45,3
6,6
20,7
11,16
16,28
23,4
42,13
0,2
47,17
35,20
29,7
29,3
29,21
17,24
15,26
50,30
5,15
41,9
5,25
6,3
2,14
22,15
23,18
43,23
37,17
22,19
44,13
18,30
42,10
32,11
29,22
33,10
16,22
44,21
12,15
12,28
43,9
25,12
27,11
31,13
43,5
49,8
38,14
49,25
20,22
9,17
49,25
14,12
20,30
44,22
14,13
49,30
47,6
25,27
35,15
29,17
26,15
18,25
41,6
11,7
18,22
41,2
18,21
24,29
0,7
4,12
32,15
47,29
50,8
40,17
32,24
42,5
26,29
39,5
23,12
27,2
21,30
29,25
7,12
6,23
5,6
0,22
13,19
9,8
33,22
47,17
14,29
9,25
27,11
48,17
32,18
32,21
47,13
38,30
14,24
37,10
49,28
16,30
3,3
36,7
7,14
26,5
11,18
4,12
22,10
6,19
40,23
9,10
39,16
2,25
13,24
28,21
28,20
12,13
13,11
4,1
26,4
41,21
33,30
42,4
20,10
4,7
4,18
37,18
45,12
6,19
34,12
39,13
8,25
46,13
31,30
24,22
39,23
9,15
11,21
16,1
43,22
42,18
13,16
33,1
19,2
2,15
6,17
38,3
18,14
17,23
12,15
46,15
5,19
49,22
30,29
34,15
13,8
50,1
21,2
16,6
39,9
28,7
45,27
11,1
39,4
4,9
25,13
19,6
46,1
39,4
30,16
44,4
23,29
29,6
33,14
15,7
5,19
1,20
2,8
4,15
6,5
40,10
4,6
40,15
43,11
33,2
8,2
16,20
42,28
11,25
40,13
18,19
32,5
5,23
21,2
38,3
14,13
30,8
28,14
46,22
31,18
50,5
34,13
10,12
20,15
8,6
20,5
12,5
37,12
5,1
5,23
8,16
24,17
25,18
11,20
42,30
4,3
41,18
26,16
45,30
16,16
29,21
29,30
49,4
45,17
24,28
13,6
20,6
34,5
23,25
27,30
41,8
45,26
18,28
21,20
11,17
49,1
6,13
16,23
50,22
13,23
33,4
0,15
49,25
42,12
41,11
8,3
10,1
35,17
27,22
45,23
28,27
19,6
16,28
5,29
0,27
36,3
37,29
39,21
11,30
36,29
12,2
47,13
20,24
30,6
20,21
21,6
7,28
19,10
26,27
27,28
35,20
6,7
45,19
19,25
1,22
48,24
44,26
31,9
12,3
25,19
11,10
24,13
31,24
2,18
39,18
35,24
13,8
18,8
35,2
30,29
40,18
26,18
28,18
9,7
39,30
41,17
13,9
18,4
14,11
30,29
44,5
24,12
4,19
48,7
15,20
30,20
43,7
8,15
1,28
17,7
7,11
38,24
4,15
14,5
7,20
14,4
38,28
43,9
23,10
33,26
49,7
3,24
6,29
15,3
35,12
42,19
4,28
18,17
46,14
21,12
16,25
37,26
39,7
13,2
3,20
35,25
25,27
38,12
30,23
39,22
11,1
42,24
25,19
15,27
45,11
3,3
33,6
7,26
46,3
19,1
33,4
43,2
24,10
37,9
14,30
7,8
14,19
16,22
5,16
47,9
21,4
16,20
4,11
32,27
5,26
2,17
6,4
4,24
27,29
47,17
2,9
44,17
42,21
37,9
21,14
29,18
28,19
1,25
25,29
15,15
18,26
26,3
41,5
43,9
24,16
12,12
9,4
44,1
23,21
24,28
37,5
14,2
10,2
16,23
1,17
35,2
44,17
40,23
11,17
42,24
35,15
27,1
35,6
31,15
42,20
27,11
31,15
1,24
29,8
9,23
36,23
50,16
9,29
10,15
1,7
11,5
47,1
25,23
16,28
43,4
30,20
23,22
2,24
25,12
21,22
49,20
10,11
37,10
23,26
36,17
35,26
14,22
34,21
50,28
6,2
42,6
26,6
30,14
3,29
48,17
1,19
12,17
39,26
2,15
49,22
28,4
4,12
3,19
47,19
29,6
2,19
38,6
21,6
14,24
4,3
11,10
9,12
12,2
44,9
22,7
25,29
3,22
31,19
44,9
5,22
42,8
49,2
23,6
13,9
8,27
18,4
21,3
8,26
10,19
41,30
3,23
18,18
39,14
1,5
29,26
20,1
6,20
2,20
16,12
22,10
29,14
34,6
26,20
46,9
6,1
8,21
17,26
15,6
0,26
9,3
15,27
5,27
6,21
9,27
6,18
38,27
4,16
4,6
44,10
40,1
4,16
47,24
18,5
24,8
48,9
41,24
34,17
36,26
12,22
9,24
8,6
23,14
37,10
41,10
14,11
3,5
22,14
49,18
44,2
37,28
1,22
1,27
42,12
43,23
40,15
27,3
38,22
33,22
40,15
25,24
12,6
23,12
24,10
6,25
34,6
8,19
19,17
14,24
38,4
19,29
18,12
49,25
15,15
47,4
43,14
36,17
5,1
21,22
16,20
21,18
33,1
31,15
48,3
3,29
22,23
13,2
0,29
38,8
11,28
15,9
25,23
25,3
1,6
48,4
3,20
16,6
32,2
7,8
18,10
2,5
19,9
22,6
26,22
26,2
3,16
44,18
22,27
24,23
17,18
20,26
14,28
25,16
3,9
4,21
23,24
46,13
16,8
22,28
2,6
24,16
16,3
42,16
0,23
50,5
26,3
46,23
21,20
44,16
4,21
47,27
15,26
38,15
35,14
21,17
43,20
42,27
32,4
28,29
16,4
19,26
5,1
6,22
46,3
40,2
14,10
47,8
7,1
18,25
9,10
34,9
12,30
45,17
23,17
42,11
37,30
1,13
33,22
24,6
3,14
39,26
30,30
6,28
20,11
47,11
9,15
18,28
3,1
20,25
29,24
39,15
6,4
49,3
44,13
13,24
42,22
3,16
18,28
11,14
15,21
29,4
11,10
19,24
26,26
36,13
37,4
30,30
0,28
14,3
2,27
44,11
35,30
20,3
31,13
40,17
20,27
45,15
36,14
12,9
4,4
36,29
8,7
5,3
11,3
36,19
9,7
22,7
22,8
15,18
13,17
49,22
11,15
2,12
39,28
48,6
28,28
25,7
43,5
38,10
13,11
8,3
11,2
9,16
41,27
14,3
7,6
22,11
16,8
41,30
50,2
40,12
32,3
46,5
9,6
16,14
50,14
20,2
1,1
33,26
16,14
46,21
44,3
6,22
25,11
19,29
33,6
21,25
32,28
46,19
27,10
45,10
33,22
19,17
44,26
39,1
26,23
9,11
34,27
23,27
31,24
47,26
18,6
6,7
6,21
32,1
28,1
0,5
22,26
17,8
33,25
4,29
43,21
23,18
28,11
16,10
24,16
6,2
10,25
31,13
47,17
42,17
14,29
3,3
38,9
9,26
0,19
32,4
31,10
19,30
41,4
2,1
34,12
3,7
13,22
3,16
46,12
6,25
13,1
5,11
13,16
13,3
40,8
5,5
42,29
10,7
10,5
3,10
14,28
12,19
10,13
19,17
39,21
39,25
45,14
12,24
2,5
28,2
36,15
28,5
26,4
47,2
1,28
49,1
5,7
37,16
31,12
20,10
0,27
8,8
11,2
5,25
29,25
43,5
41,15
24,1
14,9
23,17
40,18
16,11
38,29
13,21
24,12
42,11
7,17
28,20
10,21
43,19
22,25
20,1
48,27
34,18
38,8
10,29
39,7
48,7
13,30
22,18
2,29
5,8
33,20
34,11
8,13
19,13
20,29
17,15
2,12
27,8
2,16
22,7
39,5
45,26
16,20
37,30
38,23
28,8
39,9
26,19
20,6
5,30
27,4
38,30
43,7
6,29
34,24
16,1
8,8
17,21
34,25
37,20
49,30
22,29
18,14
50,25
34,23
14,12
17,22
43,19
12,15
26,28
7,25
17,10
22,2
23,24
2,28
8,1
18,9
9,17
22,17
21,14
19,29
15,21
38,20
22,7
46,7
31,11
14,2
45,26
4,29
19,13
39,7
19,2
19,26
5,21
0,6
8,25
0,6
35,11
32,28
2,18
44,16
43,6
3,26
8,22
2,16
39,14
46,22
18,14
33,16
14,13
8,14
38,6
5,27
43,30
40,10
39,1
46,21
5,26
11,20
6,15
48,25
14,30
48,24
23,27
33,22
33,11
39,25
35,19
12,23
10,17
20,27
33,24
48,7
7,23
50,1
10,29
11,1
5,1
28,25
34,5
22,20
8,2
47,11
19,13
27,20
26,22
16,8
50,28
40,24
13,23
32,3
9,7
47,10
31,24
36,13
11,9
13,17
30,13
45,9
3,22
25,3
32,3
24,7
22,18
31,5
2,2
12,24
12,10
46,29
28,23
39,1
0,24
28,9
24,19
29,15
29,20
46,15
32,6
29,18
45,8
40,26
27,10
22,15
11,12
48,14
15,14
29,16
30,9
21,21
17,30
18,3
21,18
13,17
9,16
17,14
48,17
17,21
13,9
24,18
32,21
9,11
20,17
29,8
39,30
19,27
10,3
22,9
8,13
10,24
45,29
30,29
8,14
30,12
0,10
14,12
14,6
47,3
50,23
14,26
26,21
23,13
43,9
37,10
47,2
16,1
3,25
35,22
15,7
42,21
10,20
45,15
11,16
24,7
29,13
37,26
14,12
1,25
12,2
28,30
42,23
17,2
5,24
17,18
11,25
12,19
22,2
8,14
34,16
9,30
19,24
27,1
36,24
47,26
28,17
31,5
2,5
0,23
34,18
50,11
32,14
31,13
46,19
34,7
14,26
8,25
10,18
13,18
12,11
32,20
21,30
39,15
12,16
29,27
1,24
39,8
23,11
0,1
18,4
10,29
18,29
29,4
49,24
27,3
25,16
43,30
0,21
28,4
0,6
5,21
7,23
17,8
11,24
20,9
44,21
28,23
18,13
22,12
44,26
37,24
5,10
4,17
15,24
34,26
14,4
14,24
15,22
31,6
47,8
34,19
41,19
14,14
47,26
2,28
14,20
5,8
35,23
40,4
41,17
49,15
48,13
18,4
39,3
35,5
9,20
27,21
37,10
43,18
13,29
19,16
29,20
41,14
11,11
21,13
48,6
10,24
50,12
21,12
38,1
48,23
13,14
44,23
23,4
35,2
13,17
14,13
5,3
32,9
27,28
26,21
6,26
48,17
23,30
32,24
22,9
38,26
42,2
44,23
11,2
42,29
10,13
32,26
2,18
27,8
16,13
31,30
24,24
3,12
5,21
9,11
44,1
38,7
4,23
30,15
30,14
16,15
40,11
37,2
40,14
11,17
16,12
22,7
49,4
41,30
17,28
10,17
50,20
8,8
6,3
0,8
35,17
46,27
0,26
22,20
32,11
31,12
29,9
31,30
3,10
49,7
46,3
34,24
37,29
42,1
15,25
3,14
24,18
23,12
6,17
36,4
29,12
18,1
26,2
43,16
0,23
11,1
25,9
45,27
19,13
30,20
2,7
40,8
40,30
3,23
19,16
40,17
43,27
37,7
6,17
27,3
22,23
12,24
4,3
11,20
45,1
3,9
25,21
26,29
33,18
8,22
8,24
48,18
36,3
45,9
16,27
41,9
2,27
37,16
12,11
15,7
1,4
31,5
12,10
43,25
50,1
33,12
41,5
36,7
31,19
29,18
40,4
50,9
38,17
16,1
23,9
41,20
43,1
46,19
2,21
23,13
32,6
11,7
27,10
11,5
47,16
3,1
14,25
1,25
36,4
17,8
21,8
49,19
15,26
36,29
5,9
8,18
23,17
17,8
21,7
1,18
50,26
8,18
7,5
33,9
13,18
35,12
40,26
41,9
6,30
18,16
50,16
27,10
39,1
47,12
41,6
5,27
47,25
47,5
12,27
46,28
35,30
41,5
0,5
41,7
11,23
5,9
26,30
34,8
16,28
15,30
15,30
24,1
39,8
29,24
31,17
31,10
45,1
42,9
9,20
19,19
34,23
41,12
40,2
43,25
18,18
43,25
43,16
20,17
2,1
41,26
23,16
22,19
38,7
31,4
7,11
27,23
35,5
6,4
42,11
36,21
45,3
25,13
44,16
13,4
16,10
18,19
19,9
6,9
40,5
50,14
28,29
8,18
25,7
25,18
4,25
32,11
36,17
32,11
36,25
41,9
24,15
48,25
41,27
24,29
2,22
32,27
27,3
12,1
28,15
38,11
23,4
22,13
16,27
24,7
34,11
16,20
18,24
38,5
2,22
49,11
49,4
14,14
21,28
5,3
17,16
46,16
5,9
33,3
43,19
5,22
11,29
24,30
14,2
35,8
33,3
11,28
48,9
9,16
19,29
39,28
15,15
34,22
30,20
31,28
50,8
44,3
36,19
3,15
23,19
18,14
43,27
6,21
10,13
22,23
10,14
39,16
30,7
40,14
28,22
21,14
28,4
23,30
46,17
17,15
16,11
30,15
11,3
39,22
4,27
37,10
42,6
18,10
6,1
19,25
18,14
27,26
16,7
41,17
26,16
32,25
9,21
7,4
22,20
4,25
41,26
43,13
38,16
0,21
28,14
30,5
11,10
16,8
2,5
44,18
45,15
26,16
30,27
28,9
13,13
42,2
0,10
14,13
23,22
50,11
1,19
46,29
45,10
38,8
4,16
19,18
36,8
35,24
41,5
45,23
17,14
14,1
49,8
32,13
23,9
34,25
39,19
31,20
13,11
32,6
18,16
48,14
47,26
12,13
20,30
37,19
47,9
19,20
30,12
14,9
36,25
48,12
9,16
5,26
34,16
9,12
7,7
27,10
42,11
11,3
13,3
0,30
23,20
40,29
47,21
37,4
36,9
40,15
17,2
14,25
47,1
4,21
39,21
46,25
48,26
32,24
16,15
0,11
9,26
44,1
49,18
50,21
4,16
43,8
38,22
14,14
32,8
0,1
17,16
42,21
24,27
36,29
13,29
24,13
13,18
14,28
43,6
17,7
7,27
18,15
8,22
19,10
49,28
49,29
12,12
27,6
5,28
34,10
22,4
4,28
2,21
23,27
16,2
19,1
18,3
6,2
12,29
35,17
27,30
13,24
21,8
14,6
0,15
36,21
23,10
7,13
10,16
22,14
12,10
11,21
24,5
8,20
14,18
42,20
41,14
0,22
37,23
9,5
31,11
41,10
10,27
23,25
39,4
17,18
2,16
37,24
18,21
18,6
22,22
24,26
36,3
20,20
35,14
12,15
37,7
8,2
34,17
3,28
41,20
35,4
38,21
13,3
20,27
43,10
35,29
11,22
21,18
2,2
6,3
50,24
13,3
39,26
43,19
31,22
13,24
13,30
47,24
3,3
42,12
49,24
43,5
19,17
3,4
7,2
21,18
45,12
38,7
37,11
23,10
45,27
47,5
8,29
31,25
21,8
3,27
2,17
7,21
5,6
32,12
20,28
11,8
15,7
18,11
41,11
47,28
23,12
11,11
46,17
29,1
25,22
35,13
35,3
36,13
0,27
34,12
17,22
11,10
30,11
13,16
4,7
37,20
44,13
3,25
16,2
3,17
33,3
12,28
4,16
14,3
13,15
46,30
8,8
24,3
21,1
20,3
30,24
8,8
38,25
2,22
1,3
27,9
37,11
41,21
1,18
42,9
44,24
39,4
1,7
8,30
24,26
28,17
17,4
10,8
19,18
36,29
17,7
49,29
16,12
50,30
1,3
7,17
29,20
50,25
0,21
40,13
4,1
11,7
35,20
31,24
49,8
21,3
20,8
8,22
26,22
18,24
22,18
9,26
6,10
8,13
6,15
13,7
24,18
18,12
12,8
46,21
28,9
36,10
3,2
36,16
17,3
48,7
3,19
29,7
9,5
43,19
4,7
3,28
38,5
1,14
48,24
1,7
49,24
43,19
43,29
37,27
4,21
9,10
5,28
31,13
25,1
34,18
31,21
44,8
8,16
7,11
7,18
8,18
10,3
49,26
25,3
20,13
39,18
21,18
44,27
38,2
1,5
22,9
20,22
21,18
15,27
18,9
49,18
30,27
27,26
4,8
25,13
39,27
2,25
25,16
28,3
11,4
50,3
50,22
11,21
48,29
19,25
5,12
10,5
12,13
23,11
47,9
1,12
37,23
27,26
29,28
16,20
1,5
7,16
4,5
24,24
32,6
24,24
49,10
16,12
46,11
28,12
43,1
38,2
22,2
16,19
45,19
32,22
50,6
10,13
3,23
33,3
22,16
28,9
39,17
23,3
31,14
40,22
7,3
33,4
32,7
35,15
40,7
35,22
12,30
37,16
15,10
8,10
8,19
27,19
46,1
9,3
39,24
12,9
46,20
38,14
0,16
27,26
31,24
6,4
9,20
5,19
46,2
5,1
11,1
11,27
33,1
27,8
18,28
19,14
29,10
42,8
11,28
7,25
22,11
40,18
18,5
16,4
11,14
44,24
32,17
15,4
24,17
31,6
1,30
0,20
36,21
16,7
37,7
43,24
35,27
49,23
46,10
14,27
8,19
20,1
5,8
1,23
10,13
40,26
25,29
41,10
33,4
9,14
50,18
14,25
1,9
48,9
44,23
44,24
29,12
23,2
45,19
0,2
5,8
28,20
29,12
1,27
33,16
18,20
47,5
22,8
3,5
47,20
30,25
21,1
24,27
2,9
35,24
10,19
7,5
31,14
5,25
16,28
10,25
37,11
1,12
30,22
25,13
24,2
31,24
23,10
30,9
39,30
37,27
10,21
50,23
4,12
12,14
26,9
25,30
15,16
30,15
4,20
1,18
34,25
28,10
19,12
14,30
11,18
25,30
46,15
37,6
28,2
38,28
49,23
23,11
20,8
0,23
5,3
14,1
26,7
14,8
29,22
32,18
31,8
50,18
44,8
8,24
7,17
24,16
31,12
33,19
43,23
40,10
29,4
41,2
27,6
41,11
42,24
20,17
27,19
0,5
10,22
2,22
23,8
19,17
40,9
7,17
10,14
50,21
40,6
19,5
47,5
30,10
36,26
2,6
33,22
27,14
25,4
4,8
24,7
42,11
6,16
43,16
16,15
16,23
38,30
8,18
16,19
41,3
3,12
38,18
31,8
6,10
5,8
34,17
1,3
4,29
44,19
6,8
28,28
43,8
18,13
3,26
34,25
19,1
43,3
21,12
42,23
30,3
50,6
38,22
16,20
13,30
27,20
13,25
5,25
34,26
46,12
4,18
30,18
31,22
49,5
40,18
17,18
36,14
25,2
44,20
41,24
31,1
43,27
23,23
1,11
34,10
1,20
2,6
8,22
40,30
36,20
37,5
45,14
26,7
8,13
45,28
36,2
28,9
48,9
49,5
44,26
48,27
2,5
19,2
0,10
18,3
1,26
33,16
36,17
37,29
20,8
33,4
20,29
32,24
24,6
4,14
34,12
18,28
33,8
41,2
4,26
22,7
50,26
14,20
11,17
29,14
42,28
8,17
21,25
21,25
45,24
7,22
19,6
22,11
13,22
47,29
5,1
11,17
22,3
32,27
13,22
21,11
20,5
17,7
29,29
4,12
47,2
21,1
8,30
2,5
2,28
40,17
6,8
13,17
22,26
38,15
41,20
42,2
12,25
44,5
44,10
17,6
7,3
8,7
45,5
45,22
37,22
12,15
32,21
2,16
35,14
5,23
22,30
32,2
25,6
37,13
41,18
44,15
49,21
17,15
46,9
30,21
34,11
13,19
6,2
9,1
38,23
8,16
23,5
34,24
28,25
5,7
14,2
0,16
16,23
4,16
12,7
44,13
7,18
12,8
37,30
33,27
27,22
1,19
0,29
19,9
6,15
9,11
48,18
34,14
28,19
39,7
38,27
14,27
18,10
21,30
50,23
50,12
25,21
40,16
45,16
34,23
6,17
12,19
8,4
7,11
10,13
49,20
14,23
7,19
45,11
7,23
30,19
23,28
2,7
18,9
1,21
26,18
25,30
22,28
5,1
2,29
38,22
33,17
21,18
33,24
25,13
49,15
32,18
36,14
15,30
12,26
38,9
37,26
25,2
23,8
35,1
33,18
14,27
17,14
23,26
25,12
3,9
20,14
40,24
15,21
3,25
9,8
19,24
29,30
36,30
36,18
4,9
13,12
0,27
30,12
47,21
29,17
35,13
2,9
12,9
26,3
0,2
11,7
12,20
27,5
9,5
23,21
41,19
1,1
38,12
50,20
36,30
39,16
43,11
0,13
48,6
40,4
28,13
29,5
48,16
43,5
46,14
2,23
9,12
27,17
26,20
21,14
28,22
48,18
15,1
17,18
16,29
5,25
20,22
43,18
6,13
15,26
40,20
49,13
24,6
36,19
47,9
13,6
25,20
43,28
7,11
40,27
31,13
26,23
15,20
46,15
40,28
14,15
3,25
21,17
35,18
31,24
29,4
35,24
46,30
8,6
2,30
16,3
41,11
48,21
12,25
19,2
30,4
43,3
7,19
11,28
41,23
14,22
42,25
24,12
9,28
25,15
24,29
35,24
34,6
21,20
46,19
21,19
49,10
45,28
32,12
2,29
2,2
11,24
21,27
36,12
29,7
43,10
10,29
26,7
40,14
1,29
49,6
31,8
27,18
42,30
17,6
38,6
47,18
20,5
41,5
19,2
40,21
10,7
10,9
18,3
29,11
50,1
25,27
15,21
38,22
3,27
20,15
1,19
21,25
16,9
25,12
40,5
27,14
19,12
24,8
30,5
46,29
33,5
5,27
23,16
31,2
34,25
32,4
7,16
50,26
50,2
16,4
49,29
29,25
49,3
49,17
50,29
50,23
42,2
6,30
27,9
19,23
31,25
43,9
19,23
18,26
20,4
13,20
31,17
8,26
21,24
0,1
17,1
50,20
40,30
28,5
50,16
30,3
49,29
36,26
4,30
13,23
18,15
17,4
11,26
42,16
49,14
15,6
19,25
17,1
17,28
39,26
19,23
39,21
22,20
3,21
49,25
21,5
40,24
38,18
38,6
26,27
20,13
7,17
13,5
9,17
3,28
0,14
22,11
25,6
26,23
9,27
15,22
7,23
28,14
36,12
12,21
22,21
14,24
49,7
30,11
43,24
29,6
8,25
36,22
6,9
4,2
4,22
27,27
34,13
27,30
2,21
34,7
22,23
10,6
50,5
40,16
8,4
39,14
50,26
36,1
36,7
49,13
23,21
0,7
34,26
40,1
33,20
39,17
50,9
22,12
7,6
40,1
34,23
33,8
23,18
0,22
30,24
41,6
18,12
4,4
29,13
31,28
48,17
1,13
0,15
9,26
27,26
29,1
43,6
15,14
13,19
43,18
31,14
42,17
3,30
5,16
6,4
35,5
18,13
9,27
14,26
18,13
27,16
26,2
38,11
13,17
27,3
49,26
32,20
11,8
38,2
2,16
13,22
37,9
41,26
17,29
25,14
41,13
28,16
48,29
31,30
18,1
50,24
44,5
7,28
44,27
27,11
27,1
49,1
48,26
17,21
42,3
21,28
47,18
32,12
42,24
26,3
24,9
28,22
2,21
10,17
34,24
12,19
4,24
2,4
13,28
18,15
38,10
38,29
25,29
45,15
16,8
30,13
18,26
49,4
20,14
12,20
33,28
42,20
19,30
16,23
40,28
6,15
1,25
25,24
20,20
8,29
23,14
3,29
7,4
43,30
37,9
5,17
39,24
23,12
34,27
30,12
32,15
34,23
44,13
7,26
34,22
0,25
49,20
45,18
35,25
14,2
33,19
22,19
48,18
19,23
8,27
27,12
28,13
1,9
9,20
49,25
45,4
36,26
14,7
1,18
45,1
24,20
22,21
17,7
32,1
17,5
10,3
30,9
2,11
7,2
34,15
11,24
12,27
47,19
37,29
35,6
13,15
20,20
44,19
23,15
9,15
29,29
33,26
40,16
28,18
34,7
8,7
17,21
5,14
8,10
20,3
2,7
40,3
6,26
35,26
42,4
42,22
25,14
35,21
5,19
39,2
24,28
30,22
32,9
47,13
47,23
20,28
15,1
2,15
3,20
7,22
50,1
22,27
47,27
49,18
5,9
25,30
35,6
20,13
7,18
44,30
14,26
42,21
7,28
15,30
30,16
26,13
40,28
18,30
42,20
31,12
36,18
33,16
11,27
6,28
33,16
17,17
17,23
11,14
2,26
6,26
15,18
3,14
40,25
38,22
32,11
42,5
6,6
2,2
40,14
40,19
26,18
15,26
8,22
42,27
17,18
44,15
12,6
35,13
40,9
38,9
43,19
6,13
8,28
31,20
31,4
40,11
37,8
1,17
9,14
1,1
25,11
20,24
50,28
42,11
40,15
4,22
16,20
16,19
49,12
45,3
39,22
37,23
32,12
42,4
5,14
12,23
30,19
39,2
43,29
14,23
11,11
31,26
20,21
40,20
22,20
48,21
30,2
27,13
50,19
33,29
1,17
5,18
1,28
50,2
13,2
32,19
5,7
16,16
15,3
3,17
6,2
11,16
31,25
46,9
4,10
21,10
15,29
11,27
46,24
27,23
40,8
38,20
47,7
9,28
12,5
8,4
35,1
22,27
31,19
18,29
47,7
4,18
29,24
20,6
4,11
18,14
9,23
38,27
50,13
3,9
45,11
34,2
28,4
0,12
40,25
24,10
38,13
22,20
39,1
38,30
22,7
50,16
50,4
28,30
33,24
0,9
44,9
14,18
25,6
14,20
40,24
10,25
24,20
0,26
16,12
27,23
5,5
32,17
17,29
8,2
2,28
34,1
41,3
42,15
49,27
28,22
14,28
28,6
34,1
24,5
40,26
44,18
1,1
27,28
35,19
30,6
29,5
33,26
21,24
34,6
3,19
5,1
16,23
3,7
13,24
13,25
46,8
19,30
50,17
1,26
37,6
6,8
3,7
6,24
34,24
42,6
44,22
31,29
4,2
6,8
16,6
33,24
12,30
3,21
2,5
34,12
31,8
27,28
2,28
36,14
30,26
4,24
41,5
49,3
5,18
14,3
1,4
9,18
43,23
30,3
46,3
14,16
31,27
3,20
16,11
29,20
10,4
36,1
27,7
40,10
13,18
11,25
45,15
38,8
11,11
44,28
47,6
2,1
11,17
39,24
21,22
7,18
7,3
49,18
47,20
35,22
38,26
12,26
39,17
34,8
22,21
18,3
12,17
41,24
47,1
14,23
2,10
41,10
22,24
35,29
33,23
27,20
50,25
25,19
12,29
10,23
49,6
13,19
4,13
37,18
7,30
47,26
32,2
12,11
49,4
17,27
11,10
12,15
46,21
21,13
33,23
20,16
48,21
8,21
22,9
50,23
47,2
24,3
36,18
7,24
27,11
5,13
19,19
35,16
7,12
11,21
6,27
25,22
18,6
32,12
15,26
14,1
37,17
8,1
49,26
11,27
5,14
7,6
26,2
4,7
49,20
29,19
7,26
10,24
14,5
45,14
44,3
27,21
45,18
17,16
3,6
3,29
20,23
16,23
2,24
14,2
43,18
23,7
23,9
12,25
31,1
31,18
27,23
33,9
46,17
17,4
19,11
21,24
12,21
33,9
2,16
36,13
33,8
39,18
0,11
24,16
33,5
4,2
21,9
30,23
16,5
36,22
50,19
42,26
15,8
33,23
34,9
9,27
39,29
29,21
25,18
45,10
13,24
23,5
3,14
36,3
9,3
47,22
48,29
38,5
29,19
24,29
33,8
19,29
31,28
6,23
46,9
47,6
10,28
9,20
16,15
33,2
33,16
11,5
0,11
0,11
35,26
4,30
24,3
43,12
20,20
31,6
40,19
4,30
14,5
39,30
20,15
44,18
8,19
29,14
18,15
45,16
48,15
42,2
45,12
48,1
27,13
11,19
25,12
41,15
15,2
35,27
19,11
5,29
12,24
43,17
32,26
32,28
26,26
23,19
3,5
15,11
7,11
45,7
12,13
17,26
18,11
17,29
34,27
8,18
20,18
8,14
3,7
5,9
37,13
1,4
2,24
18,5
27,4
49,22
37,20
9,15
3,19
9,4
22,5
5,1
0,13
5,14
38,16
7,9
46,27
9,28
34,25
4,5
40,25
39,11
16,23
7,18
2,9
47,26
7,23
23,11
5,13
22,8
48,20
22,4
39,25
35,26
42,8
38,21
46,23
16,5
15,20
39,5
49,19
38,3
22,28
25,15
26,11
37,6
12,30
42,30
49,2
49,30
3,10
43,8
31,6
15,23
30,20
19,17
44,21
33,7
18,18
6,14
16,24
42,4
7,12
5,5
3,22
45,14
7,5
19,4
5,12
43,28
15,14
33,15
20,24
43,21
12,8
0,4
9,4
2,27
42,22
29,4
18,27
10,16
20,7
32,19
0,30
13,8
15,18
36,13
33,12
22,25
23,30
46,18
20,18
7,15
46,7
15,11
32,7
4,19
3,25
29,6
49,17
19,30
44,30
11,17
27,22
24,25
31,6
10,11
3,10
45,14
35,21
46,28
50,24
33,18
46,29
40,20
13,12
12,23
30,14
9,27
48,21
34,22
43,12
3,4
1,18
49,7
1,30
26,11
14,8
45,19
42,27
15,21
8,4
0,3
32,9
49,9
29,28
31,27
20,12
37,3
3,26
31,26
11,26
11,30
26,7
45,4
23,3
20,13
42,3
39,10
47,28
7,16
8,2
48,7
34,28
19,14
46,14
45,4
1,25
8,26
43,6
20,19
18,1
19,5
0,6
48,9
24,18
22,27
42,25
44,9
11,9
37,21
5,18
8,4
48,15
33,10
24,10
31,9
7,12
35,19
47,10
32,29
39,29
2,13
3,23
28,22
38,5
44,8
23,27
38,21
44,29
6,25
5,22
12,12
1,8
34,9
1,19
14,16
10,30
20,27
26,5
15,24
33,10
24,8
12,14
38,30
36,16
25,16
34,29
10,4
43,4
24,8
14,30
47,18
38,3
49,7
6,7
49,1
43,22
34,8
32,10
11,4
44,23
1,14
18,4
24,15
1,4
48,6
14,28
29,20
36,15
50,23
45,20
41,17
11,10
37,26
44,23
38,29
35,11
47,6
40,5
5,17
46,20
39,8
36,12
24,12
46,12
35,1
4,6
1,16
2,14
32,25
23,9
9,21
11,4
3,24
33,27
29,6
3,18
6,24
35,25
23,27
40,30
5,28
22,26
42,11
47,11
32,3
23,2
11,22
42,2
3,2
1,22
19,8
26,7
35,26
4,5
3,14
46,25
7,4
14,14
31,4
14,4
8,3
1,11
6,6
27,14
21,8
37,7
15,25
23,24
10,5
40,15
45,2
32,22
22,27
22,15
24,24
49,25
34,23
21,11
4,25
0,22
37,9
22,1
4,9
28,2
30,25
6,30
44,19
26,26
35,4
40,18
47,25
35,28
33,18
20,26
2,23
47,17
24,28
44,5
16,19
20,14
14,21
37,15
12,12
40,19
5,7
10,25
50,16
7,5
40,25
46,16
34,24
3,29
48,1
36,2
47,23
47,22
39,17
3,8
38,9
36,9
4,11
21,1
50,28
39,7
11,4
22,19
10,4
48,14
33,14
48,18
25,16
18,6
44,21
34,27
36,15
32,6
44,6
25,27
1,21
43,9
12,20
50,16
50,2
42,27
3,17
47,14
25,26
6,3
21,16
50,21
15,22
35,6
13,6
38,27
38,3
42,12
10,16
2,7
3,27
21,14
2,28
8,28
20,30
1,17
39,15
10,3
31,25
34,14
35,6
8,4
47,28
44,29
5,19
25,29
49,10
34,23
37,8
32,20
47,9
18,19
39,28
36,23
50,4
46,27
30,12
37,14
41,28
13,11
46,5
31,24
47,16
34,9
36,20
37,2
48,2
32,10
45,19
1,12
26,23
10,29
19,11
24,16
43,19
11,5
9,7
27,25
23,19
22,9
16,28
21,25
48,18
49,27
44,23
12,20
19,29
22,12
21,19
27,2
40,15
5,24
9,22
35,12
29,27
40,12
4,8
35,16
14,2
31,19
42,4
13,21
46,29
5,22
44,26
17,9
31,20
41,19
26,17
18,14
26,12
16,3
32,22
13,8
41,7
34,22
41,4
34,11
17,9
39,15
35,3
12,16
12,2
6,20
1,30
28,23
38,4
21,16
14,2
22,17
39,4
8,28
16,10
22,18
50,30
29,16
47,28
40,24
16,13
35,23
46,4
2,17
3,26
42,3
3,15
38,7
9,13
9,7
41,27
36,20
48,18
44,26
40,29
10,20
40,27
23,1
43,16
48,24
49,11
10,6
40,24
27,21
28,23
27,17
48,17
42,11
4,20
21,21
38,22
40,18
12,10
45,18
14,15
2,15
6,30
16,20
35,22
1,5
39,18
15,15
6,28
7,21
14,26
29,19
22,29
23,1
39,30
47,10
31,16
25,19
31,24
7,20
6,14
49,30
4,26
36,27
27,17
14,18
2,4
30,30
50,28
22,27
36,30
46,28
8,4
50,17
16,26
0,13
26,2
38,20
42,30
38,20
4,4
13,19
40,8
23,6
37,9
8,7
40,1
28,16
2,22
4,2
1,24
31,5
22,26
42,7
29,22
9,6
13,4
45,19
28,10
43,8
20,15
18,7
24,20
21,21
14,8
2,16
7,6
48,30
7,24
18,7
50,16
40,4
3,4
19,20
2,16
21,16
16,5
2,21
29,24
14,17
33,1
46,11
46,15
15,23
48,19
7,23
42,19
48,10
32,17
23,8
23,18
24,7
44,6
43,11
21,20
4,30
7,19
28,12
23,20
3,28
26,1
9,7
40,10
12,9
7,10
4,6
18,8
35,18
28,17
38,20
2,1
29,2
31,15
15,29
16,16
35,1
4,10
15,21
21,12
22,12
18,18
2,12
7,25
2,20
6,9
29,6
17,8
11,14
18,28
35,29
28,16
17,9
6,3
3,5
19,12
11,12
33,20
28,7
24,26
15,14
3,17
32,18
1,4
11,5
16,9
38,8
4,16
3,25
42,9
25,21
3,21
29,11
10,10
32,24
38,8
15,22
35,12
13,16
14,25
48,30
8,22
29,28
4,20
8,22
43,25
23,18
48,13
21,5
24,21
23,17
23,30
17,14
45,9
45,25
37,12
15,7
16,3
15,11
15,18
49,21
32,22
31,16
45,24
26,28
25,11
37,6
42,25
18,5
38,6
35,3
7,24
43,11
41,1
43,9
39,1
46,17
41,28
2,29
43,21
50,5
31,30
24,17
23,17
16,12
49,9
30,29
7,10
14,7
15,20
23,15
11,8
42,21
25,24
32,27
29,23
3,6
25,3
1,13
41,13
18,25
46,14
16,9
26,7
44,2
35,7
39,23
50,6
8,20
31,20
15,6
8,15
27,3
14,10
20,28
8,28
25,23
50,12
9,27
18,2
17,24
41,30
10,10
35,24
39,23
32,2
14,1
43,18
26,8
1,7
34,26
42,7
3,9
13,25
50,25
31,2
21,1
27,25
31,20
23,29
40,6
10,19
27,2
30,13
23,27
42,2
33,4
38,29
42,8
28,22
33,19
39,7
4,30
2,29
37,10
20,18
43,19
29,11
10,23
48,10
7,23
29,15
2,13
40,25
1,13
33,4
16,1
27,7
33,20
4,11
35,21
16,9
27,14
22,22
2,19
43,14
33,16
25,1
15,3
49,6
45,29
45,3
20,15
31,2
3,1
19,3
41,26
17,11
48,7
46,16
41,17
22,16
15,16
7,11
21,4
49,7
25,20
12,1
6,18
4,20
18,19
33,2
25,24
12,24
24,18
28,15
15,4
48,13
6,12
27,13
15,5
5,5
26,27
6,25
2,20
8,22
23,19
13,13
47,15
39,4
37,12
31,10
23,22
7,7
20,30
46,21
46,11
26,7
17,7
42,1
41,25
50,16
24,8
11,15
8,22
50,26
14,8
35,21
31,19
45,21
40,28
39,1
48,19
43,1
13,20
15,13
22,25
45,6
15,20
32,4
45,2
9,20
38,12
44,17
5,2
15,8
21,3
48,26
26,23
16,5
3,8
4,13
3,4
4,5
16,15
26,5
50,30
42,13
35,25
22,10
36,18
48,29
43,21
47,30
9,2
11,14
5,8
28,29
19,20
2,15
10,29
45,23
21,2
29,20
31,26
28,27
12,19
3,1
46,29
41,25
21,10
16,11
26,23
31,26
42,11
13,8
0,24
27,20
39,28
21,29
22,28
29,28
10,14
45,10
28,10
3,27
2,28
3,5
6,15
4,23
3,1
13,27
37,3
28,19
39,19
15,10
16,12
17,7
22,4
15,17
1,20
10,11
19,27
43,30
28,5
48,12
46,29
40,17
3,3
25,10
13,6
36,14
8,28
23,16
49,16
13,9
28,3
18,17
2,20
14,3
37,9
12,5
1,29
47,26
49,20
44,8
40,23
15,30
6,10
27,26
43,2
22,22
23,3
31,21
9,2
0,29
25,23
0,12
47,11
9,15
15,16
9,28
28,1
6,14
13,27
37,19
23,30
41,16
49,15
13,13
46,3
31,15
0,22
29,7
45,27
24,6
12,17
5,4
19,23
23,25
15,16
3,12
35,15
31,23
45,12
25,20
44,4
28,5
26,18
15,15
15,20
4,19
45,23
42,5
1,20
19,30
19,28
25,28
33,25
47,29
2,12
31,14
31,6
35,23
41,29
37,17
50,18
41,26
40,20
42,27
40,1
26,30
11,20
1,27
29,19
47,11
22,27
44,30
7,20
47,17
20,16
35,6
48,30
38,18
3,25
39,18
6,30
17,30
35,14
36,3
47,6
8,5
40,6
20,27
47,20
20,11
13,15
22,25
16,2
9,30
33,26
8,17
30,23
23,20
21,3
0,8
5,29
26,6
22,18
17,19
8,6
50,2
24,28
26,27
3,11
2,17
11,8
48,3
43,8
28,16
33,10
28,12
36,15
20,15
23,6
47,19
19,17
40,12
42,3
15,18
46,25
45,14
35,10
13,21
38,13
49,2
27,7
19,14
25,3
0,21
24,6
31,11
7,26
21,17
34,3
30,11
20,22
14,10
45,18
28,27
32,7
19,28
50,12
25,15
16,12
27,12
34,8
45,16
15,14
24,25
36,20
28,13
7,12
15,26
0,30
10,30
9,7
39,19
16,21
37,26
38,26
19,22
12,28
49,11
29,28
10,8
42,30
8,17
16,8
13,21
11,29
7,20
7,1
45,5
49,16
34,18
10,9
12,11
6,30
20,18
10,1
10,25
19,7
46,12
23,14
39,23
40,11
12,13
15,19
20,26
6,7
22,16
39,6
41,16
3,3
28,22
11,30
37,27
25,11
47,11
32,28
30,8
44,5
43,8
30,18
38,17
32,29
19,1
45,19
39,15
5,19
6,23
45,9
41,5
39,10
41,15
5,29
16,13
7,22
39,23
0,14
31,26
14,26
31,16
18,3
13,11
30,21
34,29
40,2
6,17
38,16
16,20
5,9
11,14
46,30
26,10
24,16
41,6
45,13
22,9
6,20
31,22
44,5
12,11
4,10
29,25
48,23
18,16
40,9
50,24
31,30
13,4
21,5
28,13
43,17
42,29
31,27
26,24
10,12
15,14
32,9
28,11
34,13
22,13
3,25
1,8
48,26
1,21
46,9
3,2
20,13
48,16
43,2
30,29
46,13
27,24
49,2
36,19
36,15
49,23
32,15
4,17
6,3
21,6
44,26
22,3
11,5
29,29
37,10
27,18
44,16
21,6
15,28
33,3
28,20
35,7
42,22
30,20
1,14
28,8
19,25
50,22
7,3
27,19
33,11
12,17
23,26
36,7
26,3
24,24
42,11
45,17
34,8
25,29
46,6
45,14
22,26
39,8
47,28
44,8
10,23
31,13
16,3
19,12
15,3
19,2
32,12
48,2
29,9
13,12
18,22
23,2
36,29
17,4
14,5
39,7
20,28
7,15
5,12
27,8
4,29
24,11
33,13
3,24
19,21
40,7
7,20
23,30
7,10
11,24
49,18
6,29
2,24
14,7
45,4
44,5
48,22
5,23
39,11
7,28
39,28
31,22
49,11
34,3
23,17
32,9
30,20
30,25
21,3
5,6
9,27
25,15
28,8
49,15
11,28
47,5
21,20
45,16
27,2
18,11
50,18
38,29
43,14
5,23
31,20
37,9
21,11
28,25
23,7
6,9
31,24
1,9
39,3
4,18
25,21
33,17
1,5
0,20
6,1
8,19
26,11
16,10
20,14
3,3
38,5
48,14
12,8
45,2
29,19
6,1
42,23
46,17
26,5
25,24
20,25
4,15
45,27
11,20
45,4
21,3
7,19
4,15
35,30
15,30
32,17
19,30
37,25
21,8
47,7
36,27
34,19
26,9
9,28
27,3
11,10
43,1
26,14
21,22
18,23
30,8
12,26
32,24
29,18
48,5
43,23
33,8
30,1
44,1
30,5
31,24
3,26
26,14
9,21
26,11
17,29
17,29
46,17
28,24
3,25
24,23
22,4
36,17
50,6
10,1
6,24
47,10
5,25
40,16
42,16
10,16
21,5
34,14
36,12
18,3
39,24
14,1
2,28
37,26
2,16
10,30
33,6
47,24
11,28
27,18
31,27
14,10
21,28
38,9
16,10
3,6
49,5
39,25
37,6
32,8
11,23
1,17
45,29
49,9
12,7
17,16
49,7
28,7
40,2
41,27
50,28
17,26
1,13
30,19
21,16
46,27
26,13
22,25
48,16
4,22
13,14
21,5
22,19
17,6
16,26
43,4
35,5
40,10
21,28
24,24
35,12
14,8
12,19
18,26
43,5
11,3
0,8
20,25
34,16
22,14
15,27
4,28
24,26
2,16
50,5
49,19
26,30
14,7
31,9
30,23
29,4
47,12
32,12
19,30
7,4
28,7
21,2
5,4
49,23
22,21
2,26
37,1
33,19
3,20
35,20
31,20
42,6
21,2
47,23
2,21
26,26
3,23
35,19
23,12
41,8
36,16
39,3
13,6
19,30
11,11
19,7
28,12
43,5
29,5
27,15
46,20
30,19
4,7
16,2
21,20
44,27
22,3
27,2
3,28
47,7
48,8
16,24
8,1
39,26
11,14
11,11
48,28
23,29
45,21
7,24
3,6
14,29
41,26
10,21
41,21
22,7
40,26
44,10
5,15
22,23
36,14
0,9
49,6
10,18
36,10
30,15
6,3
32,13
49,27
7,4
6,22
50,23
5,1
50,16
29,27
3,18
28,16
24,7
17,29
9,9
17,27
6,1
38,12
23,12
49,14
24,7
42,1
30,3
26,27
22,24
35,29
16,14
23,26
13,18
36,25
11,3
27,16
5,24
19,16
43,18
35,22
32,7
12,11
32,8
25,25
10,29
47,27
28,20
19,8
0,7
13,29
11,1
45,22
50,25
22,10
32,20
20,7
11,22
39,23
23,23
15,28
36,3
3,4
10,18
37,21
0,20
47,22
32,30
21,17
1,22
30,5
8,21
8,9
7,4
10,17
38,7
11,21
32,30
8,14
29,16
16,13
19,29
36,1
34,14
6,22
3,12
16,15
41,23
47,27
18,23
13,27
37,17
0,22
21,1
6,24
9,23
35,16
26,4
47,25
36,6
16,4
50,30
18,15
0,13
46,4
42,19
31,9
26,28
27,5
39,4
49,1
30,30
6,1
3,21
4,27
1,11
8,14
21,13
37,19
35,2
28,26
16,21
31,6
29,12
35,19
33,26
23,11
19,30
39,30
45,21
10,25
10,18
6,23
21,2
4,15
21,11
17,12
19,25
37,24
3,23
36,17
45,24
7,25
46,16
9,14
44,29
25,22
17,21
21,17
33,8
2,29
47,28
26,21
46,19
39,21
37,16
9,29
44,19
3,23
14,22
37,3
20,7
24,4
25,11
29,7
20,9
21,19
5,17
1,10
28,13
40,17
26,25
32,19
40,19
8,11
2,29
12,12
20,21
21,28
15,25
50,11
26,17
12,3
32,13
6,27
50,28
19,11
50,9
28,15
11,25
19,27
37,8
29,21
48,23
27,1
0,10
11,8
48,1
27,22
50,5
45,1
35,16
6,30
12,30
18,18
3,8
41,4
0,11
34,5
2,12
47,18
16,27
20,24
49,28
11,17
32,15
29,18
11,27
48,24
1,21
16,7
33,29
38,12
45,28
49,26
43,12
32,11
1,28
46,26
12,4
21,22
38,9
32,22
24,16
16,4
23,22
35,6
5,3
1,15
49,30
13,22
1,24
4,25
33,19
10,24
38,28
2,18
8,6
34,29
8,9
49,13
0,26
45,11
1,26
7,19
23,8
3,12
44,16
22,14
17,14
0,28
28,9
43,19
18,30
6,24
22,16
25,1
19,26
14,8
48,17
1,27
22,28
37,10
11,26
13,12
1,22
8,19
5,14
16,30
2,19
11,27
13,16
11,26
40,15
32,1
43,6
49,3
4,28
50,6
40,16
21,23
0,27
16,11
4,15
11,13
45,3
11,28
35,25
46,6
4,25
43,17
38,5
36,24
44,18
22,24
12,28
48,28
18,30
39,21
28,7
40,22
13,18
37,15
16,19
39,16
1,12
44,15
32,19
29,17
2,16
3,5
6,17
16,1
18,18
34,4
16,2
25,7
16,17
27,14
43,4
4,14
31,20
9,26
34,8
7,22
32,27
11,9
19,7
20,13
36,24
38,27
38,22
38,29
32,6
8,22
1,14
1,19
10,3
17,25
27,1
36,26
44,14
3,22
44,28
10,13
8,28
41,19
20,12
6,23
37,2
12,12
21,11
6,26
16,22
48,19
43,21
7,20
14,18
4,10
15,24
36,29
23,16
8,7
5,8
41,1
40,17
48,28
37,3
22,20
21,12
29,18
1,7
40,25
22,24
1,17
40,9
1,22
30,11
45,30
41,28
12,12
29,28
7,17
40,20
48,1
4,29
17,6
24,6
6,7
45,5
40,2
5,14
15,4
12,18
39,17
13,11
37,24
2,16
46,18
24,6
17,21
0,8
13,18
1,25
49,16
3,20
15,8
6,22
17,15
38,5
25,6
11,13
6,14
32,13
4,20
18,30
1,10
24,28
14,29
37,4
29,24
48,9
28,15
38,22
32,24
47,21
19,29
45,1
0,3
42,16
17,7
7,28
50,20
25,8
27,18
15,18
38,21
50,24
40,25
19,7
44,20
31,14
30,7
0,29
12,16
6,3
9,6
35,30
12,12
48,20
5,16
12,11
7,26
38,20
19,16
28,29
27,26
16,9
43,22
46,2
16,12
48,8
13,5
26,16
42,8
5,12
13,19
2,20
38,8
34,29
41,28
34,2
20,29
17,23
6,24
42,28
40,14
48,3
42,19
46,30
45,25
43,30
19,15
20,27
34,6
4,23
46,10
37,9
38,13
33,3
47,5
26,15
24,17
47,19
3,4
28,7
11,7
14,9
29,11
45,14
14,6
0,1
24,25
12,5
8,3
4,10
40,16
22,20
23,2
43,12
36,26
23,1
20,4
44,16
5,3
33,19
49,24
16,25
3,14
9,25
2,23
46,18
44,4
40,11
14,8
28,29
16,2
48,5
38,27
33,2
50,4
23,10
3,23
3,15
21,21
42,21
46,23
19,11
45,28
27,7
6,2
39,8
3,1
20,16
33,20
26,29
18,20
2,13
24,1
12,24
11,19
17,21
48,3
30,4
44,30
41,5
45,25
9,9
31,19
4,23
31,20
40,8
3,11
22,3
2,14
13,10
44,20
16,16
25,28
33,25
33,26
34,2
33,18
20,17
48,15
40,20
4,14
50,4
10,25
36,26
30,23
47,5
39,10
17,3
42,18
11,23
11,24
3,28
26,22
14,2
24,10
3,7
26,7
15,12
36,17
14,2
38,13
7,2
36,1
9,18
14,23
20,25
27,7
20,1
22,5
16,6
30,13
12,9
44,23
1,12
11,11
13,12
42,15
29,18
46,16
2,2
8,8
47,22
36,16
32,16
10,13
43,26
49,10
50,5
31,14
1,14
20,18
26,22
40,27
50,13
32,15
16,11
27,2
6,15
1,7
49,18
0,10
50,14
12,27
12,13
8,28
14,17
41,2
26,18
49,19
43,20
7,6
21,12
8,2
11,16
35,24
6,29
46,13
48,20
38,5
22,6
4,5
24,17
34,12
20,19
34,14
46,29
37,2
27,29
47,26
25,8
21,27
18,3
1,30
28,3
47,13
12,29
32,28
25,8
28,16
42,28
30,24
19,13
41,21
36,1
15,6
2,1
27,17
24,12
0,5
26,8
18,28
27,8
28,11
5,12
44,1
25,9
26,16
13,11
47,5
40,18
12,24
49,14
13,13
36,28
3,6
9,11
2,21
38,21
44,19
38,2
21,11
15,22
29,20
24,28
49,23
15,22
5,6
33,26
49,28
43,29
38,17
5,14
33,21
8,14
35,13
20,27
16,12
32,8
35,22
8,8
28,28
39,28
38,22
26,2
18,4
49,9
7,24
22,15
41,24
29,5
17,19
40,19
25,6
11,16
24,26
34,25
31,25
39,30
32,27
23,11
48,28
13,30
26,22
16,3
33,24
12,15
24,30
13,26
25,9
6,5
22,28
36,13
45,14
19,29
46,25
32,19
19,5
21,21
31,17
15,15
3,27
50,4
25,12
37,15
21,5
12,30
28,1
45,26
48,21
12,19
29,11
30,9
6,23
42,3
2,8
14,21
9,13
49,12
29,24
25,26
30,1
31,30
18,9
32,2
3,9
33,10
50,18
43,27
16,20
20,28
42,5
28,16
45,21
19,14
2,27
46,25
35,2
49,20
42,2
17,19
22,10
48,21
38,28
13,24
28,15
2,29
0,13
13,26
6,2
2,14
18,5
33,17
39,13
41,26
5,15
31,1
30,14
3,2
16,26
17,20
3,20
35,15
31,13
15,7
32,27
2,7
15,28
22,30
42,20
7,2
34,13
19,15
4,27
41,28
40,12
4,23
19,18
16,19
19,3
9,12
18,6
1,12
41,2
37,7
41,1
42,10
9,21
26,14
24,4
44,13
28,1
7,28
41,19
35,16
47,22
31,8
12,11
20,14
24,20
17,25
46,3
38,17
21,28
38,4
44,6
2,24
50,29
28,21
22,14
3,4
32,22
24,28
19,21
13,3
34,29
35,8
24,16
28,6
17,18
3,25
40,27
1,3
26,17
3,11
8,4
49,8
22,3
29,5
48,4
36,27
20,29
3,8
39,14
49,11
35,24
12,26
15,24
46,11
40,15
40,23
42,1
1,29
24,29
25,18
50,16
21,14
14,2
1,17
47,4
34,7
14,6
17,16
48,27
17,28
25,3
6,27
14,7
23,10
31,21
4,14
14,14
29,9
24,23
31,21
18,5
37,20
32,19
36,21
42,26
43,19
5,18
7,5
4,3
16,5
3,18
28,6
29,27
48,5
50,1
17,28
32,13
21,27
8,29
9,11
24,21
40,6
11,8
33,25
8,15
23,2
25,20
17,1
38,14
3,19
16,19
2,5
49,25
35,25
39,11
24,16
31,3
30,3
28,28
22,28
50,17
8,20
1,30
18,18
5,27
37,15
6,5
46,12
39,29
22,29
12,21
47,27
1,9
50,24
21,12
1,10
7,4
16,29
30,26
42,22
35,11
15,23
14,12
9,7
24,22
9,27
3,30
28,7
30,11
24,16
25,23
11,3
19,9
13,28
46,19
29,19
44,7
2,18
43,24
1,20
11,28
19,28
50,25
47,11
39,30
25,5
41,18
46,10
49,10
5,26
43,23
1,6
8,16
38,6
28,21
25,17
1,1
35,29
34,14
48,17
37,4
45,5
42,18
20,20
48,14
43,7
23,8
15,16
17,1
31,7
5,7
8,26
28,29
31,13
24,11
17,7
26,29
12,27
14,16
39,30
14,4
20,22
30,23
3,24
45,27
12,16
13,17
18,29
39,13
8,15
44,18
11,21
39,6
22,8
38,11
36,4
33,6
29,11
19,19
16,11
25,9
32,29
43,4
27,13
19,15
7,17
42,6
8,21
17,9
6,16
29,9
14,17
11,14
42,24
1,10
27,10
23,27
23,28
47,21
20,30
34,28
39,22
50,5
22,22
41,6
23,20
15,27
1,13
20,27
33,12
41,25
49,9
38,23
36,9
30,25
50,3
46,2
16,30
31,23
19,12
27,21
40,30
5,6
22,15
34,15
8,7
15,25
38,21
22,4
36,28
50,27
47,2
34,16
27,18
25,19
40,20
19,29
17,14
26,7
21,29
38,9
1,17
48,4
8,12
0,1
36,20
32,1
21,17
23,23
31,9
12,24
50,16
40,22
26,13
28,17
41,10
3,1
17,8
44,20
46,4
15,18
23,20
7,19
40,23
40,26
10,8
7,4
37,10
49,10
31,12
16,10
1,22
40,23
46,26
26,20
7,22
11,7
44,24
40,9
41,19
36,27
24,13
3,2
50,30
7,17
13,10
34,23
33,21
41,24
2,23
35,19
12,12
27,22
16,28
6,22
44,16
2,26
20,10
44,6
39,30
45,8
3,30
41,26
4,11
48,3
14,19
29,19
33,6
26,9
18,2
38,23
13,24
34,27
34,24
47,25
15,12
50,7
15,28
0,22
39,9
4,26
3,18
24,26
37,18
22,17
4,21
43,7
17,19
40,30
33,3
24,17
47,16
12,25
45,29
18,27
8,17
1,12
13,18
0,22
24,18
10,8
4,2
37,30
8,25
4,27
6,19
43,21
18,8
44,3
23,5
16,30
40,1
33,23
23,18
12,6
42,1
0,13
38,26
36,23
49,25
43,13
10,15
43,28
7,30
12,8
29,7
49,12
26,24
47,27
22,16
12,19
15,30
8,20
42,14
4,20
25,26
20,17
50,6
21,10
25,20
22,14
22,23
43,26
27,8
0,21
32,21
37,21
39,9
7,12
46,4
2,2
45,6
24,3
25,12
44,16
11,19
35,5
11,9
11,17
41,19
13,4
47,28
44,28
9,15
26,21
7,27
2,14
27,21
27,13
50,16
47,7
17,16
8,18
16,28
49,2
27,5
0,12
29,8
40,5
9,6
22,26
2,6
1,4
7,29
30,28
5,18
46,26
8,14
7,13
6,3
43,8
11,5
44,14
14,3
35,23
9,9
19,5
44,3
22,30
6,16
35,28
50,20
2,21
26,2
49,8
27,1
49,14
20,6
35,24
36,8
35,20
6,5
41,30
24,3
12,30
6,24
30,16
21,10
6,1
15,15
20,29
43,9
18,19
22,11
8,16
1,29
38,21
32,6
27,4
33,13
35,16
25,25
0,20
48,30
33,1
49,18
35,4
20,25
35,16
14,19
41,25
12,18
47,14
42,16
12,15
8,16
48,3
10,27
21,21
38,5
47,30
15,13
3,20
21,10
0,21
40,3
35,27
39,29
23,6
33,16
28,17
18,4
5,30
23,17
20,1
26,13
6,5
12,3
31,3
40,8
24,26
24,25
32,29
13,20
26,16
14,7
8,24
1,25
27,17
7,26
1,11
47,26
30,2
33,28
8,12
36,10
30,14
39,13
35,17
42,23
22,29
40,8
5,30
49,26
0,17
28,25
43,21
28,30
25,2
20,7
8,26
32,25
21,4
22,9
3,18
23,20
8,21
16,20
43,8
15,13
42,7
20,20
3,22
45,5
3,13
33,3
7,27
39,17
22,9
16,16
16,3
34,19
11,5
21,8
8,28
36,2
23,30
5,13
28,24
50,23
34,13
33,19
26,19
29,11
31,5
24,10
22,1
11,24
30,25
23,15
31,16
40,4
19,23
47,23
25,14
30,1
46,11
22,10
48,24
29,25
33,13
17,16
8,18
14,21
17,30
38,22
47,17
48,2
40,9
14,12
32,13
11,11
25,8
35,10
2,29
18,9
49,11
32,1
5,17
30,16
17,20
49,12
21,10
11,29
36,5
16,8
20,8
49,5
44,28
27,11
28,4
37,7
9,21
45,3
3,5
15,8
10,27
5,24
29,8
11,20
13,3
38,17
50,26
35,21
22,11
33,29
37,21
1,29
7,3
13,20
32,9
2,12
18,2
11,27
34,10
24,17
39,20
35,23
15,11
17,27
50,14
33,15
7,7
8,30
1,6
16,3
48,19
15,17
37,25
42,21
46,15
37,2
35,30
40,9
42,25
25,23
23,2
30,30
15,4
12,9
20,12
16,5
1,20
6,14
10,25
15,24
21,11
32,2
31,7
8,17
12,22
16,19
0,13
31,20
43,26
13,4
5,30
25,22
8,3
14,7
30,13
20,14
38,3
47,12
18,24
11,11
10,17
26,2
22,23
50,2
36,30
40,14
3,28
21,15
29,8
6,30
38,27
42,29
29,26
10,28
21,13
49,13
16,30
25,3
3,2
46,18
27,10
4,18
50,30
29,17
43,18
22,2
27,4
31,5
38,7
4,24
42,4
12,22
47,16
37,8
21,11
50,8
43,24
29,17
30,7
37,5
3,21
13,30
20,27
10,23
33,21
26,10
2,2
49,18
34,10
32,25
33,8
2,28
41,2
21,5
24,24
36,2
30,6
33,8
7,20
39,17
13,12
49,2
6,3
2,3
45,24
5,2
48,1
19,16
20,28
22,8
12,8
44,22
0,29
5,25
3,14
43,5
50,9
46,28
39,20
15,19
27,28
38,1
6,13
34,16
12,18
20,15
42,2
45,23
50,5
16,8
45,25
20,27
45,16
49,11
7,22
19,23
14,29
25,6
14,8
17,28
12,22
17,27
27,19
6,13
12,25
34,26
12,5
48,6
17,24
21,20
16,18
21,17
42,7
23,17
39,5
15,3
45,26
45,20
46,26
4,16
0,4
14,24
7,9
27,29
36,11
30,1
16,23
42,22
40,18
15,24
41,21
9,27
11,28
7,16
11,25
31,10
17,24
7,27
10,17
15,23
32,14
21,25
10,6
5,30
9,30
32,7
7,30
22,11
6,17
47,3
24,23
18,20
19,30
22,19
4,23
31,11
43,20
15,3
24,8
29,7
16,29
15,6
33,28
40,27
21,17
1,5
7,23
7,22
25,30
1,26
24,2
4,19
38,13
1,29
21,11
26,26
46,14
1,2
36,2
25,22
4,3
15,26
47,24
4,18
40,29
2,10
38,2
16,20
43,9
46,21
16,11
50,27
23,9
40,1
1,25
49,12
29,5
35,29
8,6
3,1
43,24
38,12
1,23
17,12
24,23
43,15
7,16
15,24
21,21
13,21
7,23
2,16
31,11
44,1
28,9
40,14
6,22
21,10
47,2
43,18
17,10
24,3
24,22
44,24
37,20
27,14
19,10
38,3
13,10
44,20
18,29
50,25
28,20
10,17
48,29
24,1
10,6
50,2
28,30
36,18
29,1
38,28
46,28
10,14
21,18
40,3
20,10
9,18
34,3
46,5
30,28
11,30
16,26
26,21
49,28
19,10
37,4
21,9
43,17
0,30
14,7
44,8
10,18
21,13
1,29
23,8
24,4
41,21
9,10
22,16
47,3
50,29
4,15
33,7
20,30
31,6
43,30
31,7
30,17
42,22
17,25
40,24
0,29
34,1
37,23
17,15
45,2
40,9
24,20
15,25
34,20
42,3
23,27
45,16
32,28
9,14
20,28
38,16
24,28
21,8
42,3
22,4
19,29
9,28
4,20
1,17
37,18
28,30
28,26
16,9
3,25
13,16
11,30
40,23
30,12
18,21
28,16
32,23
34,12
6,14
3,22
11,5
37,14
22,20
9,16
12,28
36,24
19,14
29,11
0,18
37,18
45,2
42,2
43,17
23,6
33,15
37,28
45,4
28,7
31,18
24,4
5,10
20,24
29,13
17,19
36,26
1,11
46,22
27,17
45,10
25,28
22,3
5,30
35,1
3,25
15,1
17,30
0,25
44,27
17,11
21,10
7,24
47,30
0,18
42,10
45,27
26,11
0,25
31,13
29,9
44,27
22,4
34,12
1,7
25,13
38,4
18,22
2,11
10,15
2,2
39,3
46,5
12,27
23,6
44,8
6,3
20,12
36,7
13,2
36,8
25,7
5,29
16,20
41,14
2,20
1,24
26,12
37,6
2,27
2,24
50,1
3,24
3,7
30,16
32,5
44,7
48,30
50,28
27,15
0,6
43,20
7,13
25,14
10,27
18,1
48,4
18,14
39,6
14,4
36,21
43,7
22,18
26,18
9,24
20,9
5,1
31,29
1,23
23,14
3,29
30,14
36,11
31,8
24,10
29,14
22,13
44,8
2,3
13,1
19,22
0,8
46,29
17,13
37,9
17,16
36,2
45,17
5,28
37,15
21,22
34,7
10,14
48,26
33,29
2,11
27,24
10,16
18,21
50,18
21,8
22,20
41,18
49,3
48,4
45,13
41,26
26,26
37,5
34,27
10,18
33,12
24,29
4,30
35,25
37,4
9,1
45,20
7,28
23,30
7,12
31,15
49,23
34,12
35,8
29,9
29,25
34,1
22,28
27,20
1,12
5,8
13,14
18,24
21,25
49,21
6,15
15,24
26,13
3,5
3,4
12,4
34,13
43,19
2,19
25,10
38,6
34,29
47,18
38,3
49,3
39,22
18,19
20,30
12,26
50,13
35,16
36,14
23,20
16,17
23,28
20,23
29,24
6,13
45,17
43,10
33,7
24,7
39,11
1,19
18,3
19,2
28,9
46,20
44,4
10,7
36,1
44,18
13,19
47,15
48,11
13,25
15,21
41,11
4,19
28,4
25,3
25,20
38,27
26,30
37,22
27,10
5,4
36,27
37,5
24,27
21,1
33,26
30,12
14,30
25,7
12,29
30,7
30,30
28,7
10,17
45,10
33,30
6,6
13,29
29,18
1,10
46,9
13,29
4,12
5,9
9,16
25,2
32,23
16,5
37,6
31,13
16,27
16,26
14,12
27,10
37,25
8,21
36,23
22,6
42,10
37,11
22,24
4,8
5,20
31,2
10,28
37,28
25,25
41,12
14,2
7,24
9,20
27,14
13,29
39,14
44,27
44,22
24,15
29,17
17,11
8,13
20,9
12,13
7,22
29,5
23,9
3,14
39,14
11,5
24,14
41,19
17,28
44,28
39,17
49,16
12,6
20,14
21,24
27,11
31,7
49,6
31,9
36,20
31,16
30,5
13,29
33,8
45,22
18,13
31,6
1,23
14,8
50,16
34,5
4,15
1,3
26,28
15,5
15,1
48,5
8,23
20,29
11,16
7,19
10,30
33,29
18,13
7,7
6,19
4,7
33,21
34,21
24,11
37,25
7,29
20,27
41,8
10,24
43,7
45,18
44,17
16,7
33,9
22,11
31,28
9,13
14,12
20,24
11,17
19,16
21,15
7,29
22,25
0,25
29,22
39,20
26,14
49,1
10,9
20,1
37,14
19,1
0,11
27,28
7,26
27,9
43,29
20,10
19,26
34,3
39,28
2,3
39,12
41,18
31,19
11,23
20,26
14,20
17,7
31,25
6,7
38,6
12,18
24,5
13,30
6,23
10,2
35,5
47,28
28,18
22,7
47,1
9,15
29,7
34,12
35,25
6,24
20,26
32,26
26,22
18,11
29,23
38,26
40,29
1,14
17,3
19,12
48,8
21,30
17,14
30,13
4,2
28,30
41,29
20,3
17,24
6,1
43,15
13,13
34,8
41,20
12,26
3,27
13,4
43,25
18,1
36,5
37,1
3,25
28,12
45,13
32,20
8,20
22,12
46,17
35,30
14,21
46,20
4,9
37,28
45,23
18,17
27,24
22,21
22,28
48,24
46,19
44,11
2,5
37,5
17,13
20,21
0,28
30,15
36,22
2,19
42,25
14,8
48,16
21,8
20,30
35,18
25,27
35,16
22,15
27,9
49,19
42,19
10,14
44,21
27,25
36,8
49,26
15,15
0,5
43,18
46,10
24,12
23,6
23,23
5,4
9,14
22,23
19,20
18,1
18,21
50,18
6,5
3,17
47,7
31,28
37,17
26,17
44,8
29,13
14,26
9,16
41,28
40,13
48,30
14,3
38,14
34,23
38,24
4,4
29,1
45,15
43,24
42,3
40,24
42,20
45,17
7,16
26,30
29,7
45,30
48,21
15,1
35,12
0,28
25,7
16,24
30,29
14,1
2,4
17,21
9,1
30,29
34,16
8,24
23,28
33,27
24,27
7,12
9,26
2,29
14,26
3,8
16,27
31,6
25,13
28,22
15,28
46,1
47,19
12,6
32,28
1,7
21,7
43,28
32,14
3,7
17,30
30,5
21,9
25,30
4,14
50,29
47,8
39,18
31,15
45,7
12,24
9,10
11,2
49,3
18,20
39,9
45,9
8,25
28,8
45,25
32,18
22,4
49,2
9,10
13,17
42,14
28,12
16,4
29,9
45,9
41,15
12,22
6,24
46,27
39,27
3,2
12,4
17,19
6,24
45,29
25,8
24,16
34,21
20,30
45,11
33,21
39,17
18,7
14,29
50,16
25,26
2,26
14,1
31,10
26,24
16,11
0,20
44,11
50,1
43,6
43,14
19,24
9,29
24,9
30,7
29,17
4,16
14,6
19,6
47,27
48,9
19,11
7,16
33,6
13,7
43,28
47,29
50,20
8,9
50,21
49,8
21,17
28,24
20,3
24,5
49,21
11,30
39,14
40,16
12,19
5,11
38,20
38,23
50,18
33,10
9,4
44,30
22,23
8,1
15,24
5,6
4,14
38,8
7,3
22,17
33,2
11,5
47,29
38,24
16,16
14,10
27,25
17,12
50,9
0,1
21,2
5,4
16,11
35,14
9,24
13,12
24,26
35,25
24,3
30,20
39,12
23,11
7,13
30,9
42,10
41,14
23,1
18,4
42,12
35,28
41,18
4,2
1,15
38,11
11,11
22,15
33,5
1,6
4,4
42,23
47,26
22,10
7,3
46,22
4,24
43,26
10,12
33,30
19,23
0,6
32,25
35,2
50,21
18,29
39,26
8,9
44,3
37,13
12,12
19,20
6,4
3,2
6,1
1,9
14,30
23,7
47,6
13,27
14,24
26,3
4,12
32,10
12,14
33,29
33,5
5,28
9,6
16,7
7,17
22,17
40,30
10,26
5,21
0,1
1,23
12,20
49,8
29,22
9,14
20,23
31,15
44,20
23,26
41,10
4,29
19,3
0,14
40,8
17,10
31,16
27,6
31,10
7,20
34,3
20,23
17,13
1,5
13,28
44,5
46,2
14,6
15,26
42,25
33,12
3,28
39,3
35,27
25,3
35,12
17,29
13,22
3,23
37,11
29,14
33,21
3,11
5,21
28,30
1,3
47,29
41,24
44,27
3,11
5,15
19,5
8,22
48,7
16,29
26,20
23,13
16,27
3,17
10,17
33,10
46,29
41,28
6,21
41,1
9,20
36,22
50,16
8,29
35,23
24,13
27,30
3,17
16,2
25,15
34,2
25,9
33,20
28,13
50,24
15,9
44,14
28,8
48,2
40,25
33,28
20,6
21,24
34,1
35,27
1,1
42,6
18,18
42,13
22,4
2,18
37,23
17,6
39,14
32,11
32,25
12,27
24,1
43,2
32,20
19,10
20,2
3,27
42,30
33,28
36,19
0,19
17,1
15,17
3,9
26,24
12,27
2,21
34,2
15,12
50,10
27,3
29,2
11,30
7,26
8,21
36,3
29,10
7,3
45,30
30,2
30,19
34,8
0,25
15,12
23,15
12,12
41,11
39,3
33,8
43,5
49,23
22,25
8,18
46,7
18,24
31,2
35,29
16,14
15,10
12,20
7,12
49,14
17,30
30,13
46,6
29,13
17,12
29,10
16,2
13,11
7,7
43,29
33,12
0,1
28,25
25,18
23,14
2,28
32,9
27,14
14,30
42,16
23,25
6,29
25,11
7,3
45,27
20,25
1,16
49,16
16,8
10,26
40,9
37,9
49,16
28,2
29,22
42,21
28,1
19,26
26,17
39,12
49,25
8,16
10,4
27,18
26,2
9,24
48,21
40,6
31,5
8,20
8,10
38,10
19,3
47,29
20,14
35,20
2,26
33,13
34,3
28,9
11,8
25,11
45,19
7,3
28,22
46,23
6,30
30,22
42,5
11,9
45,7
20,7
36,5
42,1
23,12
6,8
5,22
25,20
8,16
1,21
21,4
5,10
10,2
20,9
5,26
24,6
34,9
5,15
21,30
13,22
12,5
34,24
38,25
18,21
7,1
43,13
36,30
46,14
42,25
42,14
26,9
49,25
47,14
45,2
17,2
44,29
17,9
14,23
41,26
18,29
26,14
23,16
1,30
30,2
25,23
13,28
10,13
4,4
12,5
13,10
24,7
47,4
9,10
23,24
12,15
14,15
23,2
13,6
22,14
5,16
35,12
5,29
31,24
33,26
31,27
22,19
28,5
47,3
13,27
40,7
36,29
47,12
20,23
44,25
38,27
38,2
14,6
21,4
14,9
16,17
37,12
40,8
23,8
12,22
33,13
33,30
36,27
14,24
37,2
20,11
28,7
6,19
26,14
50,14
3,2
16,17
24,16
22,4
0,8
15,28
42,6
6,1
26,13
24,9
41,5
47,16
21,12
38,17
11,21
7,2
0,10
16,6
22,10
26,4
13,29
13,27
1,20
29,30
24,9
43,29
11,20
12,8
22,17
36,15
22,15
15,29
14,27
16,15
47,24
23,29
11,9
36,20
49,28
44,22
50,19
42,13
27,30
30,4
37,22
39,26
25,13
4,20
15,26
3,6
42,6
16,24
18,29
50,13
4,5
43,29
33,26
47,12
5,8
18,17
31,20
12,14
45,8
42,13
4,10
26,7
2,5
33,10
28,4
29,19
7,24
19,4
25,14
37,13
36,3
50,7
36,30
42,29
34,1
3,24
50,11
25,17
21,29
28,30
8,27
29,1
49,10
42,7
38,7
19,16
11,6
4,16
29,4
15,9
16,11
49,30
29,18
34,11
22,13
19,9
36,30
17,14
27,26
36,6
48,13
9,26
0,14
28,21
31,25
37,15
3,6
34,8
45,25
36,10
12,3
8,22
16,16
43,16
5,30
28,5
9,13
46,16
40,29
5,18
22,27
14,29
6,26
6,14
10,13
28,18
27,15
21,3
50,8
9,7
45,27
14,15
26,4
2,5
39,26
32,24
36,8
48,21
46,23
2,30
21,26
28,30
20,24
42,28
34,19
19,6
49,4
19,10
41,3
19,3
17,11
36,14
50,6
46,21
36,2
16,23
14,6
13,26
25,9
26,1
10,2
33,30
13,4
42,12
32,22
26,25
5,18
23,12
39,24
20,24
33,27
32,4
8,3
22,19
28,19
15,5
30,7
22,5
44,22
6,24
45,30
25,2
36,21
7,26
46,9
26,10
39,6
47,17
46,18
24,11
39,23
30,15
23,8
6,3
27,26
28,13
28,23
35,8
37,1
35,3
4,8
7,27
15,14
1,6
12,30
37,25
27,28
30,11
14,12
39,28
32,27
45,30
42,19
8,28
17,23
16,15
30,3
24,1
6,12
23,29
45,24
27,28
43,9
48,5
36,15
38,16
7,23
15,8
43,29
50,1
4,3
21,8
34,29
41,13
31,13
40,28
40,16
32,26
21,28
46,5
14,15
3,30
18,11
50,7
6,12
45,27
3,14
40,24
21,6
4,26
25,7
36,27
19,27
17,20
27,15
20,24
15,23
12,17
3,30
39,21
6,29
22,26
39,20
47,23
26,8
43,1
15,23
37,16
15,21
31,6
23,24
17,3
41,22
30,20
28,4
3,20
33,22
10,24
18,24
10,12
44,12
13,3
22,25
29,1
50,13
50,26
3,3
6,19
23,2
43,7
35,22
28,26
24,6
0,10
2,11
46,2
24,13
25,25
9,18
40,17
45,2
24,30
22,26
2,8
48,23
47,17
4,12
24,1
33,11
12,17
17,13
38,4
14,28
46,22
5,8
22,20
25,20
21,26
19,28
24,19
46,17
31,9
24,6
36,13
2,28
29,27
23,22
2,19
15,16
13,21
22,28
10,5
44,11
7,19
41,1
8,3
36,28
16,21
3,16
31,11
46,4
39,25
32,11
43,7
17,17
44,21
28,2
26,17
10,12
47,27
22,1
3,4
21,27
1,12
13,8
25,10
45,3
0,21
6,29
42,11
29,21
32,10
30,17
30,3
32,2
13,1
47,20
30,14
49,14
50,4
47,24
9,17
49,8
25,16
13,29
7,15
48,7
31,26
40,23
19,27
30,11
31,23
34,3
5,16
44,18
44,9
35,12
4,3
19,21
10,9
2,15
29,7
38,12
8,28
43,18
48,23
27,9
49,7
50,15
24,14
7,1
41,10
36,19
5,19
2,25
3,22
28,27
3,17
43,19
34,26
19,11
32,15
0,29
25,19
12,15
24,9
5,15
14,1
46,21
43,14
24,9
44,4
23,2
12,21
14,9
45,7
28,1
49,16
29,19
4,9
1,1
33,19
26,27
11,29
12,19
33,14
11,23
25,23
38,27
44,14
15,5
28,13
26,30
38,20
29,3
38,30
29,13
2,29
20,17
25,23
5,7
47,20
3,11
10,19
35,20
50,24
6,21
0,14
31,13
50,26
25,30
33,24
15,3
31,9
25,28
33,18
38,29
1,23
33,15
45,29
48,9
18,13
8,23
24,14
35,28
11,14
16,30
30,1
21,1
50,8
5,24
36,24
43,4
9,5
23,14
17,3
22,21
40,26
20,20
17,30
47,13
11,30
7,25
8,22
28,1
44,23
50,26
0,11
39,20
4,10
6,6
21,2
31,5
23,25
5,7
21,2
6,17
35,20
10,12
35,7
8,19
33,25
34,9
48,4
36,28
0,10
24,15
20,21
49,28
5,24
44,30
10,4
2,13
24,8
14,12
19,20
32,21
3,14
32,9
49,25
27,29
6,2
10,14
44,15
24,24
44,15
39,23
13,3
20,23
47,19
42,2
48,1
0,20
7,7
14,24
39,9
21,13
13,10
31,4
38,22
17,12
20,3
13,23
46,6
22,14
30,17
45,27
42,10
37,15
5,27
49,2
17,23
15,10
42,22
0,1
41,20
1,26
47,10
37,20
14,1
39,16
45,18
22,26
20,8
1,29
1,25
22,4
14,9
10,4
25,23
10,16
16,26
34,13
18,20
47,24
27,14
40,7
50,22
5,16
18,25
17,2
13,16
50,26
22,15
14,8
23,30
41,9
23,22
35,3
34,6
34,19
21,5
14,7
1,2
0,15
27,18
32,12
40,3
37,20
15,2
17,3
36,1
4,15
10,9
39,1
35,18
28,12
31,30
44,7
31,5
28,25
15,29
11,9
10,16
39,11
32,28
30,14
48,8
21,18
9,14
19,24
10,14
18,11
15,7
11,22
21,12
1,7
46,18
10,11
12,18
14,27
35,1
44,2
25,3
6,12
5,17
27,2
48,10
16,27
0,15
25,28
15,4
13,14
36,30
14,8
6,15
46,2
34,23
43,2
33,4
7,9
6,2
12,16
20,22
30,13
21,17
48,14
8,26
3,10
39,17
42,22
20,25
20,28
18,13
22,6
17,14
1,6
31,26
14,9
49,9
23,9
48,25
4,30
3,11
41,4
38,10
1,19
50,15
50,3
18,8
47,25
6,28
47,2
33,14
6,21
8,25
20,12
31,23
38,28
50,5
23,13
6,16
36,16
22,20
1,2
20,9
12,3
2,21
33,28
23,2
19,12
35,28
47,1
33,8
41,24
36,5
33,5
48,16
14,21
46,15
8,18
21,16
34,4
46,8
44,29
13,14
42,29
5,2
41,2
36,3
41,9
44,5
17,14
18,16
37,4
27,26
32,3
34,8
1,18
15,15
38,23
48,6
21,13
28,15
1,8
10,9
26,21
50,13
3,17
16,17
1,7
50,2
29,1
32,10
32,21
37,18
1,6
32,2
50,22
36,10
45,14
45,9
49,30
28,24
12,27
26,12
27,14
12,4
33,8
41,23
10,26
24,26
24,8
49,24
42,24
19,25
6,30
7,17
42,8
15,10
23,8
6,12
16,9
37,7
22,7
3,26
49,7
46,1
35,19
31,5
26,10
12,13
47,20
18,14
22,7
35,10
2,10
24,24
31,3
23,27
36,11
13,14
15,2
32,17
31,14
15,15
14,9
18,25
29,23
14,16
35,26
11,10
43,20
44,22
31,5
2,29
11,12
23,21
11,29
14,18
32,2
36,18
26,30
48,17
37,3
7,3
23,2
38,21
39,20
24,25
2,16
16,27
46,20
11,30
44,17
0,16
30,26
28,8
40,23
23,1
20,6
22,16
45,27
7,27
45,20
12,26
2,24
14,23
38,3
8,9
41,19
45,15
49,24
50,6
1,1
42,2
24,22
3,3
13,27
5,13
21,17
20,18
23,29
46,29
17,24
42,22
7,6
1,19
32,29
25,8
41,7
33,1
41,28
16,6
8,23
45,23
31,15
18,1
44,4
1,3
26,8
20,14
3,7
46,15
1,4
41,28
47,11
42,22
40,24
19,2
5,23
7,22
47,2
50,27
49,16
28,1
10,17
5,29
30,2
22,4
24,25
49,2
20,1
7,2
5,9
36,30
10,1
44,7
4,12
31,18
19,3
23,23
12,13
42,28
13,9
40,26
43,4
44,23
18,28
20,19
50,20
50,16
41,8
9,28
11,1
33,2
4,6
19,15
47,11
37,20
41,17
31,9
8,16
26,24
1,27
37,11
43,12
36,8
16,28
13,4
16,18
45,7
35,7
29,15
44,13
24,12
5,8
26,27
50,7
29,15
46,22
15,25
40,2
0,27
43,23
8,3
1,4
42,6
2,9
39,26
2,15
36,2
29,10
11,3
25,9
37,30
35,8
27,8
27,1
31,24
5,29
21,1
46,14
33,7
27,14
40,23
5,5
37,29
38,8
29,25
42,29
33,23
19,13
19,15
4,28
17,4
44,17
31,26
33,13
21,25
22,2
0,26
24,30
3,6
45,28
11,26
12,11
30,14
3,20
28,27
46,3
42,25
1,20
29,23
16,29
24,28
34,24
28,18
41,13
39,6
41,4
4,23
37,29
33,30
12,14
0,16
33,26
17,16
15,30
9,28
11,8
33,6
11,5
45,7
6,14
46,30
40,8
50,17
32,17
45,3
3,19
32,29
6,19
34,28
31,26
7,4
44,20
25,26
14,4
6,28
41,6
3,17
6,29
8,22
39,8
41,24
7,10
6,29
3,28
12,29
38,2
31,22
0,29
34,8
15,21
2,14
15,27
39,24
46,12
4,25
37,10
32,3
1,27
25,23
5,5
40,14
44,29
2,9
11,18
31,20
28,7
0,13
44,6
40,10
2,9
19,3
9,12
41,24
38,28
13,20
18,18
47,27
26,10
2,17
21,7
49,22
41,9
48,23
21,15
10,13
32,16
38,18
16,1
38,26
47,14
23,1
30,21
15,4
49,25
14,10
22,8
49,30
3,20
46,9
50,15
46,29
10,27
3,27
5,6
33,30
17,4
8,16
50,16
49,3
36,13
31,17
44,4
8,1
37,17
26,17
37,8
15,8
26,16
20,17
1,19
7,16
10,14
3,30
0,21
2,13
32,6
21,15
19,4
43,2
41,28
39,27
14,5
14,2
16,23
47,22
7,13
38,4
25,7
6,6
10,18
4,29
50,25
2,24
48,8
37,16
22,20
24,1
2,28
11,20
8,23
41,29
1,15
16,9
36,27
14,13
42,12
19,24
25,16
35,17
40,19
15,30
3,19
16,7
2,1
40,11
24,15
50,22
41,13
16,10
4,8
33,3
30,27
23,7
23,4
28,1
35,2
1,12
2,15
17,5
49,7
18,21
47,1
16,3
7,27
44,30
39,28
6,4
36,25
36,26
39,2
35,5
24,1
27,30
11,11
29,3
17,28
1,20
45,17
10,28
42,28
7,23
25,8
28,16
47,12
22,2
8,5
10,9
19,21
9,10
28,27
24,11
2,8
42,21
46,20
38,26
17,2
6,20
18,2
37,13
33,22
9,22
37,9
12,30
39,24
15,26
27,29
38,6
16,7
0,26
2,27
9,26
49,4
40,4
30,23
39,30
20,16
50,23
13,27
0,11
37,15
47,29
38,6
21,3
3,14
7,27
29,28
12,17
4,3
2,12
34,4
25,11
50,6
19,28
47,8
20,21
6,4
41,20
4,1
8,3
40,5
17,9
24,13
1,9
46,6
49,25
4,11
11,16
46,2
21,29
35,30
1,22
37,27
32,18
44,18
7,29
40,11
47,11
11,13
27,5
0,12
6,7
45,28
47,17
45,5
18,5
21,23
26,24
25,18
47,16
33,13
3,2
28,7
29,17
44,21
7,25
3,21
12,30
41,14
8,2
29,4
33,3
18,17
16,15
27,22
32,28
20,18
43,4
45,16
28,28
31,11
47,20
16,22
0,17
19,16
16,11
9,4
4,24
21,15
28,25
4,12
12,20
18,9
26,5
23,4
20,26
34,25
25,1
33,12
0,12
49,23
28,15
19,23
26,7
42,21
18,26
6,4
44,7
0,15
38,28
37,25
8,21
45,5
12,20
46,10
21,22
25,10
8,11
8,20
35,13
6,27
16,7
26,4
36,6
45,7
5,11
45,22
2,6
26,24
4,13
50,29
18,17
46,21
4,4
50,15
49,30
5,14
42,26
41,27
22,20
1,30
1,16
48,4
3,20
44,22
20,12
47,25
7,4
19,25
4,11
17,9
2,11
21,27
43,29
38,3
29,29
0,2
7,7
32,12
15,1
2,11
18,11
42,29
14,27
48,28
26,14
39,16
37,14
28,27
44,9
18,20
4,15
32,10
8,25
2,17
37,25
46,5
43,14
22,21
18,16
4,6
34,11
15,17
27,24
28,9
10,7
2,5
26,19
23,1
35,13
14,22
6,11
9,9
7,8
34,5
43,19
39,4
32,10
47,19
35,18
39,29
17,15
1,29
0,24
31,24
38,4
8,27
11,16
40,14
13,19
9,18
39,21
3,27
35,11
44,27
3,19
48,25
28,26
49,29
45,21
39,24
22,29
37,2
11,5
34,11
23,7
49,9
29,4
13,3
22,16
47,23
3,30
21,24
5,12
31,13
39,17
27,12
22,18
46,19
36,23
49,9
11,28
15,8
42,1
6,18
16,27
15,26
43,17
40,30
5,30
12,7
22,18
4,14
40,18
3,18
12,4
27,21
6,29
31,28
20,26
43,17
38,24
5,23
39,28
3,12
10,26
15,25
4,26
38,18
16,5
39,23
12,14
19,22
6,17
43,19
5,15
48,1
33,2
32,13
7,26
50,15
7,28
5,12
17,16
38,22
2,18
19,22
35,27
23,8
48,13
45,9
42,15
23,11
2,16
12,15
4,21
34,12
4,5
47,15
39,16
49,29
9,2
49,16
26,20
35,22
49,20
13,7
26,27
7,26
8,9
34,20
36,21
16,21
24,6
14,22
8,6
43,30
2,15
45,21
22,18
11,26
22,4
12,3
20,28
36,14
44,12
6,20
38,3
50,28
49,4
35,27
44,9
50,27
49,1
17,19
11,6
4,26
2,26
28,22
2,16
1,7
41,9
40,18
7,19
10,26
20,5
12,18
30,28
39,4
45,28
8,17
13,20
21,6
26,8
4,16
11,17
42,28
21,21
8,4
6,8
8,14
4,16
28,13
44,9
39,21
1,11
5,2
24,21
20,2
18,17
11,26
15,25
18,20
3,23
33,30
31,7
22,23
44,18
45,21
12,8
6,9
20,18
20,19
38,6
43,15
14,4
30,17
15,18
28,1
3,7
8,6
15,30
22,9
8,22
34,7
40,14
43,8
16,1
41,25
47,26
27,25
9,27
35,15
31,5
40,29
40,9
49,14
39,1
30,27
39,1
26,23
13,25
29,14
2,1
17,24
16,2
19,13
45,11
33,12
48,20
13,26
20,13
9,15
45,14
13,14
28,12
25,12
45,16
27,27
2,25
34,7
46,6
47,20
43,23
12,26
0,11
30,22
38,26
19,1
34,24
12,11
16,14
29,15
33,17
5,4
25,8
6,16
17,19
22,15
28,21
21,27
33,22
41,21
8,22
14,20
24,13
16,24
50,24
33,14
46,22
29,30
48,22
19,14
29,25
33,26
42,17
47,8
8,25
42,21
15,18
22,6
26,13
46,13
20,10
27,29
32,8
27,30
33,20
1,10
36,22
45,10
12,13
21,13
13,9
22,27
45,10
7,9
41,18
7,15
23,12
2,11
24,11
31,26
50,10
33,22
36,18
16,14
16,15
4,18
10,22
25,28
4,3
20,24
3,6
34,6
38,24
1,1
6,20
29,12
22,12
17,6
35,20
44,21
22,1
13,23
28,10
28,11
22,21
21,28
4,19
14,3
35,19
34,14
7,15
33,8
38,13
31,20
47,27
20,14
39,28
28,13
5,1
34,8
18,24
23,27
15,23
15,19
18,4
44,12
33,2
17,3
47,25
22,3
15,5
20,26
22,19
36,17
5,2
19,23
21,18
4,10
40,29
23,6
16,14
46,9
40,20
29,13
29,2
27,19
33,30
42,20
50,23
23,15
47,23
50,28
3,22
21,21
3,24
3,3
40,11
42,23
43,12
45,11
25,27
20,25
42,14
31,30
40,15
14,27
18,21
8,24
13,17
48,29
40,22
11,19
34,22
29,11
14,22
39,28
16,16
50,11
49,23
4,18
6,5
41,13
12,8
44,20
44,16
5,27
45,17
0,1
10,8
13,20
50,2
49,25
2,14
25,17
1,4
21,16
49,30
29,21
8,23
3,29
13,8
7,24
31,3
3,9
28,14
22,17
18,6
8,6
26,30
25,15
40,13
49,28
47,25
47,7
34,22
2,26
7,19
9,6
2,14
8,6
4,14
22,15
7,27
41,7
36,5
31,28
26,21
27,3
1,23
25,22
16,16
50,30
23,24
22,15
19,26
33,30
39,13
16,2
4,10
26,26
9,12
25,12
39,18
23,1
14,17
46,5
10,16
28,26
48,1
17,14
3,22
3,27
2,28
7,28
21,14
41,15
4,11
17,12
7,16
11,10
24,25
50,7
38,4
31,6
5,25
25,4
25,4
46,16
22,17
36,17
27,14
20,5
14,11
31,26
40,20
28,9
33,28
15,5
50,19
49,29
3,7
5,20
31,11
14,7
15,2
21,15
43,10
29,5
32,21
14,29
30,16
26,22
38,3
16,13
27,16
8,23
29,15
4,16
9,7
3,7
41,15
19,23
38,27
39,23
48,11
2,18
47,4
43,5
21,13
11,30
47,24
11,27
11,16
2,30
5,23
15,19
5,13
40,2
32,6
40,14
6,19
3,25
36,6
23,23
28,7
40,11
49,8
14,3
19,11
43,24
6,14
35,1
48,22
3,10
26,11
47,7
32,13
13,12
46,27
40,24
7,30
49,16
49,12
32,7
32,8
1,22
27,6
0,9
10,23
46,1
17,24
23,28
38,4
33,5
36,15
41,22
45,5
22,22
39,26
31,22
16,1
18,22
9,19
17,24
22,21
24,30
21,11
34,25
39,25
17,17
2,12
30,6
16,19
38,24
46,3
49,4
39,27
9,17
1,9
7,7
21,24
25,30
33,27
8,4
11,21
0,22
23,11
16,1
25,8
14,15
40,10
12,27
26,19
36,21
13,12
7,26
16,13
12,29
5,3
7,10
26,29
12,11
32,8
40,7
48,21
15,21
6,4
11,26
49,1
36,18
46,10
33,8
2,25
10,18
44,27
20,28
20,14
8,15
8,13
21,4
9,27
20,16
37,3
46,8
41,8
43,1
15,22
42,21
12,27
24,21
46,18
1,24
1,3
7,13
15,25
50,6
31,30
8,11
15,8
35,24
38,24
49,10
1,9
39,10
30,16
7,18
35,7
18,9
35,21
1,26
25,27
48,2
24,19
29,22
47,14
0,3
49,14
39,29
17,29
47,13
33,28
15,12
5,29
19,14
4,7
17,20
42,29
1,10
37,12
27,14
2,1
33,18
10,2
38,11
9,12
46,11
24,8
27,7
35,26
38,13
41,19
34,22
46,18
20,23
23,22
34,29
27,28
37,10
50,18
22,17
46,13
34,5
35,21
20,24
6,4
27,30
4,3
28,30
37,1
19,3
38,24
15,15
48,29
20,9
5,6
49,11
5,12
35,10
22,30
8,12
8,2
40,22
6,17
4,3
32,26
39,27
21,29
34,16
3,17
42,22
30,15
32,2
25,5
8,24
35,29
29,10
33,5
6,1
20,26
15,11
14,24
0,28
2,9
10,10
29,14
30,28
33,6
28,15
13,24
20,6
3,7
9,14
42,4
2,29
47,2
46,12
43,28
39,14
29,19
46,7
4,8
37,22
11,28
7,3
2,7
17,27
15,24
35,15
0,16
25,12
6,23
36,10
27,25
4,24
34,16
8,21
42,13
19,14
15,29
3,16
5,20
46,16
38,21
15,10
37,13
44,6
3,30
4,7
28,13
24,5
25,16
23,21
4,16
38,21
49,20
43,2
7,17
17,10
27,16
4,25
16,3
1,1
19,30
30,13
13,29
39,13
35,19
10,4
6,15
7,15
31,5
23,8
21,13
15,13
50,1
28,14
15,29
32,12
26,15
24,4
18,14
27,9
40,8
35,8
4,24
14,23
45,22
21,11
21,8
3,13
20,8
28,5
45,10
24,6
16,4
10,19
12,20
0,9
1,24
50,2
34,4
1,5
47,14
4,4
39,24
13,25
12,18
0,3
0,16
5,1
17,8
25,20
42,4
27,22
20,1
15,29
10,5
36,2
48,21
33,5
19,19
8,2
17,2
38,5
37,7
21,2
4,30
50,2
29,7
23,12
12,10
10,18
48,17
39,15
36,27
14,18
1,17
1,30
20,30
29,15
39,8
50,1
1,6
21,7
16,8
2,25
0,30
4,12
35,11
49,22
5,6
23,12
50,2
32,11
12,29
14,7
5,5
10,30
4,11
49,8
3,14
32,26
16,29
47,20
4,1
15,17
26,25
4,5
15,23
2,19
16,15
42,23
18,8
37,1
42,14
18,9
37,28
25,19
6,8
15,24
50,23
45,18
1,2
3,5
0,7
43,21
7,5
28,21
27,26
14,29
23,7
27,16
7,1
37,4
46,23
12,11
0,14
50,21
33,19
4,3
9,17
24,27
23,7
37,16
36,11
46,17
9,16
47,8
48,11
11,19
34,23
17,4
25,25
37,30
6,9
30,22
0,19
4,6
41,14
25,21
32,12
3,26
43,8
13,14
45,7
27,16
34,11
30,7
37,18
26,14
46,8
14,6
46,30
27,25
2,9
1,13
4,6
45,1
22,19
28,21
11,28
7,12
49,5
25,16
50,6
36,13
40,22
46,30
14,26
18,25
2,29
6,11
20,27
34,15
23,13
36,22
40,16
40,17
28,19
38,16
36,16
1,19
4,4
4,22
1,3
20,26
23,22
9,3
20,26
21,9
27,17
20,25
8,26
12,26
22,10
16,20
16,18
24,26
14,22
9,16
7,28
3,26
17,11
21,15
27,21
16,20
47,22
39,12
24,3
39,1
29,8
26,9
3,28
39,8
36,3
34,3
42,27
22,2
0,19
4,2
13,21
15,19
48,16
9,7
9,7
42,5
39,12
39,2
5,10
22,18
5,2
12,14
26,28
9,2
12,28
21,25
29,12
16,30
23,13
24,13
25,12
29,7
33,16
21,12
2,1
13,28
8,19
39,9
37,29
13,30
50,23
27,13
46,6
19,12
45,21
37,26
36,30
4,19
32,18
46,26
20,18
7,8
44,28
7,24
28,14
24,9
38,30
16,8
10,8
16,24
36,30
15,6
8,21
41,15
36,10
10,4
43,20
9,28
4,28
14,2
1,28
33,29
21,14
33,8
36,26
33,22
12,5
11,21
0,16
25,19
27,14
22,12
21,24
44,21
4,5
33,14
25,20
3,3
20,10
10,1
30,9
50,24
40,13
24,2
22,11
10,8
7,13
34,23
10,8
48,21
23,28
3,10
3,27
45,19
31,15
49,8
47,22
12,22
39,21
34,5
15,18
21,9
17,20
45,11
39,27
32,20
36,1
4,28
43,11
17,10
3,9
7,1
12,10
16,14
39,7
27,14
43,13
39,10
30,29
44,24
42,16
29,17
37,4
18,25
23,15
12,27
12,30
34,8
25,30
33,22
0,14
13,3
1,9
13,2
46,7
50,20
45,3
26,14
25,10
24,12
8,10
6,9
50,14
4,10
25,13
26,25
18,27
21,13
44,27
13,11
0,30
31,2
30,10
44,8
22,26
10,13
28,15
37,6
5,25
39,9
36,11
25,29
9,3
8,16
38,20
23,15
8,16
27,16
45,8
35,9
29,14
1,1
33,13
13,16
39,25
18,24
10,17
33,15
44,20
9,10
50,8
43,27
11,13
30,19
12,12
26,17
11,15
4,12
49,19
33,14
29,11
36,25
31,7
50,13
29,28
10,30
3,12
17,28
4,29
47,12
1,14
43,7
12,20
2,15
23,15
30,14
10,21
11,11
1,15
7,27
10,10
44,29
28,15
47,21
20,17
21,30
47,19
32,10
43,24
40,28
14,11
19,28
4,1
14,13
50,30
20,27
3,11
45,24
35,11
9,22
15,6
28,13
34,13
13,4
29,21
27,7
25,4
41,13
22,22
29,20
45,3
14,5
23,13
3,25
5,26
20,17
40,28
49,15
30,9
34,15
43,19
33,19
16,4
27,23
5,10
0,17
12,13
9,16
10,23
18,3
10,21
18,8
23,27
38,10
15,1
29,9
31,30
11,6
10,9
7,6
33,19
44,7
23,16
1,16
7,16
46,7
4,5
19,21
35,16
15,2
48,1
5,27
13,27
2,25
28,13
15,9
6,27
39,5
24,5
37,21
50,1
9,5
25,8
30,19
15,9
46,21
25,26
39,25
48,10
19,22
29,24
0,28
1,20
4,18
1,6
14,3
25,6
1,8
6,8
45,18
15,7
27,21
19,5
33,22
7,26
17,18
35,22
17,8
49,30
47,27
29,27
2,27
16,23
0,6
14,6
32,25
5,23
21,14
44,29
49,3
5,10
0,15
4,6
38,22
14,23
7,22
8,1
23,14
24,21
8,14
15,15
37,7
26,5
25,24
39,24
17,15
25,7
26,24
47,9
17,15
16,11
37,11
8,6
19,14
18,11
42,12
28,24
7,19
22,14
10,14
30,3
2,1
3,18
48,23
6,15
18,30
26,8
35,17
5,17
2,21
4,21
49,15
22,9
7,1
29,26
34,21
11,20
31,23
27,17
15,13
4,17
24,3
33,28
16,13
6,4
46,14
5,6
27,18
39,16
45,2
9,18
39,2
8,1
18,8
21,29
28,19
26,19
31,9
30,13
20,20
6,5
46,5
38,28
29,23
22,20
5,14
46,2
6,12
31,2
7,25
34,24
44,30
35,2
24,4
4,11
50,20
2,22
45,6
49,24
11,17
1,10
36,6
23,26
0,10
22,24
49,2
6,4
48,27
42,25
20,17
17,23
1,16
9,28
38,16
18,16
14,6
11,24
3,26
48,18
30,30
49,11
6,24
25,13
19,18
14,16
45,30
14,16
13,19
13,30
35,2
13,8
11,17
18,9
8,29
38,30
41,10
39,9
15,27
20,12
13,2
35,29
22,13
45,3
6,21
32,3
8,5
17,3
36,1
43,13
39,5
34,16
36,14
38,12
28,20
18,25
34,4
21,16
29,28
20,28
0,14
36,1
2,20
24,8
32,23
18,16
45,23
21,26
33,28
9,13
20,22
46,11
10,15
42,4
42,14
15,30
0,16
17,20
6,4
12,18
35,4
37,19
48,22
1,28
40,18
0,11
25,17
43,3
20,25
20,5
39,8
18,28
24,8
21,20
4,3
23,12
17,7
1,17
4,26
43,7
29,3
30,26
17,13
20,23
34,1
50,24
26,3
3,3
25,30
44,23
42,26
21,3
49,2
11,14
14,12
34,18
11,16
1,17
15,1
48,14
28,4
29,12
1,18
27,25
26,5
2,27
47,3
7,13
40,16
38,1
32,16
4,1
28,25
50,25
41,17
1,10
31,2
12,4
31,16
11,25
24,3
36,17
40,26
49,10
5,19
31,28
36,27
16,3
33,4
21,25
36,3
0,2
39,13
48,7
19,28
21,28
45,26
38,11
37,11
49,15
16,27
7,8
47,7
9,1
2,15
46,9
33,13
38,29
3,22
6,17
1,13
4,25
38,10
3,8
0,2
9,22
22,18
45,5
48,18
31,28
49,7
24,17
9,14
50,5
1,27
23,30
31,4
35,20
45,7
49,24
19,18
47,28
13,25
40,2
31,30
9,16
11,20
35,25
33,3
3,14
20,28
30,7
14,25
18,2
1,13
25,26
4,2
31,22
1,20
31,10
50,30
42,28
49,18
25,16
27,29
42,6
19,10
47,17
29,2
20,18
37,30
18,1
33,10
25,12
14,13
6,19
21,9
25,20
37,27
16,23
46,28
21,27
22,26
33,1
23,23
15,14
23,20
19,8
37,27
16,6
43,19
11,15
31,1
42,19
6,19
10,12
39,24
37,6
23,26
0,26
32,30
48,1
32,15
1,30
45,13
36,20
27,12
31,13
17,3
19,10
35,9
17,26
15,11
21,6
23,12
41,13
16,17
9,8
15,21
4,30
27,20
28,27
19,2
32,8
37,29
36,8
26,1
30,28
36,2
24,29
42,23
46,13
32,7
34,23
21,19
7,21
26,27
26,20
20,8
5,21
31,6
36,10
44,8
40,3
29,3
32,25
16,7
24,9
37,9
13,28
6,3
33,11
41,3
47,7
6,4
7,15
17,26
16,2
1,6
21,16
43,7
23,23
29,23
19,20
8,10
4,6
16,21
12,13
47,19
39,10
7,18
22,3
14,7
20,26
10,2
22,27
8,29
1,4
20,4
36,22
47,21
3,4
32,20
17,18
35,22
21,14
13,28
5,10
25,13
17,26
8,11
43,25
0,6
25,11
46,10
20,23
47,9
6,1
11,6
9,30
9,5
8,9
47,29
27,24
48,16
39,27
36,8
11,17
11,22
14,23
42,23
47,20
37,16
17,27
15,25
46,21
7,30
30,24
27,18
23,3
17,20
5,19
22,8
5,6
15,13
13,17
42,24
22,7
35,8
43,5
41,23
11,21
12,12
11,14
30,4
22,23
16,26
37,7
29,14
33,11
14,28
1,11
21,6
17,16
23,30
24,10
46,15
46,13
5,20
24,20
0,2
34,17
8,10
26,15
6,14
39,12
14,22
23,9
14,2
13,30
16,3
19,21
47,25
30,7
33,8
1,17
31,22
32,6
17,7
0,16
25,9
26,19
30,30
26,14
11,22
9,28
0,10
30,19
25,3
22,11
38,13
16,15
12,28
3,14
30,5
40,14
29,16
34,22
6,11
26,16
13,30
38,4
5,6
28,10
25,18
10,15
7,24
37,24
41,13
15,21
31,11
10,17
25,10
32,24
5,4
1,29
21,25
5,13
30,8
12,21
8,7
19,26
21,4
11,2
1,9
20,2
27,15
50,29
17,12
13,18
4,21
25,24
27,13
49,22
49,25
37,30
28,20
47,9
21,28
19,21
19,21
47,18
23,30
31,24
50,14
39,26
35,25
5,17
22,7
27,3
11,18
26,9
47,18
9,13
43,8
14,2
23,7
18,23
3,29
26,8
47,12
2,6
8,19
47,22
28,7
13,24
34,25
43,26
39,30
46,29
20,7
21,22
19,21
35,22
5,4
9,13
33,19
23,1
1,20
7,10
23,3
24,18
10,5
33,10
48,18
13,19
33,5
37,6
30,30
10,3
33,14
13,10
0,13
37,11
39,5
12,12
8,23
24,16
18,6
15,4
24,14
33,22
14,23
38,10
43,14
32,2
43,24
21,15
38,18
49,3
34,18
1,12
41,28
24,14
42,16
20,19
7,16
13,4
10,4
37,9
34,21
8,15
42,25
46,11
16,5
34,14
38,11
38,18
27,12
3,5
45,17
39,25
23,22
13,16
38,19
0,20
45,10
9,26
50,2
41,5
31,30
20,3
42,17
34,29
9,28
1,28
49,21
38,12
9,25
35,20
16,13
9,27
16,22
17,15
35,8
18,9
1,1
31,13
43,13
12,17
41,24
49,23
2,30
14,13
34,15
43,4
14,4
20,6
31,1
30,19
46,20
22,14
13,10
46,11
26,23
10,1
3,19
26,8
29,30
23,21
35,4
43,8
12,30
30,12
0,10
6,2
28,14
47,7
41,1
0,30
14,12
23,2
26,1
4,3
11,6
26,19
18,6
1,15
36,18
41,27
22,14
34,20
24,20
13,14
12,23
32,16
41,12
50,7
20,11
9,14
8,19
9,21
6,30
31,10
44,20
50,14
20,4
26,23
34,25
44,4
13,3
32,3
17,29
8,7
49,4
27,23
39,6
25,16
11,12
41,13
10,5
30,14
49,11
45,9
49,1
22,5
22,15
25,27
36,9
49,2
9,18
3,28
32,18
33,29
41,1
7,6
3,10
42,5
2,29
3,16
40,10
12,14
26,28
10,26
26,17
48,15
10,17
38,11
18,7
19,15
17,12
13,20
10,17
50,8
50,12
46,29
2,14
37,25
25,20
46,26
29,18
7,24
20,10
20,3
33,27
23,10
21,1
35,2
21,4
15,2
49,20
42,16
18,18
47,11
42,19
5,11
45,11
16,15
7,8
6,22
22,19
21,23
24,5
0,3
34,3
28,19
33,3
7,30
18,22
0,17
12,6
24,27
11,12
43,29
23,29
34,7
13,4
19,5
25,13
11,30
20,11
9,23
41,12
40,12
44,20
29,23
17,3
20,30
22,19
13,24
34,27
30,1
28,7
1,25
20,3
40,26
11,15
39,23
41,20
5,3
17,3
17,5
50,29
2,11
0,10
6,2
2,24
9,14
11,28
38,18
42,20
41,10
22,21
47,24
8,5
24,30
27,5
47,5
43,24
27,5
22,18
36,4
27,14
27,19
26,10
38,27
21,10
11,12
4,8
20,15
9,3
39,27
6,21
20,9
27,1
40,16
11,26
30,14
7,19
34,19
0,7
5,30
33,19
1,23
45,5
35,20
35,4
39,2
46,6
19,28
47,2
49,9
43,27
13,1
40,22
4,25
18,16
47,27
25,20
39,29
35,21
33,26
42,7
2,27
46,2
3,16
49,26
28,8
5,19
43,8
15,7
5,24
50,8
42,15
43,17
19,15
22,19
43,30
6,9
14,27
28,18
25,26
5,17
36,15
6,20
41,28
39,16
31,10
44,16
28,12
33,21
27,21
0,19
12,2
6,13
31,20
32,1
43,24
26,2
3,18
0,12
15,19
29,16
2,5
47,26
30,29
28,3
0,16
26,22
31,5
37,9
40,6
21,7
28,9
3,27
23,13
37,6
9,25
15,10
15,30
44,28
19,9
37,19
18,16
45,21
18,4
21,12
26,3
36,26
17,14
0,13
40,1
45,29
47,20
11,22
33,10
49,30
23,3
36,15
45,2
2,27
11,17
4,1
46,7
32,15
18,13
50,29
3,9
22,20
25,22
38,8
11,21
12,14
44,30
50,29
15,17
21,2
23,1
1,25
21,1
12,29
42,24
21,22
2,27
34,24
0,28
26,7
36,2
36,3
46,6
37,3
27,24
24,1
8,29
13,27
42,8
36,11
10,25
33,3
45,23
20,1
42,11
30,20
14,7
23,18
46,21
44,5
46,14
33,27
24,29
49,7
47,19
0,29
13,14
49,5
41,8
32,12
1,18
18,1
10,16
48,2
4,20
28,26
2,11
32,24
44,28
30,24
10,18
8,25
40,20
19,7
38,7
32,6
6,5
21,20
44,9
12,9
29,10
7,17
13,8
14,18
25,9
18,29
8,5
28,26
50,21
37,26
21,21
49,3
22,29
47,25
8,18
1,18
17,23
27,8
11,23
23,18
18,26
20,2
11,18
4,12
0,19
21,15
35,8
29,11
13,28
32,25
15,9
33,20
32,21
22,10
13,11
31,15
28,4
14,24
6,20
19,21
18,9
11,30
28,8
15,9
14,4
23,25
19,9
23,7
48,6
47,22
0,30
36,20
4,11
39,20
12,18
20,11
41,30
42,19
22,6
10,11
25,13
50,15
23,10
15,22
49,15
28,2
49,12
26,25
16,12
4,15
11,5
23,29
44,24
49,27
2,15
36,4
28,2
32,29
27,30
18,14
16,17
21,19
0,16
37,28
45,16
23,20
18,16
44,19
15,16
22,15
13,3
33,26
8,3
28,1
28,6
27,6
8,15
8,7
30,6
40,8
3,5
8,19
17,10
27,21
11,13
41,22
13,27
37,2
15,26
15,21
34,19
5,12
17,23
14,28
22,29
18,11
42,20
26,20
27,24
43,6
19,24
18,29
42,23
3,19
34,15
25,9
4,5
28,6
27,25
22,21
30,16
10,2
26,30
44,14
45,8
41,4
0,21
17,23
48,15
50,11
3,9
0,14
37,14
10,3
30,13
29,28
6,10
39,8
27,10
23,12
39,21
38,20
28,14
23,16
3,26
10,22
47,17
40,13
24,24
24,18
10,27
2,6
50,5
5,4
37,7
4,29
16,10
50,29
13,16
32,6
44,7
36,28
23,24
45,12
9,25
23,21
27,14
18,24
21,9
40,14
43,17
7,24
14,8
4,19
26,27
12,22
19,25
49,3
35,3
4,27
1,14
29,7
38,6
28,10
36,1
44,2
27,18
18,19
25,9
19,17
18,7
48,5
38,22
3,29
22,29
8,6
49,4
5,16
19,7
16,19
43,14
16,29
41,4
0,1
22,3
35,29
21,22
18,29
6,30
24,17
4,20
13,21
12,21
26,6
31,29
25,9
47,29
26,27
3,30
48,9
39,11
6,1
27,1
45,13
41,13
19,3
6,11
29,12
41,26
8,18
31,12
4,6
36,30
38,30
36,23
30,1
9,11
6,27
28,4
45,5
47,22
16,22
21,14
28,14
14,25
26,29
2,10
27,6
4,17
31,14
32,7
34,25
17,15
4,4
38,22
45,18
33,19
22,20
16,25
19,15
5,8
47,2
17,19
43,26
30,24
8,25
1,8
4,21
4,16
16,8
4,12
24,29
3,10
35,10
49,11
29,14
16,7
15,22
5,17
16,28
47,10
6,4
42,11
5,18
14,12
42,22
13,24
10,22
40,15
12,19
2,21
41,17
37,9
44,2
39,23
21,21
25,12
5,21
30,21
43,22
2,21
21,5
16,5
21,13
4,7
43,2
24,17
22,15
32,17
16,12
10,7
29,29
3,28
40,10
9,16
13,24
35,11
4,24
16,2
15,14
37,1
13,24
46,11
46,24
16,17
45,28
15,8
27,30
5,12
3,22
30,24
32,8
23,28
21,26
41,1
47,25
9,17
25,19
41,8
16,24
16,22
8,28
12,24
11,14
1,17
7,19
28,15
38,24
40,14
48,7
13,4
24,10
35,5
7,2
31,12
0,25
48,18
13,5
39,10
19,29
12,1
24,2
23,20
49,25
32,19
14,13
43,7
4,1
15,27
39,5
13,25
36,30
42,30
23,14
23,1
39,6
18,14
11,28
42,1
24,25
13,11
7,26
30,2
26,25
26,5
49,12
3,21
18,6
47,10
25,19
46,8
28,7
26,17
39,1
4,9
23,23
20,1
16,20
45,26
1,19
43,26
7,22
26,7
19,19
14,7
33,23
26,23
10,20
6,1
38,13
30,5
44,11
32,1
21,27
31,9
21,21
13,5
7,4
33,16
31,21
18,30
34,23
45,16
0,6
21,21
42,6
7,30
33,6
28,8
25,12
26,6
30,20
38,20
42,4
34,7
38,9
46,26
47,30
28,24
14,22
41,2
13,28
13,7
29,18
30,27
17,9
2,6
26,13
20,13
44,15
40,1
37,29
33,5
22,29
26,16
15,11
28,2
17,13
41,8
47,14
13,26
18,8
11,2
34,24
19,8
13,16
39,10
16,11
42,15
26,2
0,4
45,25
21,20
14,17
4,22
40,28
16,6
14,19
34,10
36,25
25,13
34,18
37,24
26,21
