38,19
21,27
11,21
0,15
12,11
42,4
18,12
22,21
12,28
13,14
11,4
27,14
28,4
49,20
15,23
33,12
19,22
11,12
18,13
23,2
28,30
43,2
27,21
39,4
2,21
14,12
32,14
23,8
25,23
31,4
50,4
50,1
38,23
28,14
42,3
25,24
10,8
35,15
47,22
2,5
37,2
12,11
22,15
36,18
13,20
0,20
40,8
19,30
7,22
20,18
23,24
32,5
45,5
19,25
30,2
4,24
48,22
26,25
33,1
10,28
6,16
13,26
7,16
27,2
12,27
7,2
5,16
7,1
48,24
28,30
10,10
20,26
4,29
33,6
1,16
22,15
29,7
17,7
7,12
8,8
35,19
42,8
15,14
13,9
13,21
18,29
32,27
23,7
15,26
35,10
9,3
26,16
25,4
16,21
49,17
9,18
4,5
0,15
13,18
42,5
34,2
11,5
35,22
14,16
11,14
41,29
43,3
49,3
2,7
36,5
33,5
22,22
26,24
0,1
7,1
45,1
29,29
30,28
40,10
33,13
42,5
48,19
19,3
38,18
39,14
32,2
47,18
2,1
42,13
42,27
12,11
10,20
22,22
31,5
20,9
2,6
43,9
47,6
33,30
23,21
32,12
50,8
25,29
46,30
13,4
22,22
8,20
49,12
7,7
26,20
17,7
50,20
37,29
31,20
38,2
10,3
14,9
1,7
15,5
22,10
19,25
11,14
24,23
12,25
37,9
12,24
13,13
19,21
0,13
33,11
37,8
3,5
8,19
1,7
49,3
4,28
50,8
18,14
22,7
29,16
28,8
20,16
35,11
46,29
37,11
35,28
39,23
48,3
6,3
50,16
46,7
50,12
44,6
26,16
14,8
5,17
26,25
49,17
13,1
49,4
37,25
25,20
25,6
0,13
5,11
37,13
40,11
44,5
41,10
34,16
22,13
46,1
8,20
32,10
15,7
8,24
10,29
22,25
9,11
48,24
45,24
27,19
49,1
13,6
15,27
20,7
37,18
11,12
17,25
7,10
12,13
34,1
14,23
49,26
39,27
38,20
7,14
42,8
46,20
20,24
11,12
37,6
6,20
34,2
6,8
3,6
4,21
47,15
16,19
48,14
29,15
20,13
0,9
48,25
25,2
16,5
21,2
12,9
9,27
0,8
10,3
4,27
43,22
49,25
6,11
32,21
38,29
16,17
4,21
49,16
34,15
25,24
4,8
35,17
37,15
47,30
23,13
39,12
0,27
8,1
21,16
26,9
35,12
24,26
43,26
15,2
11,21
10,27
29,6
37,26
9,24
41,8
24,18
44,20
18,16
26,20
28,2
0,5
12,3
46,24
39,28
21,28
50,3
5,16
34,6
7,29
14,25
4,4
15,15
16,23
47,23
2,29
49,23
9,7
19,15
14,23
15,18
28,8
23,30
44,7
3,26
47,29
2,4
41,15
12,12
42,8
12,16
28,21
27,28
0,8
19,21
4,5
1,29
35,14
30,8
13,23
8,4
16,12
23,15
29,5
14,22
44,14
11,14
1,21
26,4
45,4
11,25
3,1
1,14
29,20
17,28
32,3
40,4
12,10
9,3
37,28
49,11
13,24
46,23
14,9
34,8
15,17
19,3
29,16
22,30
18,24
27,29
44,7
40,14
17,8
23,11
8,1
17,9
47,3
32,6
10,15
23,9
18,24
3,15
34,1
23,4
21,9
22,19
20,23
43,1
19,16
36,14
3,23
37,11
21,21
17,26
1,8
35,13
10,10
17,17
40,3
2,11
29,4
0,4
34,8
13,14
22,2
15,23
37,8
39,21
10,22
39,27
30,13
16,26
16,3
12,1
47,23
9,9
25,3
30,5
4,24
30,26
10,1
6,18
24,26
25,7
44,24
13,29
45,1
15,30
5,19
0,5
15,24
49,18
45,3
15,24
44,23
4,25
34,14
33,28
31,15
9,30
50,18
20,28
30,8
11,9
37,15
2,6
27,1
38,19
31,25
11,8
2,3
10,6
36,6
39,19
12,30
43,1
0,26
13,28
15,9
29,3
6,13
5,9
20,25
22,7
18,8
33,22
47,6
12,12
7,15
16,28
38,6
44,28
47,2
26,17
44,4
35,5
8,9
27,10
38,6
25,17
29,24
0,25
25,9
24,24
44,29
35,28
25,3
13,9
28,18
6,7
17,6
23,17
26,1
15,28
21,2
45,6
24,17
8,29
48,12
23,7
4,15
3,22
35,20
10,22
5,5
19,17
42,16
27,28
19,28
47,12
8,8
10,11
8,25
28,12
33,8
12,17
13,5
10,21
34,15
3,28
0,24
8,30
23,5
14,8
27,23
25,5
24,8
7,2
0,10
43,2
43,22
14,4
44,11
47,18
5,29
2,12
46,21
23,23
16,15
48,1
16,18
9,17
5,19
40,21
30,24
31,29
37,16
49,1
34,1
5,8
30,8
44,28
50,22
11,10
37,14
20,30
42,16
28,1
40,30
13,16
16,13
6,8
7,20
20,28
21,6
18,20
1,21
49,6
11,17
23,6
8,24
47,28
36,25
19,28
10,18
12,28
12,26
36,24
16,27
20,17
21,14
30,17
35,15
43,25
4,5
41,25
20,16
14,13
47,16
2,7
30,27
45,4
48,18
41,16
39,25
39,29
46,26
47,27
24,3
16,7
24,26
26,6
35,25
26,3
28,29
32,19
46,30
49,3
6,13
8,23
46,3
50,8
3,22
2,21
48,23
22,1
15,11
36,5
40,12
33,22
9,19
40,10
26,12
18,30
47,16
38,4
42,26
7,23
10,4
37,4
10,18
31,12
1,28
17,4
3,24
23,10
37,1
27,9
48,2
39,4
32,12
8,26
26,27
5,15
36,3
32,29
28,9
18,15
3,9
6,13
47,29
6,27
23,16
34,5
18,23
35,6
27,11
29,24
36,25
36,1
10,22
37,20
49,6
20,2
45,23
37,13
11,1
47,29
28,20
5,26
1,3
30,21
10,24
23,27
4,16
50,30
21,23
17,12
7,6
19,7
18,9
6,20
41,14
23,1
34,7
46,20
40,24
18,25
11,9
1,16
34,25
15,30
9,25
22,24
22,4
40,10
30,25
21,17
35,8
40,25
20,15
29,18
46,29
8,26
22,19
27,25
2,6
31,10
43,13
18,6
24,14
5,1
20,27
8,6
0,21
40,15
39,19
5,16
11,11
15,12
12,12
37,10
40,22
45,25
47,4
33,7
2,9
40,25
0,27
25,17
6,24
12,5
33,23
0,9
34,30
20,9
12,17
11,8
35,26
10,27
21,3
11,19
42,22
9,5
14,1
21,14
43,9
37,12
20,12
13,10
49,18
11,18
46,27
30,16
45,25
10,26
2,30
1,6
1,30
43,28
1,14
46,8
15,16
30,4
21,13
45,29
20,3
6,17
5,12
23,28
18,8
40,19
29,19
39,7
47,11
26,21
27,17
38,13
12,29
27,21
42,17
33,6
17,14
5,29
22,18
5,2
11,10
3,29
47,28
40,4
40,19
36,3
32,17
1,27
37,8
14,22
23,4
22,12
29,3
13,30
37,24
6,22
7,1
29,29
50,24
32,28
43,20
9,15
30,11
22,13
12,30
21,25
4,16
19,28
4,10
1,3
9,7
22,7
11,6
33,19
49,5
36,23
29,12
26,1
16,3
22,23
10,22
27,13
16,9
11,5
23,11
3,6
47,20
48,2
45,28
0,24
23,18
30,17
1,5
17,26
35,19
31,14
25,12
30,15
0,17
44,25
25,12
39,17
12,1
18,15
41,13
21,5
35,20
46,16
36,25
13,4
44,9
39,6
48,24
6,30
7,4
26,2
33,16
13,4
17,10
18,7
27,20
9,10
30,16
50,15
14,15
40,10
36,8
44,5
30,13
34,27
6,22
21,27
36,27
1,25
36,8
46,8
25,20
37,12
36,11
2,14
3,29
35,3
16,15
33,4
46,20
21,2
29,21
5,15
44,18
47,7
31,3
1,22
39,20
17,3
21,8
8,7
11,4
46,29
40,5
23,18
6,8
41,18
36,26
42,14
14,10
46,13
36,18
20,3
20,17
3,29
21,27
11,5
28,28
22,3
2,28
47,19
28,12
17,18
3,1
40,2
12,22
30,23
32,30
28,11
31,28
16,5
38,7
17,2
38,8
36,26
5,10
37,10
6,10
46,22
30,12
0,5
34,14
25,12
34,26
32,30
19,9
19,10
6,22
1,12
38,4
44,10
19,23
43,20
41,7
42,4
20,21
22,28
19,12
26,13
35,21
50,9
50,28
20,23
50,17
41,14
36,25
25,15
31,1
27,27
39,6
24,9
32,7
43,19
40,30
45,4
9,17
50,10
42,5
40,29
1,2
38,14
2,16
25,25
23,6
4,6
10,5
10,29
34,6
38,11
36,26
29,27
50,14
15,6
2,16
47,1
16,15
13,24
24,1
11,3
21,11
41,26
38,3
3,4
0,2
42,13
46,22
3,19
19,1
11,9
33,4
24,1
44,4
18,28
38,11
7,12
12,19
22,21
20,9
15,29
36,10
50,11
46,5
39,28
18,22
21,20
32,12
15,22
41,5
0,1
20,28
38,3
30,30
31,4
37,14
33,16
1,17
2,7
15,29
44,1
50,13
30,27
8,19
46,2
6,30
0,3
39,13
5,6
30,9
30,25
43,4
30,7
3,8
30,8
44,20
15,4
29,2
15,28
28,14
15,12
1,14
6,20
18,26
32,7
35,10
5,12
45,18
19,21
24,1
34,15
5,17
20,9
33,16
0,26
34,1
21,19
19,14
37,11
1,14
47,17
47,7
14,1
24,13
2,10
49,23
46,26
44,16
28,25
0,15
14,11
6,8
20,14
45,15
8,5
39,21
19,13
39,21
24,1
25,5
14,3
36,3
36,19
27,9
12,25
37,5
27,25
6,12
10,2
1,23
29,27
24,1
11,13
16,18
6,18
5,15
25,11
35,3
3,2
23,17
11,12
32,27
39,12
31,14
29,21
24,20
44,27
2,4
36,11
44,8
41,7
33,27
15,13
50,11
20,16
10,20
26,23
17,4
19,15
32,19
11,7
14,24
11,4
6,5
48,11
28,8
37,13
44,17
18,5
42,8
26,17
41,12
14,17
15,25
27,24
30,22
0,18
47,9
35,6
8,19
31,7
35,13
9,30
8,12
49,11
14,19
48,11
1,28
19,19
28,30
30,11
42,13
26,29
41,28
26,16
6,8
29,26
17,29
48,10
39,1
31,20
45,6
28,5
21,14
29,16
47,27
39,8
6,29
42,1
5,19
4,22
5,22
32,13
5,25
17,22
35,2
26,11
49,20
16,13
0,24
0,19
41,26
8,1
11,3
16,22
37,15
43,12
39,14
23,26
46,18
17,19
23,3
24,30
4,20
46,24
42,27
36,12
32,8
19,3
17,2
27,3
11,18
44,10
49,14
15,21
21,24
15,21
33,25
43,9
41,18
3,18
35,17
45,14
35,4
15,26
43,3
3,23
36,21
26,5
38,24
19,29
42,11
42,25
0,21
17,18
2,3
36,16
50,8
48,9
21,7
41,18
20,12
10,6
42,1
15,9
19,30
2,28
35,24
7,7
9,8
10,12
27,19
6,28
32,8
37,4
15,5
24,15
7,1
33,2
16,3
28,26
36,20
33,11
23,18
13,30
2,13
41,17
0,26
36,9
18,15
26,9
49,21
16,27
31,3
31,27
10,26
33,7
36,5
6,13
26,6
32,1
17,17
39,27
9,23
35,23
0,9
17,5
42,4
18,19
9,8
42,11
47,29
29,27
34,16
21,8
15,25
24,30
10,12
22,7
6,18
30,8
18,15
22,9
34,19
37,2
11,2
39,22
11,1
10,9
10,30
42,19
41,11
6,26
44,4
13,26
49,13
28,7
21,6
20,11
38,12
8,2
1,27
28,14
35,11
30,2
38,30
33,27
13,22
37,11
9,29
22,6
2,28
40,12
50,17
4,8
26,17
20,25
44,23
46,10
17,6
48,9
2,16
40,19
42,23
19,11
4,5
25,3
11,25
35,9
44,7
33,6
6,23
29,27
49,25
38,1
15,16
37,5
22,12
38,28
30,12
1,26
8,1
19,19
4,24
42,26
38,26
39,3
11,8
17,9
26,14
4,18
15,6
33,10
35,30
34,9
14,18
14,10
17,7
20,6
12,1
37,15
11,26
27,26
48,7
10,11
32,1
48,2
49,21
27,20
13,21
32,17
13,13
49,8
43,18
22,2
4,17
47,10
39,17
10,4
34,4
38,29
15,21
0,12
48,30
30,16
46,21
14,15
42,14
24,14
16,8
22,20
19,13
5,30
6,9
35,27
5,8
40,30
40,29
14,18
31,17
7,28
3,6
37,1
39,21
25,30
5,3
41,26
39,7
39,27
26,2
25,6
46,9
28,20
31,19
14,16
49,18
32,19
30,1
33,8
37,1
35,28
11,1
43,13
37,22
29,23
7,22
36,11
31,27
44,27
32,14
37,4
0,22
1,4
46,16
16,7
27,11
48,29
50,8
25,30
24,10
6,24
20,28
2,25
34,11
25,2
29,19
21,29
32,28
29,13
14,24
28,11
38,7
36,9
6,29
46,17
29,4
40,19
17,25
38,17
15,25
8,20
30,29
3,14
40,13
9,17
46,15
35,26
12,2
19,24
26,13
50,24
31,4
42,11
17,24
34,16
40,21
21,17
44,30
34,14
50,4
50,16
25,8
45,25
48,3
6,27
4,24
0,30
34,13
24,13
29,23
47,26
39,27
25,13
4,30
6,12
34,25
24,16
25,12
43,23
46,9
42,14
16,10
27,17
48,17
47,25
44,21
50,13
19,1
5,2
42,13
28,3
36,30
36,29
11,7
19,12
32,9
14,25
30,6
9,26
15,22
14,1
32,8
35,7
13,7
20,19
3,2
50,7
25,18
16,29
29,9
21,19
32,11
28,29
45,28
41,30
38,15
14,4
28,28
44,15
26,5
19,2
27,28
15,15
35,25
26,25
20,5
42,28
41,26
11,4
1,11
24,8
27,9
14,10
8,23
44,5
12,29
13,1
10,5
3,27
36,11
23,4
36,9
49,9
20,1
37,24
12,6
6,22
7,23
2,25
31,2
44,12
23,21
30,29
39,29
41,6
47,18
0,15
47,13
18,9
28,30
15,12
45,7
0,26
50,12
6,9
31,30
15,3
42,15
8,27
32,23
10,18
14,4
50,7
34,20
21,6
16,26
41,24
1,18
3,22
6,9
43,9
47,10
30,30
9,12
38,25
22,19
32,27
24,3
28,25
37,28
24,2
4,23
30,7
15,30
48,19
50,25
24,19
12,6
30,11
26,21
44,29
43,16
19,15
29,9
45,19
47,10
21,9
41,12
27,6
44,20
16,20
23,5
50,30
36,20
12,22
39,10
26,23
42,7
44,1
4,14
27,11
7,30
27,26
49,2
33,30
43,9
20,1
19,9
26,30
31,22
20,26
41,30
29,11
44,21
47,24
46,4
13,25
23,13
8,20
32,27
27,30
14,6
32,22
43,26
6,25
50,23
26,22
42,4
16,27
9,11
11,24
36,3
21,15
5,27
31,15
48,16
50,19
40,18
39,27
6,21
15,7
0,21
38,22
32,5
17,5
13,1
29,1
45,12
43,13
32,25
7,20
8,14
26,9
25,26
19,13
38,3
42,7
47,2
26,10
24,12
28,28
25,16
18,6
18,24
12,20
34,12
36,22
9,28
45,7
48,19
18,5
47,25
36,12
0,17
39,15
9,24
11,23
25,8
24,12
21,16
20,18
23,1
44,5
27,24
12,23
41,8
41,20
47,1
14,11
40,5
6,13
25,17
15,28
2,26
32,14
15,19
15,22
13,6
34,29
42,10
23,3
2,23
18,8
16,2
15,29
28,20
29,3
1,19
41,21
35,11
20,12
17,16
38,2
19,1
32,13
16,17
32,4
13,5
24,13
15,29
21,8
15,15
35,8
16,5
21,6
28,22
30,19
38,10
19,14
38,9
15,15
23,11
27,26
16,23
33,29
7,20
41,24
24,10
28,14
9,17
11,30
2,18
22,26
28,2
30,25
23,8
18,17
48,20
13,13
11,18
33,30
27,3
0,2
33,25
13,2
37,20
6,13
42,3
50,9
3,30
44,6
16,2
22,10
20,17
40,20
27,8
18,4
44,22
13,17
42,27
29,21
42,11
24,24
31,14
8,6
15,7
21,20
50,6
23,21
10,7
5,27
23,22
10,9
5,17
16,23
48,7
24,21
43,25
8,21
40,30
0,19
12,23
28,30
35,14
40,23
8,18
4,16
9,25
33,15
11,11
34,30
14,23
13,21
48,22
49,30
4,25
43,8
28,2
9,7
5,19
21,20
29,6
34,2
21,2
40,27
18,13
6,20
26,23
23,12
2,13
41,28
12,26
12,4
30,1
11,22
5,24
40,28
13,12
20,25
39,1
11,20
21,28
19,17
50,17
17,20
19,5
17,27
34,28
45,28
31,20
29,24
30,19
31,27
44,22
50,1
3,28
17,17
14,10
24,18
28,7
44,1
32,17
1,17
32,2
13,15
23,17
45,16
34,27
50,2
0,24
19,12
34,22
16,6
49,1
1,16
26,29
49,1
18,6
16,14
33,13
10,28
15,8
8,8
42,22
28,7
32,13
44,13
26,6
11,24
42,7
19,7
2,11
6,16
38,7
19,16
2,29
26,10
9,21
30,8
5,12
24,18
30,17
26,3
31,4
18,16
17,6
7,24
8,5
30,11
20,23
40,30
45,17
28,16
33,7
1,25
28,13
25,24
6,19
11,12
35,9
48,22
29,19
29,10
48,4
29,5
32,17
11,26
27,2
0,4
40,20
50,21
24,16
31,24
5,22
5,25
7,24
12,26
47,14
43,10
50,3
13,27
6,5
5,11
14,12
20,22
19,3
34,2
45,1
32,27
49,12
37,16
33,6
3,20
47,14
22,15
0,10
38,27
14,17
34,20
9,16
32,7
0,29
46,10
9,28
34,8
19,8
48,22
17,20
5,7
30,20
50,19
7,6
50,25
50,14
38,25
5,20
7,19
47,4
25,29
23,4
12,9
1,5
7,20
3,15
50,13
26,14
22,4
24,17
29,6
2,10
13,26
41,8
50,14
45,12
33,23
15,17
6,30
21,21
3,17
3,9
29,30
26,30
4,7
10,7
49,11
23,17
47,25
6,2
0,28
12,28
25,22
23,1
31,7
39,19
41,18
39,1
44,27
13,3
8,18
49,8
21,14
29,28
37,20
25,13
37,16
3,29
9,29
16,1
5,27
15,30
40,18
3,22
29,29
1,17
16,2
25,20
10,15
50,3
31,20
43,30
37,27
17,21
17,20
41,25
36,1
46,10
20,8
10,19
29,23
40,18
15,4
19,24
16,28
2,4
24,22
40,12
4,8
12,16
9,3
46,4
0,26
10,19
4,29
50,18
24,20
37,12
39,18
13,1
31,14
1,1
21,21
47,2
25,14
44,13
8,18
6,17
43,20
3,3
35,3
19,7
20,27
25,25
28,4
25,4
37,8
46,23
32,3
50,25
44,13
32,2
5,14
30,1
16,13
33,27
38,24
3,5
24,6
4,24
30,24
5,26
27,27
22,10
44,7
2,11
22,19
17,27
6,9
29,22
44,5
0,22
5,17
39,9
5,17
38,19
39,21
8,30
48,2
25,22
20,22
35,1
44,16
26,25
46,19
8,7
24,15
46,24
45,22
18,7
46,26
4,26
29,21
8,26
26,2
28,24
29,2
45,14
48,12
4,17
10,29
40,10
23,12
45,8
46,21
48,21
4,20
33,23
12,27
6,28
42,27
50,13
3,6
2,29
42,27
16,9
18,23
12,9
16,13
41,18
34,22
39,8
11,13
15,4
45,20
4,27
27,6
9,20
0,18
48,27
47,28
40,21
10,2
17,20
13,19
4,19
22,27
29,1
45,17
46,5
8,1
13,14
17,26
9,13
15,25
3,17
50,1
22,3
34,5
0,11
41,19
20,11
47,25
5,15
38,26
11,19
35,12
10,27
29,15
43,8
25,25
18,4
41,4
11,19
26,28
48,30
28,29
7,28
45,10
35,4
5,20
13,3
49,27
10,22
18,18
44,29
4,28
6,20
41,24
46,22
3,7
46,26
24,24
0,18
5,2
32,1
46,5
39,16
31,29
12,20
1,29
29,12
28,22
25,10
24,18
41,1
48,6
9,24
36,9
18,1
28,7
46,22
23,23
18,6
15,3
16,13
47,28
30,7
29,20
17,10
25,20
14,14
42,27
2,20
24,1
18,23
11,12
20,2
45,18
37,1
39,16
17,27
36,8
33,5
3,29
48,20
17,1
25,21
29,12
26,23
30,27
12,19
3,25
22,21
44,17
7,18
8,3
14,18
24,24
8,30
4,14
21,13
0,19
44,11
37,25
28,11
37,18
9,26
17,6
37,20
35,19
49,7
47,23
10,12
7,3
31,8
20,5
46,9
31,16
30,3
21,26
5,29
7,4
23,29
29,24
31,3
12,28
26,11
14,12
15,16
13,28
38,10
19,21
47,22
43,3
15,27
3,12
7,2
33,4
13,14
26,20
17,12
29,22
26,22
19,7
34,26
25,17
50,19
35,9
27,1
15,15
31,18
30,23
46,10
23,2
30,2
19,23
19,24
12,28
10,27
43,26
38,25
49,6
19,5
31,17
26,26
43,3
4,29
39,30
6,9
10,25
45,1
36,4
13,29
21,15
20,2
31,1
8,4
24,25
30,15
28,28
49,29
46,30
26,16
40,10
0,28
20,4
32,29
12,5
6,8
22,7
23,24
12,13
38,27
24,9
35,3
46,16
45,12
19,13
37,21
12,29
15,1
41,11
2,30
1,17
16,19
34,16
47,2
3,11
32,19
39,19
36,28
20,8
44,9
35,17
18,15
3,24
40,4
3,3
9,4
14,2
49,28
27,24
5,2
21,26
32,23
17,15
47,25
37,4
2,29
38,3
33,4
17,21
15,7
45,29
8,10
8,12
48,3
22,12
19,1
0,29
27,3
45,2
19,8
39,5
5,15
24,29
9,16
23,23
8,28
33,18
17,23
21,11
16,3
32,29
18,27
5,29
45,9
25,18
10,11
30,14
15,27
26,19
21,20
16,27
22,4
23,13
7,17
34,26
8,21
43,21
27,23
40,21
35,15
35,13
28,26
23,15
42,24
42,17
28,3
48,7
21,24
28,12
21,18
31,26
40,26
48,6
23,29
13,23
20,19
48,20
44,27
31,4
13,7
26,19
28,20
37,5
21,20
36,4
9,8
13,13
48,4
19,6
13,8
50,21
40,29
9,23
10,2
1,13
6,8
5,30
31,12
44,1
3,26
39,29
2,28
32,30
2,3
39,23
30,14
9,13
41,19
49,2
44,4
37,28
5,12
23,5
26,3
29,9
6,30
23,7
10,24
1,14
49,20
48,14
6,17
33,26
37,8
14,15
25,10
29,7
34,7
24,29
31,9
18,23
44,16
0,8
25,18
22,27
47,26
41,17
14,10
27,12
16,18
44,15
36,30
25,23
22,23
21,3
7,1
36,24
30,6
1,4
23,12
42,6
30,25
19,18
22,21
25,30
11,8
36,13
42,30
14,14
31,13
34,19
5,17
0,21
48,20
49,16
31,6
43,5
11,12
25,30
1,29
29,14
41,15
16,18
7,4
42,30
47,13
5,13
19,28
5,12
16,11
47,10
35,21
39,1
9,19
37,23
38,6
24,14
50,5
23,29
25,22
33,23
46,11
32,7
26,24
2,25
40,26
12,8
28,12
47,15
35,10
42,8
14,17
1,30
21,12
15,10
35,9
12,24
12,7
38,16
45,19
49,2
49,22
40,22
25,15
25,5
39,23
2,25
1,27
29,12
42,10
42,29
45,12
28,20
31,15
22,19
30,5
39,19
37,23
6,16
23,24
41,21
29,21
2,14
49,28
46,26
39,6
29,30
12,15
16,14
50,26
11,27
1,27
32,23
31,5
23,14
1,15
18,29
38,6
17,27
19,19
30,26
1,14
44,8
31,25
42,22
19,30
26,11
15,23
36,8
24,24
8,5
22,20
41,14
25,3
32,29
2,8
40,1
2,25
15,28
6,24
15,20
39,14
4,15
42,7
30,11
17,4
4,7
32,27
42,12
0,13
20,9
6,2
17,18
3,11
39,13
4,24
17,26
17,6
32,15
40,9
27,18
23,10
9,26
33,6
32,8
29,4
31,1
36,11
14,22
7,29
40,18
39,13
32,16
40,28
14,25
13,10
41,26
42,9
21,6
33,5
19,21
8,27
2,1
39,13
25,17
13,27
44,29
20,4
35,17
27,12
35,19
15,6
45,7
32,16
39,13
30,19
5,23
24,25
10,23
2,20
26,20
9,4
16,8
22,9
13,30
44,15
26,1
23,10
31,15
27,4
37,3
11,1
6,8
34,16
9,25
1,15
21,24
46,19
45,4
37,17
20,6
21,25
47,10
40,5
35,14
1,17
13,11
2,26
30,1
25,9
13,28
20,1
25,11
48,26
29,7
21,9
4,1
16,1
44,18
0,12
36,30
16,4
1,5
19,23
2,1
37,1
42,28
36,15
2,8
7,5
11,14
15,20
38,5
19,8
36,1
23,6
12,20
23,28
2,12
2,23
21,6
1,23
40,5
21,14
11,12
12,18
43,7
40,19
24,11
23,19
49,25
15,15
30,26
10,12
18,1
50,8
29,8
18,2
17,2
37,7
10,24
44,1
18,15
5,3
32,20
5,7
40,6
43,1
40,17
13,22
22,16
25,10
2,19
31,6
50,17
29,19
36,30
37,18
5,18
4,2
19,20
12,27
33,13
42,29
45,13
14,13
26,13
43,12
9,13
34,30
21,2
37,15
46,21
12,9
20,11
29,20
41,29
14,24
45,30
15,16
41,10
11,10
50,14
21,30
1,6
18,13
9,9
25,29
21,6
34,14
19,13
38,16
27,26
33,10
19,5
17,26
21,8
16,5
5,2
40,7
38,17
43,13
38,20
35,30
16,2
21,3
1,16
16,13
31,26
44,25
38,27
23,23
23,30
24,18
19,18
46,12
34,18
34,25
42,9
20,10
29,22
25,5
38,7
39,14
25,13
12,11
23,18
42,14
12,5
40,12
42,4
6,15
1,23
32,24
37,22
8,24
12,28
9,24
22,23
11,5
20,17
23,22
35,6
48,3
6,18
1,9
18,1
50,9
24,15
9,17
19,12
49,28
26,11
34,14
17,21
4,4
45,3
43,30
6,7
26,28
45,15
36,20
38,5
32,23
39,29
17,2
0,27
14,24
9,3
4,15
35,7
13,14
50,15
36,24
24,10
3,30
49,2
42,17
20,12
15,28
23,19
3,30
8,23
49,19
46,19
3,11
14,14
3,4
46,2
14,8
28,14
17,9
32,5
45,24
42,5
35,23
15,29
36,5
33,24
19,29
27,10
7,6
1,15
30,28
0,7
42,7
26,1
2,27
42,18
42,28
35,3
34,25
45,29
23,20
6,5
6,1
42,21
47,24
40,3
2,7
44,16
11,30
18,30
31,4
23,25
42,2
45,25
29,26
50,27
4,19
30,21
7,29
9,27
15,21
46,6
9,18
34,28
39,11
23,25
37,25
30,6
31,3
39,9
26,7
45,5
0,4
20,22
45,25
7,12
22,28
42,28
47,2
3,18
11,14
8,11
10,8
50,1
44,12
0,18
22,18
10,5
2,16
1,25
27,28
5,16
19,16
1,26
13,17
32,21
46,13
31,6
35,10
5,9
1,21
38,20
12,2
11,24
30,19
3,2
24,10
19,16
21,2
3,28
37,30
5,27
47,28
48,3
41,11
49,6
48,11
42,22
12,1
50,22
20,11
18,9
2,29
18,30
22,9
23,19
38,4
9,24
21,5
37,26
23,24
35,13
12,30
14,18
1,13
24,6
41,16
35,17
15,10
9,17
13,20
43,20
48,20
49,2
10,23
38,25
24,24
25,9
24,5
37,23
43,21
6,23
10,17
28,15
5,20
32,12
7,28
37,29
35,11
22,15
6,9
28,12
10,12
24,28
28,24
26,1
14,13
15,20
12,4
23,2
36,2
39,13
34,26
21,24
6,8
8,5
8,8
33,15
25,8
41,23
38,9
10,28
7,22
43,20
39,26
39,13
6,20
43,5
35,25
24,12
19,22
13,15
6,9
25,6
49,9
45,3
41,26
22,10
39,9
50,21
0,8
29,10
37,22
23,14
6,15
14,16
21,3
49,12
8,22
21,8
40,10
21,18
6,15
40,2
8,20
10,27
42,7
37,14
23,2
38,6
14,22
21,9
14,5
31,17
24,14
18,6
12,21
41,26
29,20
15,2
46,8
0,14
7,13
44,18
14,8
33,12
34,2
26,9
22,28
27,2
5,24
0,8
28,2
50,5
4,27
43,28
20,26
19,2
18,11
0,9
47,13
35,11
41,2
43,30
39,4
24,26
31,26
35,4
7,12
6,4
32,9
11,12
42,3
29,14
15,20
40,12
18,7
25,15
45,11
19,4
40,17
41,6
29,3
45,7
27,13
25,26
17,14
14,15
15,22
30,30
7,28
33,28
35,13
15,1
0,29
29,10
44,9
44,21
13,19
17,12
2,13
15,20
40,24
47,7
11,29
5,26
25,8
47,30
15,17
27,17
1,20
29,1
36,25
10,21
14,14
46,28
12,24
7,29
33,27
42,11
10,6
10,19
7,9
23,14
32,20
14,27
2,8
22,30
37,10
36,24
35,15
1,29
40,11
10,3
1,28
19,14
23,7
31,13
50,28
16,2
36,1
39,4
32,5
43,23
8,16
7,7
4,3
14,9
48,20
47,23
39,11
23,16
37,27
4,4
25,4
26,28
8,4
12,4
39,1
28,23
11,22
12,21
6,24
28,15
1,27
4,10
37,25
14,14
23,30
31,28
50,20
21,15
22,4
14,30
25,4
9,8
5,1
10,25
34,27
39,6
28,24
6,21
14,3
21,17
11,6
50,1
14,27
37,19
35,26
45,10
21,16
31,22
36,15
6,22
23,5
40,18
31,18
24,13
24,3
40,28
15,23
21,3
25,23
34,18
13,7
27,17
0,17
25,10
5,28
32,18
45,10
40,26
20,6
48,12
35,8
14,12
48,17
48,25
31,16
33,23
36,10
1,13
23,3
2,14
49,15
16,10
23,13
5,11
40,1
46,13
47,1
29,12
33,30
36,16
16,1
30,4
27,5
5,16
8,12
6,27
6,14
16,16
44,25
29,29
4,1
30,7
29,26
45,7
11,25
34,10
0,13
45,11
10,3
49,6
17,27
47,4
47,19
48,21
40,30
11,28
44,29
23,5
37,24
1,20
28,8
2,27
28,28
26,28
29,30
10,20
50,6
17,7
35,23
49,8
15,21
45,18
25,6
35,15
27,5
7,17
41,16
26,23
33,25
29,18
19,29
22,6
26,25
19,26
13,11
5,28
21,17
24,29
10,13
17,23
19,7
41,21
20,22
14,30
4,17
12,21
34,27
29,24
44,8
27,5
13,9
42,15
46,14
18,26
47,23
16,23
40,24
24,26
15,4
5,25
6,28
24,2
30,8
38,28
11,9
47,24
11,21
39,11
4,18
40,23
42,1
17,10
14,13
19,8
49,25
31,3
26,18
15,1
24,28
4,25
43,8
43,21
29,22
11,22
28,30
1,16
35,16
22,8
1,4
11,30
41,18
6,5
37,10
35,8
10,1
2,2
17,28
4,4
1,7
47,25
48,3
16,8
9,18
31,7
13,18
5,20
39,22
1,15
16,23
0,4
28,7
0,28
19,25
25,21
33,10
47,4
25,1
12,27
50,5
39,28
20,9
24,4
11,11
34,19
18,25
46,28
14,28
46,20
40,10
6,7
9,18
10,19
24,14
21,7
2,5
48,16
11,13
47,6
1,6
5,20
30,4
10,29
16,20
29,1
5,5
18,9
50,20
32,2
41,4
10,2
22,13
36,21
22,10
39,6
40,25
36,5
49,4
1,1
43,11
22,16
45,5
31,9
13,8
8,17
40,12
16,28
9,19
32,3
35,21
29,26
49,17
37,18
40,24
38,4
39,11
47,30
39,12
41,17
33,1
5,19
37,15
28,17
48,18
19,28
8,7
49,17
9,24
28,8
49,14
20,8
6,1
38,27
43,5
48,29
44,24
38,5
49,17
23,18
43,18
29,19
3,29
36,4
16,11
26,4
39,5
38,7
15,23
39,30
17,19
46,3
31,18
45,1
28,19
20,5
23,13
38,28
22,13
44,15
50,13
46,28
25,18
42,11
36,14
12,10
17,3
6,20
25,28
12,1
18,22
44,9
42,13
37,21
41,22
46,30
9,18
50,9
1,10
42,21
29,17
18,17
18,11
41,7
36,29
16,17
6,24
28,22
9,14
18,28
39,2
32,25
17,23
17,7
19,14
3,21
21,12
40,27
23,11
16,13
2,17
42,6
4,30
35,22
43,29
44,27
22,4
24,7
28,28
0,4
38,28
17,7
47,23
33,29
38,4
12,9
15,24
42,4
31,28
19,2
48,6
17,29
23,20
11,12
43,3
0,19
29,29
14,24
33,1
32,25
28,1
23,4
20,10
4,10
50,7
50,17
0,5
0,27
46,25
6,24
13,11
17,11
19,23
3,23
24,19
17,11
33,21
46,8
1,23
13,24
17,25
49,8
23,15
19,24
24,10
15,7
10,28
15,9
15,30
39,20
6,13
32,3
18,19
13,18
31,30
45,3
42,15
28,14
11,21
21,18
5,13
28,3
4,12
23,29
46,19
13,14
41,14
20,29
46,27
23,19
36,12
20,22
11,24
30,28
8,23
43,20
4,9
24,2
15,14
16,29
9,8
35,11
8,3
32,19
47,24
8,2
50,16
23,10
7,23
40,18
17,9
36,2
39,13
50,16
31,15
10,3
46,25
13,1
22,26
9,1
15,13
35,17
11,13
30,24
36,11
25,11
36,2
14,4
13,8
19,18
12,22
37,26
1,24
49,18
24,25
9,26
34,17
21,1
34,7
49,12
13,24
3,18
46,4
26,10
13,6
14,29
13,9
50,2
47,28
37,4
49,11
43,16
15,17
3,11
49,21
27,25
8,3
46,20
40,23
29,6
49,16
3,3
37,26
13,13
37,12
48,15
13,13
8,6
50,11
36,5
38,14
17,18
22,7
20,21
36,19
35,21
34,8
31,12
44,2
13,28
10,30
28,7
41,20
17,8
2,10
7,2
17,9
14,17
38,21
26,12
40,11
35,9
27,24
6,7
5,27
37,10
17,17
2,11
10,10
43,1
18,9
35,29
26,22
24,7
24,21
39,24
37,1
45,2
34,14
12,7
44,16
9,10
22,23
5,28
43,6
1,21
11,25
20,28
23,4
25,16
39,17
19,9
43,26
0,23
23,21
24,21
46,11
10,15
24,3
17,29
49,27
10,15
17,17
44,9
13,12
44,26
6,24
19,30
18,12
48,26
15,2
21,8
40,6
17,9
11,27
16,7
30,14
37,19
3,30
44,6
34,20
20,6
29,6
6,12
44,16
7,9
33,12
28,30
16,25
21,2
21,27
1,26
43,10
47,12
16,26
50,14
19,30
5,19
9,23
15,16
9,26
46,26
48,23
32,18
32,27
37,29
30,24
34,29
37,19
34,17
28,22
20,14
14,28
34,11
34,6
18,28
33,15
10,7
26,16
23,10
6,27
20,30
14,6
9,16
38,29
0,21
19,3
36,7
27,9
2,7
0,16
46,3
20,29
30,4
17,29
23,26
15,1
48,16
7,7
15,22
39,18
39,6
12,20
15,16
18,16
23,6
41,24
50,28
32,22
34,29
18,5
40,20
24,2
18,22
35,12
28,8
27,6
45,19
45,17
16,18
30,18
5,25
0,19
46,12
46,25
8,26
11,9
42,18
21,16
30,11
27,4
43,3
31,11
41,12
49,8
24,9
20,6
42,11
10,23
32,20
34,16
45,19
39,7
14,2
40,9
39,6
47,9
48,26
27,28
12,30
24,12
1,11
50,26
32,1
33,22
6,1
8,10
40,14
23,2
24,23
13,24
6,15
36,16
41,21
27,30
7,27
17,8
28,1
25,15
37,26
37,4
36,1
26,7
16,29
20,27
2,27
43,11
49,5
2,3
50,23
17,9
13,17
28,16
42,18
0,20
23,25
8,27
3,26
31,30
29,24
8,10
40,17
8,26
48,19
39,7
24,12
47,2
24,30
1,11
21,28
24,18
20,9
10,2
23,3
32,23
17,18
43,9
1,10
3,5
48,19
18,21
10,29
22,2
38,17
5,23
28,5
24,30
50,21
49,30
2,24
14,26
44,4
14,1
22,26
26,22
35,7
47,6
45,12
31,13
28,22
42,19
12,24
44,24
34,30
18,21
5,20
33,7
17,25
27,26
28,18
14,10
5,14
23,28
8,29
5,23
45,30
13,25
47,25
47,29
14,15
23,27
42,21
50,22
10,22
35,22
27,2
0,4
34,6
27,26
8,16
50,1
1,9
42,28
12,5
34,21
24,7
36,11
21,27
14,18
10,30
12,6
36,22
26,19
11,18
48,10
18,9
0,3
46,8
50,2
8,23
23,6
1,4
46,25
39,24
41,28
19,22
10,16
46,11
12,4
40,10
29,27
36,5
38,25
41,1
21,24
35,29
14,27
38,7
37,20
37,4
13,5
45,18
25,12
30,19
12,5
22,21
3,9
3,23
35,24
43,25
40,4
13,21
35,30
40,26
3,12
5,12
45,26
33,16
24,25
29,16
3,28
43,11
27,6
1,29
23,8
43,25
26,13
4,1
23,28
46,22
6,23
23,15
44,7
48,5
33,19
23,17
18,16
35,19
29,9
27,16
18,3
23,27
42,4
3,13
26,10
3,18
23,4
43,25
0,2
31,13
3,24
40,1
40,19
37,22
36,15
11,3
7,23
46,30
34,30
24,26
30,8
5,21
41,3
14,12
10,22
24,3
7,11
37,6
33,15
29,28
49,13
24,22
30,16
34,27
3,16
44,14
7,17
16,18
38,12
45,29
32,13
20,3
22,21
43,9
32,29
30,1
21,28
33,6
8,19
23,13
24,1
39,29
22,2
42,12
49,20
31,12
16,9
26,22
17,24
32,6
40,17
3,19
8,28
25,1
6,17
23,1
39,23
50,6
31,15
22,13
3,18
42,13
38,22
30,18
46,13
31,4
35,24
13,13
47,15
26,6
12,19
6,20
16,10
43,19
42,11
32,19
36,8
21,5
43,10
31,19
0,25
12,21
11,23
50,11
17,13
3,10
33,9
39,10
33,6
1,24
43,1
1,28
9,2
27,1
19,24
8,7
14,17
42,7
20,8
20,18
46,17
8,20
46,25
23,19
15,13
24,5
30,17
40,28
29,5
1,11
32,4
21,7
37,1
11,29
15,3
34,18
2,30
8,9
28,9
4,28
29,5
46,2
14,4
14,13
35,14
48,20
16,20
28,14
38,5
32,17
46,22
27,19
43,15
16,6
38,21
39,21
35,21
14,10
7,20
5,6
35,2
37,20
37,5
22,19
36,6
16,28
46,28
21,7
10,16
5,3
33,18
13,22
33,24
37,9
24,12
32,8
45,7
32,27
0,24
48,9
35,9
15,15
1,6
28,20
8,20
26,14
44,13
36,17
24,28
31,16
39,11
34,10
49,25
13,14
35,16
18,27
16,4
33,6
18,23
19,19
20,14
50,30
17,14
24,19
19,19
34,27
30,1
25,10
43,19
41,24
3,11
25,21
13,3
29,13
42,9
42,15
14,17
13,30
20,21
44,5
40,6
19,19
25,15
11,29
12,28
42,16
7,7
19,26
30,20
18,23
14,16
31,22
3,30
34,26
22,8
39,23
12,21
14,23
47,22
40,23
7,18
28,25
16,12
29,17
40,1
40,22
44,29
10,2
27,26
8,13
36,19
36,16
9,13
15,20
19,22
23,10
28,7
38,25
32,3
28,24
2,26
3,12
29,24
16,25
30,4
45,13
23,7
21,27
8,28
21,11
13,4
19,7
41,14
7,12
45,2
20,8
7,21
16,20
3,30
34,3
2,5
19,16
0,3
15,27
43,21
11,19
49,9
11,5
32,5
36,20
27,17
45,17
31,5
49,11
16,29
34,2
20,14
32,1
38,5
33,3
40,26
5,10
36,10
7,10
5,10
39,15
13,14
48,1
34,9
39,26
6,9
50,4
21,21
1,15
23,30
17,22
27,9
47,10
28,29
6,4
41,13
29,21
18,13
29,12
38,30
6,30
33,25
43,7
41,29
14,16
33,6
32,24
25,24
34,26
18,2
44,22
44,26
37,13
14,26
24,17
5,20
24,16
39,24
27,22
43,25
48,29
42,27
3,14
16,3
14,11
8,25
14,8
48,5
34,26
33,16
4,28
18,29
35,15
40,26
46,30
16,26
20,10
23,14
40,8
26,23
1,11
28,22
50,4
14,26
9,2
23,8
11,12
31,22
31,24
18,11
48,5
6,30
46,17
3,30
43,18
37,5
2,15
18,25
44,16
33,1
14,30
24,26
11,23
20,16
39,30
29,9
46,12
45,18
30,10
42,23
28,18
50,27
19,25
13,7
1,2
18,11
7,28
47,4
45,12
48,2
48,3
35,14
8,9
6,17
18,24
19,20
14,17
20,12
38,19
31,27
47,27
31,16
39,24
25,20
46,15
40,24
12,26
34,24
13,6
44,13
24,11
32,1
47,6
46,22
4,21
33,6
14,30
30,2
9,24
8,5
32,11
35,11
40,27
21,10
13,11
43,28
10,28
27,9
20,7
38,7
23,11
18,5
46,1
0,30
17,12
25,1
44,8
15,21
49,8
1,21
27,2
19,30
19,22
16,19
47,29
9,14
37,29
16,7
2,16
41,17
45,11
21,5
4,30
2,10
10,24
19,16
2,7
27,28
32,15
29,2
44,22
1,7
0,22
6,4
9,22
43,18
46,27
4,17
31,30
48,8
0,28
18,18
44,15
13,4
24,2
15,9
26,18
46,19
39,13
41,17
35,10
6,4
1,13
27,18
18,7
11,26
38,10
48,1
42,2
23,30
47,7
8,17
48,22
12,4
38,21
2,29
26,4
37,17
12,24
40,25
1,8
0,5
21,3
0,9
19,29
17,1
46,24
1,5
14,5
44,10
28,2
46,26
37,30
15,20
13,15
25,20
13,1
28,27
32,10
31,13
15,2
24,3
21,27
17,20
16,7
41,23
46,7
1,10
33,28
16,24
24,19
19,28
12,6
25,10
19,15
24,2
29,30
20,28
3,2
17,23
2,17
11,27
19,24
23,21
5,21
37,3
44,16
33,8
7,1
12,16
50,30
39,10
17,5
3,4
5,11
9,4
26,23
17,1
23,11
42,2
8,3
16,6
50,28
40,11
7,15
40,27
1,8
48,16
49,25
49,27
1,25
15,17
31,4
33,2
25,24
28,29
38,3
31,12
33,10
43,13
6,11
28,30
39,22
25,12
32,8
1,19
48,7
9,19
17,21
2,16
27,16
18,18
27,13
12,29
0,25
28,27
45,24
4,16
40,22
21,20
25,16
32,2
47,29
43,1
24,25
44,7
29,1
27,2
15,14
18,28
29,3
29,21
7,26
8,29
37,13
22,11
34,30
39,8
15,21
30,10
1,16
23,20
23,18
8,17
24,27
2,17
24,9
40,23
43,7
22,3
36,2
38,15
7,2
26,1
33,6
15,1
37,26
18,7
31,18
14,2
34,6
15,26
14,16
37,14
31,5
3,17
25,18
50,4
42,26
25,2
39,10
32,1
6,9
49,5
49,13
50,11
37,7
38,30
43,19
29,27
24,8
33,20
36,6
47,10
49,2
7,19
9,23
16,22
22,18
14,24
13,26
41,26
41,7
31,15
14,10
30,13
44,20
2,19
37,6
25,19
38,23
35,12
38,4
2,20
4,20
33,1
50,17
38,18
49,10
41,9
42,8
35,10
44,9
33,19
32,30
0,2
20,21
25,8
28,27
34,9
46,12
7,26
6,15
2,14
21,19
46,21
42,12
5,23
6,26
25,2
39,16
42,1
42,28
30,7
48,12
37,22
28,15
23,3
2,5
11,29
25,6
30,17
31,19
29,25
29,10
33,5
2,22
21,23
33,5
22,29
18,21
48,9
30,9
27,22
23,9
31,23
29,19
7,19
2,16
39,21
32,3
7,26
22,18
29,7
13,13
16,11
50,17
39,21
45,26
44,28
21,3
25,24
37,18
9,4
22,6
7,11
30,20
29,6
18,27
19,9
3,29
21,23
10,24
5,26
14,19
50,25
13,25
29,25
28,4
16,3
13,16
20,8
31,18
5,12
41,11
7,26
0,5
5,13
4,15
15,4
42,9
11,29
36,23
22,2
34,21
46,19
35,8
33,18
41,13
5,28
40,10
12,9
15,22
15,14
32,16
42,10
47,27
49,19
33,3
17,7
30,27
1,2
20,29
4,20
7,18
18,19
0,4
34,17
12,10
6,14
16,16
35,8
16,15
24,25
22,2
45,30
25,10
28,22
11,25
3,26
39,14
16,2
37,2
4,20
25,5
15,15
3,21
1,2
49,18
37,3
5,3
16,24
22,20
50,17
8,5
22,21
31,1
16,20
0,12
26,6
6,28
1,6
5,25
41,26
23,27
26,30
18,24
30,7
18,23
49,24
2,8
28,22
50,27
3,23
30,12
49,5
2,11
31,11
24,20
16,23
3,10
19,15
29,6
27,10
9,18
25,14
38,5
35,5
44,29
1,10
13,10
13,24
48,26
10,3
40,13
9,7
10,25
31,12
31,25
0,23
38,20
26,15
48,19
27,11
32,12
13,28
26,13
15,29
5,13
30,7
13,5
36,13
44,19
39,29
22,11
16,2
33,11
38,26
47,25
9,20
27,15
44,12
50,30
5,12
34,13
29,10
26,9
46,6
47,16
50,18
25,5
48,5
4,5
42,20
14,22
13,16
15,15
39,29
44,30
41,1
44,16
7,26
19,24
7,23
10,14
24,15
26,23
33,9
32,30
7,8
45,12
36,26
3,22
49,15
36,18
0,10
46,1
37,26
49,27
7,25
25,10
24,9
45,18
39,10
27,15
42,15
45,30
21,24
30,9
34,10
4,17
33,16
7,9
0,4
47,13
18,5
27,12
1,19
30,16
10,5
14,29
5,25
29,18
44,10
24,17
40,10
48,6
9,24
11,6
21,22
3,2
27,11
6,25
40,3
43,9
4,21
22,10
21,14
21,30
9,4
49,23
21,17
40,9
50,4
3,26
32,16
43,27
36,23
23,25
25,23
32,27
31,17
40,26
29,4
4,14
25,15
20,9
7,22
37,7
34,18
12,10
43,1
33,9
21,24
8,20
16,30
21,24
11,9
17,4
32,23
44,15
24,7
18,8
15,20
20,18
28,9
3,6
7,25
21,15
21,20
28,14
35,16
13,30
37,1
12,25
46,10
50,1
36,1
17,2
44,20
19,16
18,26
45,24
29,28
40,16
13,18
12,26
31,30
40,5
36,27
50,14
27,16
10,13
1,27
38,9
30,13
24,14
38,7
49,25
4,10
6,18
44,6
38,1
13,28
18,11
18,5
46,3
18,28
2,28
32,5
7,27
31,28
23,18
24,13
19,23
42,9
38,10
14,1
8,27
4,6
22,9
12,23
5,12
8,18
41,25
43,21
50,17
1,17
48,10
0,10
4,4
38,16
32,13
19,5
4,26
4,29
3,24
22,9
46,19
31,9
1,7
32,7
41,4
23,26
8,25
28,10
11,20
32,12
25,24
49,4
0,22
31,11
1,20
15,21
13,2
41,26
1,14
41,7
6,12
8,5
8,27
2,24
41,15
48,26
3,24
9,14
40,18
12,4
30,24
2,9
18,23
29,4
35,4
22,4
4,24
40,5
32,6
21,5
22,1
46,27
40,13
11,6
34,26
45,18
9,1
23,16
47,26
12,5
25,29
29,15
48,8
9,8
36,20
15,20
9,5
49,27
10,16
46,29
9,11
9,7
42,29
26,19
38,12
40,3
42,27
38,27
31,29
10,9
38,16
34,7
3,8
17,9
1,10
18,12
14,18
38,3
15,22
11,25
3,2
25,10
36,9
30,30
19,15
48,21
39,19
35,25
0,9
37,7
22,23
18,1
10,27
43,23
38,13
50,25
37,23
22,21
19,15
41,18
37,4
18,9
28,2
0,22
6,30
27,1
41,12
18,17
33,11
33,29
43,21
40,26
20,25
48,27
8,14
14,17
30,1
34,28
13,4
21,14
19,25
44,1
47,4
27,2
28,23
6,10
9,21
50,4
27,17
48,8
29,7
11,11
42,20
45,11
39,1
41,19
32,25
5,23
20,5
47,18
12,16
0,2
26,8
40,9
38,25
4,17
39,28
12,20
47,24
16,2
8,13
34,30
31,25
36,7
37,19
50,7
40,6
3,17
41,17
7,14
8,5
10,30
43,25
30,30
11,17
40,13
12,20
19,3
36,27
18,4
37,10
9,9
11,16
42,29
34,25
1,27
8,16
0,3
5,28
31,21
38,9
34,5
34,26
15,15
23,27
47,14
42,26
27,9
18,8
15,23
16,13
7,21
44,19
25,2
38,8
28,3
29,25
31,6
33,8
15,9
14,12
31,11
41,8
5,9
37,17
15,26
6,10
17,17
34,21
7,11
48,27
43,1
37,2
27,15
26,7
0,23
15,6
31,5
31,11
24,15
31,11
24,22
5,7
14,28
3,18
46,12
39,24
45,14
35,11
3,27
38,8
15,5
20,26
49,7
39,24
21,13
9,4
49,1
43,7
7,26
35,15
49,6
12,23
46,19
43,20
44,30
12,3
42,22
30,12
49,27
29,25
35,22
3,22
19,5
31,10
9,13
11,28
45,27
42,30
27,2
47,17
35,6
25,14
20,20
13,27
20,11
12,23
2,20
17,7
13,7
8,13
1,29
27,11
14,26
11,5
20,24
18,9
10,13
45,11
23,27
9,19
32,10
27,23
36,12
3,9
19,25
28,26
14,8
19,14
31,22
43,9
8,11
2,21
47,18
45,8
23,14
46,9
27,30
33,29
23,11
42,29
47,2
26,9
2,10
30,20
41,25
30,23
46,26
25,26
0,30
4,30
11,4
25,20
27,3
16,14
12,27
35,22
29,27
2,18
43,19
29,20
46,6
14,1
9,22
47,5
8,9
9,13
23,17
35,18
41,11
31,18
36,30
39,9
32,30
5,30
26,16
23,10
18,18
13,24
26,24
10,18
12,19
44,1
16,26
6,19
17,11
4,16
48,3
49,9
29,25
35,27
47,15
24,17
17,20
20,26
46,21
32,5
26,11
28,23
26,4
15,1
17,24
8,13
14,17
36,27
30,9
47,26
45,6
17,24
30,29
46,30
31,13
35,19
13,26
40,21
10,2
11,8
45,9
48,30
13,27
6,18
23,19
6,17
23,14
40,12
18,25
50,18
18,14
38,11
13,27
4,29
32,27
28,9
37,22
9,27
14,26
14,11
46,26
47,26
28,16
32,15
46,24
5,22
13,3
5,28
48,9
35,22
1,7
4,5
37,5
22,20
26,27
44,11
27,14
19,21
31,18
14,11
50,20
48,11
24,23
7,10
22,8
42,30
16,15
18,23
49,26
26,14
50,14
4,10
6,21
3,4
34,2
9,13
1,15
31,11
32,1
20,1
18,15
28,19
40,1
24,13
20,18
48,29
32,10
38,11
28,15
19,1
8,28
12,1
13,20
16,5
1,17
44,30
12,15
20,15
0,8
10,28
40,15
27,30
50,16
11,12
18,16
28,14
39,13
12,24
28,6
40,2
9,19
27,25
35,16
34,14
38,8
2,14
46,29
33,19
46,19
45,20
41,18
45,13
43,8
50,30
30,15
41,4
39,30
45,16
30,21
21,10
23,30
18,5
7,17
21,11
41,15
22,6
20,15
24,25
1,4
10,16
26,12
37,5
25,16
42,18
31,20
9,6
0,28
49,18
17,15
4,11
39,9
23,1
50,27
29,24
17,3
46,5
41,22
16,5
38,22
18,29
25,13
45,18
33,12
41,8
2,4
17,29
22,4
2,27
36,21
36,25
13,30
28,12
9,29
3,12
29,28
25,14
22,2
0,24
40,8
13,26
26,3
20,5
10,5
40,1
15,30
39,5
46,18
13,8
29,18
22,19
12,20
23,15
30,14
3,6
23,15
11,21
18,19
7,24
24,15
28,5
29,20
46,24
30,13
27,20
11,9
19,16
44,10
47,25
13,19
31,19
27,24
30,23
35,30
18,12
10,16
49,14
14,9
19,6
14,18
31,17
22,9
37,12
37,28
36,21
16,12
15,21
20,22
27,24
48,20
9,13
36,23
40,13
41,25
21,23
14,7
16,20
25,13
7,7
0,11
20,5
4,4
0,17
47,26
32,28
4,10
7,24
35,5
23,30
36,3
36,24
28,3
22,11
16,22
6,23
38,4
46,15
11,28
40,13
26,2
11,9
23,3
46,23
22,4
47,3
43,23
21,10
8,16
42,21
13,23
38,4
48,14
31,8
23,19
38,7
30,1
24,2
28,11
35,29
8,19
27,8
31,11
26,11
41,8
43,24
15,28
2,17
9,3
17,5
18,24
39,8
10,25
49,15
29,29
31,19
8,30
8,13
4,25
35,1
28,28
9,26
27,22
29,21
39,23
22,28
3,5
5,24
39,8
48,7
10,3
45,16
9,21
4,12
9,10
1,14
15,9
7,14
19,5
24,24
41,10
29,7
48,3
4,1
42,25
41,7
8,3
8,21
43,12
25,25
13,20
42,6
46,23
34,23
40,24
3,7
26,29
7,26
16,3
39,9
42,16
43,25
11,20
4,25
38,26
32,26
11,24
8,24
7,25
11,12
29,11
17,17
5,11
30,1
27,10
12,22
42,22
50,24
31,3
28,18
19,18
12,4
23,6
45,10
41,12
10,27
21,25
33,4
50,24
15,15
6,28
18,23
48,30
26,13
39,18
14,14
45,22
17,9
22,28
19,26
7,21
40,6
18,25
44,26
16,24
13,10
18,9
14,9
38,13
7,14
25,26
15,20
6,17
12,27
22,2
12,18
39,22
32,17
27,2
38,1
5,13
9,8
38,1
13,24
6,4
25,13
27,23
27,8
26,3
30,14
24,25
26,5
22,16
19,11
6,9
31,21
41,2
43,8
39,2
26,25
8,27
39,23
25,17
42,26
30,11
44,30
10,30
41,8
15,17
23,18
19,6
42,17
47,7
49,15
5,24
27,23
43,30
9,24
43,14
6,23
40,6
13,6
2,22
22,18
22,15
28,22
22,4
45,5
2,7
24,8
30,22
19,9
9,30
10,5
40,19
43,29
21,18
49,22
28,12
39,5
21,3
36,22
32,29
10,23
28,2
1,6
23,26
46,4
30,23
50,18
2,4
10,3
25,26
25,17
31,20
49,12
25,24
17,19
7,11
29,26
15,25
25,28
18,7
40,17
49,6
41,21
0,5
49,27
10,18
48,17
4,25
11,22
21,19
25,20
19,12
28,26
40,15
25,10
24,22
39,24
49,6
26,10
10,12
8,28
5,28
27,11
33,6
13,2
46,6
35,20
18,13
1,14
2,29
18,17
1,6
17,12
42,30
30,16
45,27
23,8
0,7
8,1
0,6
32,16
41,30
20,11
36,20
25,12
7,24
41,2
28,14
22,26
18,16
24,18
32,5
36,27
30,10
42,23
50,14
37,29
10,14
30,18
40,29
8,8
24,22
36,14
34,22
12,15
23,22
34,16
40,22
17,6
15,14
36,25
30,30
17,11
33,27
1,28
44,6
25,13
0,7
13,10
50,3
8,18
45,10
45,14
43,6
43,13
47,26
6,27
22,23
3,8
35,17
0,8
23,27
36,8
24,7
24,9
10,16
32,2
7,4
28,2
22,1
49,12
29,14
17,29
25,13
26,1
37,7
20,18
0,5
13,19
1,3
32,19
50,24
3,10
12,8
9,27
12,3
48,4
10,25
2,5
18,6
43,5
4,27
21,1
2,26
43,18
1,13
41,6
11,24
23,1
50,12
1,27
39,12
35,6
28,7
16,4
39,12
15,14
37,2
2,1
20,7
8,4
39,21
32,24
41,8
22,2
33,2
11,18
32,4
44,21
20,2
20,25
9,27
26,16
36,26
46,24
16,13
2,25
41,7
30,27
7,13
15,15
40,28
19,8
4,13
38,8
36,4
26,20
26,8
12,22
42,6
22,24
23,13
41,19
21,13
34,7
31,2
43,15
9,19
5,13
24,11
37,9
37,30
12,7
24,14
8,29
24,19
38,16
1,25
37,11
45,19
19,26
3,12
40,11
28,3
5,20
32,4
15,30
42,7
46,10
3,13
28,15
24,15
50,10
28,18
31,19
38,21
4,14
25,23
30,5
7,7
12,15
38,15
1,6
4,18
44,27
17,6
33,28
33,5
46,4
3,23
31,23
45,24
2,27
22,4
0,21
2,15
28,20
20,5
4,12
9,13
9,23
22,18
26,27
37,7
24,12
22,11
11,19
0,12
8,2
46,17
23,23
3,29
33,2
16,14
0,10
12,29
16,16
37,28
19,17
8,21
13,21
24,1
1,27
18,5
0,18
21,12
10,1
19,18
35,9
38,23
33,14
11,30
26,21
44,14
44,17
1,7
49,17
12,18
9,22
25,6
10,24
49,7
13,13
11,12
7,10
3,18
1,20
2,13
44,7
20,22
7,13
10,19
45,28
1,15
17,22
32,8
30,16
0,15
5,12
28,10
26,22
20,20
39,10
7,14
22,18
32,29
28,26
35,19
49,11
18,7
46,2
34,27
8,27
1,18
27,6
25,24
15,25
36,12
16,13
40,21
46,1
13,7
12,11
16,11
35,15
4,17
44,22
17,6
39,6
0,5
37,4
15,25
5,15
36,1
23,30
4,12
13,26
23,26
30,15
11,29
30,29
14,16
27,30
38,21
5,20
10,8
50,7
29,13
48,20
40,7
25,4
27,25
30,27
44,17
29,18
27,30
42,14
44,2
10,5
34,7
42,19
5,30
1,26
29,11
22,23
24,1
12,11
32,11
8,12
33,27
13,9
26,4
29,15
47,24
41,5
6,10
8,26
33,6
13,6
12,26
7,3
6,9
45,20
25,24
41,19
35,27
16,12
25,21
40,28
5,18
8,11
9,10
21,7
33,1
0,22
5,9
28,11
31,23
0,28
0,1
38,3
24,30
30,12
29,19
10,4
44,15
34,19
14,18
16,19
6,19
27,21
43,23
5,16
45,3
32,13
35,5
15,4
50,20
22,26
6,30
36,26
7,7
4,27
2,12
29,24
16,24
27,16
17,14
46,27
18,16
10,1
35,10
26,15
29,13
27,30
38,13
50,13
35,6
13,2
22,28
19,23
42,9
19,30
4,17
14,21
19,11
31,20
35,8
12,8
49,14
48,30
41,11
34,30
39,7
23,28
49,24
28,17
2,19
31,21
37,19
18,9
43,4
23,22
23,28
24,6
36,26
26,19
11,7
14,1
49,25
36,5
6,10
38,28
20,16
47,27
2,22
17,2
27,19
31,7
11,6
41,1
3,10
29,28
38,20
22,29
47,16
44,10
50,22
3,20
41,2
12,16
14,15
32,16
10,6
23,12
8,26
36,8
4,16
39,25
6,28
46,19
21,21
17,1
32,18
48,11
43,10
24,3
25,28
12,27
11,15
46,29
0,24
0,13
42,18
40,24
6,30
29,10
10,28
12,17
45,26
42,1
37,10
38,6
35,3
47,19
32,17
4,9
38,27
22,27
21,22
42,20
26,25
11,14
0,17
22,27
46,3
39,12
15,30
40,28
43,26
11,6
28,15
20,20
25,30
13,4
42,16
21,26
40,17
27,5
50,16
18,9
41,27
14,29
12,2
46,13
46,5
28,17
46,13
21,29
37,26
25,4
31,25
38,28
18,10
49,28
25,15
2,29
32,30
1,4
43,14
44,16
24,25
30,15
7,13
35,24
7,23
13,1
33,8
40,25
47,6
2,29
1,23
44,30
28,26
39,4
23,29
23,13
47,15
46,16
32,5
43,29
27,19
25,14
5,25
47,24
39,28
30,2
17,17
48,10
11,15
50,25
32,10
49,23
39,21
29,26
26,28
32,28
25,22
28,8
44,27
28,2
27,3
19,25
7,10
45,1
6,11
30,13
37,24
11,16
36,11
31,4
36,12
17,26
16,30
8,4
28,8
21,16
8,10
42,25
8,16
19,1
46,3
43,3
3,21
32,20
16,27
38,11
46,11
12,24
13,25
29,27
17,3
15,3
6,18
3,26
31,21
25,11
0,17
35,28
26,17
46,28
29,29
19,30
8,28
30,15
20,14
2,13
43,3
28,14
20,10
45,6
23,5
31,22
45,10
7,16
22,13
30,13
18,28
0,4
24,5
8,26
47,22
47,20
38,8
4,27
4,10
44,10
27,26
42,16
10,10
27,5
21,27
32,24
37,1
45,16
1,17
46,29
45,19
12,24
34,5
3,26
9,6
35,22
50,26
7,18
19,4
5,29
37,22
32,15
31,29
10,3
33,17
29,24
27,30
37,4
8,23
23,21
4,22
27,3
10,14
6,21
22,28
8,18
33,28
22,1
12,12
41,15
3,12
41,13
22,14
2,2
8,9
48,15
30,18
1,11
17,10
44,15
40,15
3,23
21,13
6,11
23,23
19,16
11,15
21,14
21,22
18,11
0,28
43,15
47,3
35,18
22,7
7,30
49,12
19,21
3,3
43,21
43,19
35,11
39,9
50,3
21,23
23,19
18,14
11,18
6,20
11,18
39,13
46,19
20,7
29,20
17,10
44,11
41,13
3,2
1,9
30,16
28,30
46,20
13,13
16,30
1,22
31,14
19,24
17,16
29,17
36,30
29,13
41,22
27,15
35,14
50,23
22,19
49,7
11,28
16,19
37,8
3,28
34,10
34,13
20,19
39,29
46,21
2,10
41,30
46,12
36,4
24,5
38,3
11,11
23,5
15,3
20,9
44,21
11,15
20,23
49,10
17,24
43,27
23,15
39,12
34,9
16,18
23,2
10,28
10,4
47,1
34,17
45,30
36,9
49,2
31,7
32,11
3,4
44,21
3,2
14,22
26,30
30,21
41,28
18,15
2,19
23,13
0,17
28,13
19,13
10,1
39,6
49,4
9,23
21,4
6,24
46,25
37,5
14,4
44,22
50,4
43,9
19,28
19,1
34,16
8,19
24,14
10,9
39,16
9,10
13,2
33,19
24,22
7,4
4,11
43,20
40,6
36,24
38,15
30,21
17,18
10,22
28,2
30,16
26,12
1,8
49,28
6,16
15,13
50,16
12,9
5,19
14,29
39,22
40,2
37,26
34,14
45,23
2,20
12,8
20,10
2,19
24,2
38,4
38,24
34,30
47,29
1,7
34,17
43,16
17,10
49,2
23,15
34,4
32,2
2,28
15,18
1,2
17,26
11,15
37,30
19,29
47,7
6,1
43,16
29,1
29,24
5,17
21,9
18,1
12,12
26,7
48,3
24,22
12,28
48,13
24,27
19,21
26,2
34,8
6,15
15,6
19,27
3,15
23,11
47,13
38,2
29,11
35,23
20,23
26,22
14,12
32,26
25,21
41,6
32,19
17,3
39,17
19,23
13,15
43,6
9,24
14,20
40,24
46,21
19,11
15,9
38,28
12,26
9,28
13,30
9,27
34,30
43,2
33,7
12,15
14,6
46,23
11,7
21,24
21,8
12,9
11,19
12,1
31,6
19,2
39,19
47,25
16,11
30,2
22,1
37,18
31,16
31,3
42,23
15,7
25,12
42,23
18,12
1,15
14,15
46,4
39,3
45,23
21,20
35,15
48,1
22,1
50,15
49,22
41,21
28,5
36,4
21,15
32,22
28,20
36,10
39,30
40,12
20,9
41,16
13,2
13,6
10,26
22,30
36,11
46,21
12,16
2,2
48,8
26,29
9,25
46,3
14,22
13,30
33,10
3,30
17,21
22,23
13,18
13,27
26,26
46,24
50,25
26,29
19,10
28,29
50,20
21,10
40,18
30,26
12,24
7,6
23,14
15,3
22,9
21,27
1,12
7,28
26,17
18,2
39,12
35,27
45,7
41,15
33,23
49,5
35,16
38,22
1,18
15,8
8,18
41,2
35,1
44,28
38,22
49,1
34,27
43,22
27,11
17,23
0,1
48,15
5,18
23,16
7,1
5,23
26,21
2,6
17,20
5,5
27,29
20,15
2,16
34,12
10,12
36,6
44,7
27,5
19,21
46,6
36,9
29,29
29,12
14,18
6,3
16,29
6,3
18,11
48,6
12,8
11,5
9,4
42,4
47,30
16,27
26,29
47,6
3,29
15,6
36,21
25,19
38,27
30,17
24,26
33,22
25,23
32,14
47,30
2,28
4,1
36,22
16,19
4,1
2,18
38,17
4,18
35,1
49,15
28,5
27,12
28,30
4,4
21,20
10,10
39,4
42,2
16,12
50,19
33,13
49,30
3,23
24,15
37,30
13,16
14,11
37,6
28,15
42,18
33,7
27,16
45,3
36,4
50,3
15,22
29,5
26,16
19,25
2,13
22,1
5,6
28,13
48,2
41,18
15,9
22,7
25,7
7,15
32,6
12,15
19,14
42,27
22,12
9,4
1,3
34,19
23,22
8,21
44,28
13,15
17,28
45,24
3,13
47,28
17,29
18,7
41,27
8,26
42,18
21,13
16,14
40,24
47,11
44,11
47,19
21,9
33,18
25,17
47,7
8,26
13,6
15,26
34,30
4,9
28,3
23,6
47,10
26,18
30,23
40,9
4,20
8,16
50,6
33,22
18,22
21,18
30,16
35,22
18,20
42,23
8,2
35,14
6,30
32,29
22,27
36,2
35,3
23,14
4,21
47,20
48,3
24,3
0,16
1,8
39,20
40,14
35,5
23,8
50,18
15,20
37,5
34,23
17,1
20,1
7,8
37,18
32,2
42,15
45,6
6,9
10,12
21,17
48,12
22,5
45,14
6,29
32,20
30,1
32,15
7,30
23,19
28,10
15,2
36,22
40,2
24,12
23,7
36,4
19,12
28,25
23,14
45,14
15,21
13,9
1,17
42,3
7,20
10,16
28,28
15,21
31,3
6,18
32,23
3,6
47,23
31,12
34,6
38,18
44,15
15,2
41,20
4,9
17,24
23,14
8,16
38,17
28,30
24,13
1,19
29,19
5,16
25,3
6,14
49,24
2,17
11,26
21,25
26,3
5,12
44,26
4,25
26,15
22,8
7,11
35,27
19,13
23,17
14,19
9,22
39,11
48,1
35,12
31,3
34,18
29,15
42,19
4,9
21,20
48,18
41,3
46,27
28,2
3,2
49,11
28,9
37,11
14,6
10,24
32,14
14,3
34,28
46,8
2,2
17,28
40,6
0,29
30,26
49,26
14,13
36,6
17,22
45,15
16,16
22,8
22,26
22,2
32,6
41,27
0,24
30,23
6,17
49,29
34,28
38,25
5,18
12,13
44,14
44,20
29,30
19,29
41,22
24,24
11,14
0,13
5,5
46,23
13,25
30,17
43,22
48,21
21,20
41,29
12,30
16,9
20,9
12,23
25,6
7,23
12,19
46,16
20,2
18,4
37,12
45,30
44,7
23,6
41,26
50,25
10,24
14,8
30,4
35,17
43,12
24,6
4,2
12,15
4,5
40,23
45,17
26,14
10,15
3,12
14,13
31,14
41,2
18,16
7,12
25,11
47,14
26,6
21,7
40,25
18,5
20,12
24,20
32,20
1,2
1,27
7,5
1,20
21,13
16,19
9,22
14,23
15,1
10,27
43,21
32,13
36,7
26,29
12,23
48,21
45,17
12,15
2,14
45,4
0,14
16,20
28,24
39,3
50,9
24,7
8,29
16,1
15,12
31,17
30,6
35,28
1,18
1,27
31,24
10,24
47,27
7,16
46,15
49,27
25,10
20,5
14,12
28,14
22,19
20,10
7,11
36,12
40,10
43,1
39,22
44,20
48,18
19,11
10,11
39,26
1,25
38,29
9,5
39,25
45,9
50,27
13,16
15,11
41,16
38,12
39,1
4,17
28,27
18,4
25,25
6,28
33,28
26,11
14,27
18,30
18,30
40,15
0,1
42,1
45,15
2,25
10,29
32,7
5,10
6,27
34,7
38,15
20,26
14,3
8,29
1,19
33,10
28,14
44,11
10,11
2,10
25,19
18,14
33,14
35,9
37,1
27,8
17,15
10,16
45,15
42,2
29,9
21,21
47,9
8,17
11,7
14,5
35,11
20,3
0,20
42,4
1,29
26,20
20,18
42,5
46,13
31,12
41,2
11,25
9,30
12,16
50,25
18,3
4,23
14,11
23,20
11,3
37,16
38,25
9,10
11,26
32,19
46,7
25,21
1,22
34,27
46,29
32,27
37,3
6,26
37,4
9,30
42,19
34,21
11,13
32,22
50,11
4,30
20,1
22,15
0,27
30,25
37,13
1,11
32,23
47,2
36,26
28,16
22,29
13,22
38,25
2,27
12,25
4,12
8,27
12,24
20,27
32,25
24,12
32,14
40,27
5,24
32,7
36,25
44,29
32,1
14,28
14,3
28,27
40,1
16,25
20,25
11,30
6,3
10,30
6,17
44,24
2,14
31,9
43,21
34,16
32,4
14,18
16,29
40,25
38,14
11,17
7,12
33,19
36,6
34,17
28,29
1,8
20,22
37,28
49,17
34,20
15,28
6,16
50,8
36,20
40,19
6,26
2,1
32,7
18,15
35,22
28,8
13,19
35,30
9,9
18,25
48,9
22,21
48,6
36,5
37,23
24,10
14,8
28,24
13,6
49,22
43,6
42,23
29,30
0,1
21,10
45,22
13,12
43,5
4,24
23,18
7,27
36,1
17,9
9,3
36,10
41,14
16,28
44,10
3,15
8,13
9,8
22,11
45,8
45,12
28,18
7,3
30,30
7,12
47,14
4,18
28,24
50,7
18,21
32,27
7,29
9,26
9,28
1,15
39,2
39,8
9,4
15,6
43,24
23,25
35,14
33,25
0,11
17,17
17,2
50,15
42,14
36,25
24,20
24,5
44,30
40,18
20,12
29,20
34,25
32,21
32,9
21,5
25,6
45,4
6,6
48,13
8,12
31,8
42,26
14,4
5,20
11,4
15,13
43,28
2,15
16,17
26,12
4,27
30,18
12,8
12,14
0,9
33,7
10,16
47,17
19,8
23,7
23,12
46,28
43,4
46,3
9,28
42,11
34,2
31,17
7,19
45,29
19,6
9,16
42,29
39,19
24,20
11,29
15,6
29,22
43,5
9,20
46,27
17,24
41,25
5,5
16,18
32,24
43,18
50,23
10,10
29,24
34,24
40,29
43,9
21,27
46,4
33,18
47,16
46,30
26,6
40,6
9,21
22,3
30,15
24,24
25,16
36,2
16,4
37,27
2,4
11,11
39,17
13,3
32,15
2,2
7,25
27,20
1,9
35,19
2,25
33,24
36,6
2,7
43,4
10,18
3,13
6,14
7,23
16,25
47,13
17,9
10,7
6,4
20,4
17,16
22,24
39,3
32,8
44,26
3,13
43,20
7,27
0,1
11,22
45,15
16,1
11,24
21,5
33,23
29,7
28,16
23,19
19,17
7,9
37,8
37,4
19,9
44,17
28,22
20,30
41,5
12,30
50,28
4,4
4,8
11,19
40,9
33,14
16,17
46,2
25,13
43,23
15,3
9,22
4,16
21,16
36,17
9,28
4,10
46,10
38,22
33,7
47,12
10,7
44,3
40,21
28,10
39,12
2,5
0,28
0,5
9,1
38,23
32,21
25,25
22,5
44,9
15,12
31,7
30,18
1,6
7,19
15,28
5,18
14,30
30,5
37,25
32,4
29,17
42,9
47,19
28,28
16,26
42,11
50,10
31,2
10,6
0,28
36,21
19,23
30,12
3,3
12,15
27,12
41,3
4,7
25,22
39,20
17,14
44,8
5,22
43,14
20,9
34,21
33,17
8,24
29,17
33,12
31,8
40,19
24,2
1,1
21,9
32,12
17,27
17,19
44,13
9,22
6,25
34,19
30,27
14,29
41,23
8,23
9,10
41,8
8,28
3,18
21,26
8,20
15,2
45,25
18,23
3,6
50,1
9,9
23,4
9,18
45,12
30,20
32,30
2,6
30,27
50,3
45,1
1,11
42,7
34,3
29,27
28,2
12,18
33,20
31,3
38,9
23,28
40,7
14,11
39,18
18,7
49,30
21,13
44,11
7,18
22,16
25,10
7,12
33,20
14,30
22,25
38,12
6,20
11,25
47,2
20,21
28,30
50,30
48,23
49,10
49,12
12,26
47,27
43,18
42,7
42,29
50,14
22,7
17,6
15,23
24,1
10,13
4,12
25,4
38,11
7,16
12,17
50,23
50,9
33,6
50,23
31,12
44,16
22,28
19,19
23,23
44,4
10,17
0,14
49,14
6,25
24,7
2,28
7,12
1,25
14,22
24,24
4,22
8,15
44,1
29,18
21,6
5,10
24,25
12,4
43,20
26,8
7,3
40,24
2,22
34,30
22,13
6,26
9,2
48,13
3,1
5,17
40,25
45,14
30,29
43,16
15,14
40,17
14,19
7,20
10,28
40,1
32,22
28,21
46,24
30,27
11,13
45,17
17,22
47,28
35,27
32,28
50,13
41,24
40,12
17,16
41,16
6,18
24,27
0,24
5,14
1,25
34,16
26,5
6,23
12,7
7,28
3,18
13,1
2,13
31,29
23,23
28,14
25,17
16,16
48,22
26,11
34,21
17,12
48,28
46,9
23,7
9,6
47,1
27,26
12,23
20,8
41,28
10,27
28,21
22,15
24,27
19,23
11,29
44,5
9,23
50,19
9,1
10,6
23,1
0,14
21,2
29,20
21,8
6,29
14,4
47,28
32,12
31,2
39,9
13,27
6,7
19,14
7,20
33,17
18,16
1,30
30,19
46,10
29,21
48,12
34,16
33,23
36,17
10,7
21,20
0,27
17,23
45,3
50,25
2,18
5,14
14,23
29,5
48,29
47,24
39,23
19,23
5,10
35,16
36,3
22,19
14,23
11,25
11,28
19,28
23,13
8,9
32,24
48,18
12,28
23,19
11,15
47,22
10,26
16,29
1,30
34,26
28,11
9,27
26,11
8,4
46,8
1,8
1,24
27,25
39,1
10,12
48,29
21,8
32,25
35,21
9,21
39,24
20,15
43,2
32,16
37,14
35,20
42,4
15,8
32,3
37,29
40,21
4,24
34,15
38,9
27,18
47,28
45,22
19,9
34,15
36,8
49,29
29,19
2,1
46,11
17,12
29,1
2,30
50,14
28,5
50,16
38,10
25,15
16,19
13,25
20,23
14,14
25,14
36,15
23,1
42,17
43,14
40,27
19,27
7,24
48,15
46,7
8,11
21,8
43,4
17,6
4,13
19,8
21,27
22,23
33,13
27,14
15,20
40,10
24,26
41,26
38,21
49,9
50,9
13,14
42,27
33,12
13,22
6,1
7,25
43,14
20,28
8,10
15,16
33,27
49,18
8,5
29,8
27,12
32,16
2,30
39,18
24,3
50,21
5,8
7,5
42,30
8,25
47,20
47,4
49,19
35,17
10,13
17,4
11,22
8,26
47,19
19,27
16,29
22,15
46,26
2,18
37,25
34,2
39,16
26,28
14,24
12,1
23,21
17,11
21,23
9,1
44,28
43,10
23,15
34,3
14,16
27,11
29,19
3,8
29,10
35,17
49,10
38,12
36,3
42,9
4,30
24,29
43,7
17,11
18,18
27,3
50,1
34,16
12,25
39,8
17,19
20,21
30,7
40,24
10,24
17,28
3,13
6,20
7,26
26,7
28,19
31,17
24,12
29,18
35,5
1,4
15,13
10,18
47,24
6,22
0,27
49,1
18,20
46,25
40,25
38,6
48,15
47,9
27,30
44,18
47,24
40,13
42,24
16,20
28,17
37,23
17,23
16,22
16,25
14,29
17,8
0,7
24,11
15,1
14,17
3,12
36,29
29,30
27,28
27,2
34,16
41,7
24,13
5,9
4,22
2,8
22,22
12,18
5,3
45,4
50,26
26,15
49,15
19,11
24,12
47,30
9,29
6,27
40,4
4,21
14,24
16,9
28,17
7,18
4,17
4,4
5,11
42,1
17,8
38,12
22,19
27,20
35,5
29,18
28,19
15,15
20,26
41,2
0,25
16,11
36,12
10,7
15,2
40,19
36,16
6,29
37,19
9,13
12,5
48,30
46,30
38,18
47,13
7,5
15,3
39,28
25,1
27,10
39,28
13,4
34,3
15,12
15,28
27,25
3,2
50,14
49,3
39,14
49,9
38,30
12,3
16,11
8,15
25,19
44,1
29,23
44,30
30,12
17,9
22,22
14,23
39,10
15,25
28,23
19,26
29,13
44,8
27,3
2,19
25,21
28,10
34,4
37,4
7,17
43,19
11,7
23,19
31,11
17,15
38,20
25,8
20,10
41,6
37,14
36,21
1,20
25,18
24,4
45,6
8,23
42,17
34,25
36,24
43,8
14,22
10,2
36,2
4,24
27,10
7,13
26,28
17,9
13,30
16,2
35,20
39,2
42,21
16,27
48,29
13,7
34,30
9,24
13,19
44,5
17,25
6,22
42,26
0,21
22,17
19,25
38,1
26,24
15,20
31,7
1,18
2,4
27,10
29,28
8,5
42,5
37,30
34,28
17,16
36,25
34,30
43,1
10,7
43,5
17,16
0,19
18,29
50,9
19,21
27,30
21,25
16,4
32,9
30,9
44,23
38,10
9,8
43,29
20,28
30,8
1,22
50,28
0,5
30,29
25,28
48,10
17,30
15,4
49,27
10,9
9,27
19,3
48,25
22,8
19,29
46,17
9,16
42,30
38,5
32,2
37,4
1,11
20,7
16,1
44,30
39,19
11,21
27,28
12,1
18,4
5,14
8,23
45,2
39,15
27,8
31,23
16,12
18,3
40,28
48,27
40,12
22,5
10,19
42,19
12,1
31,26
34,12
37,16
40,22
26,21
31,1
18,9
7,9
42,7
32,3
39,4
4,20
32,18
12,2
7,17
41,29
34,16
17,20
33,26
7,27
46,13
28,7
22,22
50,11
2,14
26,17
15,5
13,7
20,18
42,15
50,14
46,26
3,19
22,28
49,5
33,3
7,27
23,9
15,22
2,3
46,10
3,30
35,15
14,5
39,11
15,18
41,10
38,18
46,29
29,27
25,24
50,2
32,22
50,14
8,22
47,29
19,17
28,11
25,6
45,10
48,17
23,12
46,10
0,28
25,2
28,30
38,4
28,22
14,26
47,10
35,26
4,26
13,4
34,19
1,28
45,7
46,14
42,21
27,22
8,30
20,20
39,9
47,12
17,21
30,2
34,29
40,27
22,19
1,16
43,17
31,14
24,17
5,27
14,13
16,26
42,22
32,21
29,3
45,1
14,18
10,23
37,13
21,25
16,3
47,6
48,27
31,5
15,11
31,1
16,3
32,9
33,7
46,28
4,2
11,25
6,11
25,17
9,30
45,16
26,27
26,2
32,17
1,26
9,1
10,6
15,20
46,14
44,2
49,30
3,30
42,4
16,7
27,24
16,6
6,26
12,8
33,11
6,8
46,18
12,4
10,28
42,24
11,30
29,23
36,14
47,14
35,25
9,12
13,22
49,1
0,29
41,30
12,11
28,10
2,5
30,13
25,30
6,18
44,22
35,16
48,27
18,16
47,3
8,25
35,20
33,15
50,2
13,1
4,11
32,13
23,20
21,27
32,6
46,7
11,1
46,6
38,26
22,26
5,12
22,18
12,12
47,7
9,4
0,17
19,30
11,23
22,28
27,12
27,14
5,10
14,20
24,19
39,28
48,4
32,2
16,18
45,13
47,2
8,12
23,18
32,26
20,6
50,5
19,22
2,26
21,7
7,13
40,16
28,13
18,27
15,5
46,19
41,30
34,18
4,28
42,25
3,13
31,28
11,22
1,5
40,27
0,4
3,24
46,26
14,4
29,26
0,18
27,24
6,8
9,21
29,1
17,22
44,17
10,9
11,27
44,27
44,5
41,3
17,17
20,15
6,26
34,5
16,24
21,15
2,12
20,17
14,16
21,11
24,7
4,3
30,18
11,30
5,21
5,27
7,13
7,4
26,17
4,23
39,11
50,11
23,10
49,15
42,20
27,4
38,5
34,14
46,12
25,4
49,3
44,24
16,21
37,18
31,29
5,20
23,27
50,7
39,5
38,18
37,16
47,14
18,13
13,18
39,25
11,13
3,27
28,5
47,2
50,21
29,28
9,16
35,15
24,13
42,12
15,17
32,28
18,17
4,4
40,25
4,21
48,29
8,25
4,1
31,12
23,19
34,29
18,11
38,11
29,20
50,2
34,6
40,3
0,28
22,19
31,5
10,7
2,28
38,19
12,23
23,22
43,14
29,3
42,3
24,4
37,16
3,19
17,29
19,19
47,3
12,27
27,16
33,2
37,4
24,13
35,7
33,2
5,11
43,30
8,12
12,7
16,29
41,25
4,23
47,17
45,13
22,3
15,17
49,30
36,6
3,20
48,13
12,3
27,19
50,13
23,1
12,23
38,3
16,8
45,11
35,20
32,24
46,6
23,6
22,29
33,3
30,7
39,2
34,9
48,15
37,27
12,13
22,26
44,5
21,27
34,18
39,11
9,14
44,1
22,14
43,12
24,9
5,5
8,5
25,12
32,11
6,3
0,21
0,23
16,3
22,4
12,26
0,16
9,30
16,20
33,13
45,21
7,10
30,9
11,15
40,2
47,3
15,13
33,21
28,23
14,4
15,8
43,16
17,30
45,8
16,2
7,24
42,4
31,14
41,15
22,30
30,28
45,3
8,28
34,23
17,22
42,4
43,30
37,18
20,22
42,6
27,11
11,6
35,24
19,11
2,27
0,16
42,14
35,17
36,25
41,16
23,3
25,1
23,30
17,2
11,21
16,12
29,4
8,18
43,8
0,6
14,18
18,8
33,16
32,10
42,27
34,28
37,6
39,13
50,19
32,29
15,10
7,16
47,7
0,5
34,7
8,2
27,8
17,16
0,19
17,12
37,19
34,12
5,15
21,11
30,11
31,14
23,12
2,2
28,8
8,9
50,13
22,8
26,28
7,5
7,5
47,14
9,16
36,15
36,13
47,18
13,18
2,10
2,15
24,10
29,24
47,10
33,9
16,27
6,9
28,7
39,2
19,8
0,18
42,29
0,17
46,16
16,26
10,26
21,17
2,13
34,4
10,15
28,28
2,5
49,16
49,7
10,7
14,7
1,17
45,9
45,6
24,2
22,11
17,11
23,7
46,18
22,10
42,29
32,25
17,28
24,23
10,29
30,28
38,28
14,3
45,14
46,4
45,23
23,12
23,18
27,16
7,9
7,27
11,10
30,19
39,10
13,5
11,17
30,1
35,18
40,11
46,26
19,26
24,29
14,19
13,5
26,14
50,9
36,16
0,11
45,20
30,12
26,10
41,11
46,7
34,2
33,16
17,25
23,21
5,10
36,13
8,2
42,20
19,7
44,12
27,3
44,23
19,4
12,7
11,9
6,25
45,22
45,1
42,5
49,24
50,29
50,8
35,6
42,4
0,15
42,8
22,22
40,18
10,30
24,14
15,5
11,8
14,15
34,30
16,9
40,27
15,26
11,6
35,13
26,15
45,2
28,5
47,19
40,21
44,29
21,27
23,1
21,13
22,16
7,22
15,14
47,29
22,5
50,1
41,6
16,5
29,3
48,26
36,3
12,9
14,24
34,14
8,14
48,24
12,24
29,18
7,28
12,22
4,1
33,7
5,19
49,7
9,17
45,27
46,27
33,13
6,22
45,8
4,19
9,3
32,19
30,18
0,19
49,19
18,22
29,24
3,12
14,11
0,30
3,26
15,12
30,5
50,24
47,14
21,15
12,19
20,30
45,27
14,25
48,28
43,6
46,11
48,13
21,24
36,12
42,19
0,24
7,4
20,11
28,21
13,28
4,24
37,27
8,3
23,4
33,24
37,11
26,26
4,29
17,22
41,19
35,14
5,25
23,26
21,12
33,18
21,28
39,22
10,25
46,6
15,20
14,12
39,30
28,19
21,19
9,27
12,17
27,17
36,7
48,21
32,12
48,4
37,3
8,13
22,24
27,29
26,26
44,2
9,7
9,18
7,22
26,6
36,5
47,13
7,18
50,20
35,19
28,28
26,4
21,6
9,17
28,15
18,11
10,4
10,26
35,11
25,14
31,26
12,27
38,4
1,20
33,4
2,13
18,18
36,20
29,2
38,24
12,21
29,15
42,17
47,5
10,5
15,13
28,1
15,28
11,15
13,19
31,16
47,24
32,1
45,21
12,12
21,19
0,8
43,8
19,26
25,29
10,9
38,18
39,13
27,11
20,23
24,17
8,27
39,2
12,4
20,10
46,5
41,21
18,10
12,6
37,1
18,16
2,10
49,24
31,26
1,12
36,5
22,27
30,1
50,10
30,16
22,29
8,21
27,6
47,17
49,15
48,12
14,16
27,24
15,30
11,24
33,13
7,11
24,28
45,10
47,11
43,23
24,21
35,5
27,24
5,23
0,4
10,27
4,19
38,6
44,3
2,4
35,21
7,16
12,19
24,4
9,5
30,13
32,28
1,21
7,2
22,22
17,10
27,20
45,9
15,10
47,30
40,7
47,23
4,27
27,17
1,21
0,8
37,21
28,26
26,3
12,4
29,1
42,16
28,14
48,28
30,25
20,21
50,25
48,2
30,29
6,17
17,15
25,13
21,20
6,19
50,22
17,12
34,1
0,3
28,7
25,11
42,9
28,28
45,5
40,18
50,30
38,24
18,6
27,27
6,10
17,17
11,18
0,11
28,4
4,15
49,8
49,18
17,23
34,2
3,4
48,21
38,18
32,8
9,12
5,2
33,21
38,17
9,19
17,14
1,9
36,20
37,27
38,16
29,29
18,2
42,21
26,10
17,21
25,8
35,7
4,11
40,7
44,11
9,12
33,19
36,8
27,10
29,29
24,30
0,11
43,26
0,19
26,17
30,10
9,9
14,10
40,16
18,10
35,6
7,16
46,8
25,24
41,2
47,9
35,13
44,2
6,28
18,3
16,27
20,17
14,4
15,26
47,28
36,17
43,8
18,17
14,10
39,24
4,14
8,15
41,12
2,14
36,22
26,18
40,27
30,19
7,11
26,21
24,20
19,14
30,5
42,5
38,17
15,13
11,18
11,19
7,27
0,28
37,15
23,18
0,22
19,22
49,15
16,26
43,8
6,14
43,10
39,12
35,2
4,15
25,18
0,16
48,28
40,14
36,22
3,4
50,1
8,23
35,8
10,23
9,19
32,13
37,9
43,16
12,30
18,10
6,2
28,2
7,16
31,12
12,15
21,22
13,12
14,23
14,13
43,13
50,6
16,10
16,7
7,18
24,4
15,8
20,19
30,12
14,23
3,21
38,26
45,30
3,23
14,10
27,22
24,17
23,13
0,5
39,23
27,1
42,15
49,17
20,15
36,23
6,19
10,10
43,17
21,26
24,14
6,5
27,18
0,20
41,21
27,7
44,27
44,19
29,5
0,27
18,6
5,21
27,29
11,7
4,25
35,17
22,1
13,6
11,5
41,6
33,24
4,6
27,26
15,10
5,12
25,25
4,13
3,11
32,18
18,25
50,7
22,21
30,26
32,27
7,21
35,29
17,25
18,17
3,22
17,1
29,29
42,28
8,6
37,14
27,2
42,28
11,24
21,13
44,30
22,18
23,18
45,19
21,1
50,12
2,11
18,9
10,22
30,17
30,22
29,1
29,25
29,3
4,29
39,30
46,4
20,16
8,12
34,19
36,27
1,17
30,15
40,16
19,1
21,26
25,27
38,9
14,2
42,4
5,4
12,22
30,12
14,24
38,2
0,9
32,24
32,22
16,1
33,6
3,5
31,28
24,7
15,11
25,23
27,7
16,16
21,19
47,10
43,7
19,14
33,11
32,12
24,9
6,11
9,29
2,14
30,23
27,12
18,16
34,6
26,6
45,7
32,23
37,11
10,4
36,29
48,26
34,30
37,1
28,15
28,5
38,7
17,14
8,17
17,25
31,3
3,5
13,10
22,1
13,23
44,4
18,13
16,26
49,14
41,23
28,5
48,5
11,14
38,30
35,1
10,22
45,24
20,27
9,2
9,4
26,2
6,24
35,20
33,24
3,16
17,15
20,18
43,27
31,23
10,4
12,17
47,1
7,16
37,17
39,7
46,21
33,27
35,6
14,6
19,25
31,6
39,30
25,17
45,10
40,17
22,4
25,17
4,25
11,18
19,26
14,19
27,6
27,13
21,19
30,20
38,16
20,23
26,9
38,15
46,23
40,6
26,5
7,25
10,17
5,7
41,10
31,23
42,25
48,26
17,22
47,7
45,24
45,11
2,15
41,17
48,26
12,6
39,13
30,20
26,2
34,29
42,4
27,17
30,23
30,2
35,8
8,21
5,7
8,28
46,16
30,11
10,2
16,8
18,30
40,30
35,26
40,13
32,14
7,27
2,25
41,3
43,5
26,19
3,17
47,8
9,30
46,10
29,7
21,21
26,5
3,19
23,10
15,18
20,29
5,6
39,15
21,9
19,23
20,19
17,30
35,6
25,21
19,23
2,28
6,13
10,14
29,16
27,5
19,5
15,29
33,12
17,19
0,26
35,24
22,8
17,20
32,23
34,24
7,25
7,2
6,20
23,11
15,22
1,13
7,7
31,24
20,30
18,12
28,22
1,14
7,28
19,30
4,29
24,20
13,14
45,9
1,21
8,3
40,28
27,13
1,16
1,19
23,14
6,17
45,4
26,2
19,13
1,22
0,13
34,27
4,21
38,6
24,22
43,10
47,6
15,12
23,3
22,20
16,27
48,1
22,12
26,9
5,1
45,1
41,26
4,12
0,2
2,9
40,27
46,21
46,8
17,1
42,3
12,28
2,13
21,23
40,6
27,16
23,14
28,8
4,9
41,8
40,9
45,16
33,8
31,28
11,21
8,5
23,20
25,30
41,16
29,9
43,19
6,4
24,21
33,12
24,21
3,3
41,22
13,15
0,2
18,29
49,19
25,26
27,25
12,11
4,5
44,3
42,19
38,28
47,7
16,28
17,6
26,23
30,14
44,1
47,9
17,28
39,2
41,17
35,7
19,6
41,26
11,6
9,9
42,4
3,5
8,13
45,16
20,11
0,25
11,19
1,8
45,21
17,23
19,3
13,9
29,12
37,30
17,26
3,23
25,6
5,20
43,27
25,20
20,5
18,17
21,2
22,17
21,2
17,26
50,30
16,10
4,22
13,28
40,20
31,12
38,10
32,10
8,19
47,27
15,5
41,26
2,20
5,7
25,21
9,27
40,16
5,4
44,12
9,8
40,10
17,26
6,30
17,13
0,14
14,17
9,27
10,14
28,5
44,13
43,2
41,3
29,29
23,7
47,28
40,1
20,27
44,29
24,8
37,18
27,9
34,10
16,16
4,25
40,4
3,3
9,10
6,2
49,7
47,14
17,18
47,28
42,14
36,14
43,16
42,6
41,19
28,27
20,5
27,11
21,24
7,25
21,22
5,26
26,18
32,20
0,2
30,25
30,19
42,24
36,16
35,19
26,13
31,16
49,21
1,20
31,13
36,29
1,19
40,4
37,19
4,27
28,24
15,8
47,12
0,7
0,28
27,9
28,20
43,22
2,25
19,15
41,9
28,19
16,29
35,19
31,23
26,6
1,17
49,28
38,26
48,7
0,6
27,29
25,26
32,7
38,22
16,27
29,11
19,30
37,18
1,2
42,29
29,17
42,3
14,19
26,3
0,24
9,28
28,15
26,30
1,27
42,22
45,13
13,24
39,22
47,9
12,15
0,29
35,27
4,4
50,2
43,23
48,6
23,24
8,15
50,6
19,22
47,16
17,25
39,29
15,1
12,7
13,20
34,8
10,13
41,26
23,2
26,20
4,10
26,17
47,30
21,25
27,6
49,4
18,1
10,6
36,14
47,21
12,23
10,24
21,10
2,8
23,19
49,4
49,19
15,18
31,18
17,1
22,14
24,7
11,1
10,25
30,7
43,6
25,7
14,4
25,6
29,15
0,29
33,19
1,24
36,7
21,18
24,3
9,28
25,6
32,2
49,7
18,9
22,26
26,16
21,23
27,14
35,11
37,7
18,10
23,3
23,10
21,4
22,8
37,30
20,5
48,4
22,27
45,30
7,16
43,25
29,17
42,5
8,15
11,2
35,28
2,30
7,15
27,3
32,8
42,8
35,26
14,15
38,8
46,8
23,2
8,25
35,14
20,9
6,19
10,3
29,15
24,7
0,4
47,8
50,12
34,11
4,15
42,28
32,8
44,25
37,12
17,28
35,8
8,15
49,4
23,9
14,15
32,26
40,10
41,9
33,8
22,30
26,12
8,25
22,29
50,6
16,18
15,23
22,4
50,6
33,22
13,17
40,23
2,16
3,30
42,26
14,24
12,2
2,12
19,24
38,6
7,9
28,1
17,9
10,22
8,5
28,23
19,30
34,16
39,7
32,21
10,9
27,11
14,24
8,21
13,12
2,14
36,10
32,20
49,27
36,4
33,1
21,4
31,28
49,9
9,9
39,12
9,13
2,9
17,18
30,5
4,20
16,29
15,4
42,11
17,3
22,9
11,20
20,20
29,20
27,6
8,2
2,14
13,23
36,1
5,5
22,23
42,7
45,11
21,25
18,26
39,9
8,11
18,2
46,1
32,5
13,20
13,24
15,23
46,25
34,29
28,6
17,4
20,29
31,7
2,23
18,12
10,27
6,15
10,9
44,13
3,3
32,3
21,13
36,6
46,24
4,6
1,16
4,10
8,24
7,1
0,6
24,4
17,15
29,1
29,2
11,27
36,8
26,12
43,17
31,17
34,14
14,20
33,25
50,27
15,7
24,28
21,22
50,22
36,17
32,1
19,13
46,12
30,22
24,11
5,21
8,8
8,2
39,25
35,11
20,12
38,30
35,23
5,1
44,8
26,20
27,18
40,30
32,25
38,8
2,16
19,25
24,14
16,24
3,17
11,24
29,27
29,14
42,4
41,3
22,25
28,25
18,24
47,21
5,30
50,5
3,10
27,11
46,13
41,11
36,22
23,27
3,3
4,11
44,13
36,23
16,23
47,7
36,11
22,6
12,3
49,12
3,5
36,8
22,16
36,17
7,13
15,1
36,26
44,10
18,11
4,28
31,18
35,11
11,13
21,29
19,1
31,7
3,29
23,25
12,18
2,30
17,6
32,2
23,28
17,25
5,25
31,11
4,7
35,18
17,11
0,15
31,12
25,23
15,24
22,25
50,25
39,1
4,17
20,24
13,14
15,13
30,4
41,29
38,30
30,27
41,5
46,16
26,23
4,4
38,16
30,8
16,17
50,17
41,14
25,6
34,9
30,22
19,4
2,10
37,25
35,19
34,17
11,3
46,8
19,30
17,23
45,9
34,29
41,1
36,23
2,26
2,26
0,3
0,20
13,25
23,21
40,14
43,25
7,5
10,16
41,9
0,30
35,17
22,8
19,5
21,9
14,14
18,19
33,27
42,30
43,5
4,19
24,16
8,5
14,7
21,9
10,7
31,24
15,21
21,6
29,11
30,18
10,7
41,26
37,22
34,2
42,20
48,14
21,25
10,19
37,1
41,20
39,6
14,30
11,22
40,12
2,24
12,1
9,16
38,20
43,13
24,14
42,15
39,22
28,10
10,3
45,25
7,2
37,7
43,8
37,18
20,13
46,6
48,11
46,4
41,30
13,29
32,24
1,22
23,23
36,22
8,3
28,26
9,17
14,4
20,16
24,17
17,1
8,6
42,11
22,2
20,4
4,29
7,29
30,13
6,23
26,30
19,27
15,20
31,18
8,23
43,3
35,2
8,30
45,14
14,8
29,29
35,24
47,27
25,28
2,3
4,7
43,16
21,19
4,22
21,4
21,18
47,28
0,17
6,26
35,21
26,9
19,29
28,20
11,1
20,18
34,22
22,20
34,8
5,9
39,19
21,10
36,9
2,16
21,25
30,17
29,5
44,15
24,7
8,4
12,24
33,20
6,22
5,9
37,5
42,23
0,1
39,9
45,5
0,16
48,12
40,20
47,12
6,2
47,23
29,1
22,29
43,22
10,25
2,15
19,2
23,12
34,16
44,5
0,2
7,5
21,2
25,28
17,21
18,11
14,2
50,2
46,12
43,15
38,29
33,9
37,27
48,20
21,22
49,2
28,20
40,4
39,2
46,14
11,18
14,16
49,29
13,8
44,30
26,18
39,28
41,8
9,4
32,21
31,24
27,30
30,8
21,29
1,18
19,23
12,19
4,30
43,27
3,22
3,17
29,5
34,20
4,25
50,28
15,28
16,2
30,9
7,2
48,22
44,6
2,2
24,4
25,15
29,7
46,20
8,15
3,12
9,2
12,26
25,25
50,7
22,10
10,1
17,14
21,22
31,21
46,16
22,22
11,15
18,14
46,27
15,8
37,28
48,3
27,16
35,16
25,28
48,14
36,22
4,29
23,24
7,22
36,18
27,8
8,23
49,15
32,3
42,9
18,22
36,4
37,19
3,20
29,3
9,13
39,15
1,17
8,10
2,15
33,6
10,21
15,22
45,29
31,29
32,21
7,19
12,4
15,3
27,23
50,8
28,30
27,14
39,15
48,6
12,16
8,20
40,14
31,21
29,25
41,5
44,9
18,17
29,19
8,2
40,1
18,10
17,30
50,14
2,14
33,9
18,25
29,11
21,21
3,25
40,23
34,14
44,16
26,4
8,30
26,28
40,11
32,19
43,6
1,17
12,2
44,15
10,17
48,25
26,25
1,11
22,20
15,19
31,22
4,3
0,8
33,4
7,16
18,22
46,12
50,10
40,5
16,13
5,24
36,20
6,21
48,24
13,7
5,6
49,7
39,27
33,3
8,2
5,11
26,13
47,17
34,16
32,20
39,14
17,27
29,10
4,29
48,28
47,27
18,14
22,7
49,3
4,8
3,24
14,1
29,29
44,30
7,19
29,6
40,13
15,6
26,23
19,10
42,20
22,17
5,13
0,27
30,6
50,26
10,28
46,20
21,29
14,19
45,23
50,9
10,3
23,5
33,18
7,25
35,7
32,10
14,27
8,4
46,7
43,27
50,19
31,23
13,14
46,24
9,12
27,20
1,3
5,14
36,3
32,10
43,4
23,11
39,9
24,17
32,23
33,5
19,28
8,21
19,22
2,4
34,8
24,29
26,26
11,4
49,13
28,10
48,5
6,9
34,27
47,3
37,1
32,14
2,15
13,4
17,21
31,24
32,17
21,15
31,14
31,23
31,5
42,2
5,21
23,15
12,27
13,17
6,11
36,18
13,16
34,14
38,12
35,28
35,3
13,26
29,8
14,24
15,13
2,3
41,20
34,12
36,10
12,15
42,16
32,6
23,12
36,22
2,23
46,24
46,7
5,5
34,8
28,21
33,15
39,6
8,7
27,10
27,14
32,14
44,22
24,23
4,30
8,19
38,22
30,11
41,14
2,11
45,17
19,9
10,28
18,1
21,22
23,22
3,24
26,12
7,13
33,15
27,3
12,27
40,11
34,12
46,26
31,30
15,1
28,13
46,4
41,25
16,14
49,11
9,17
12,17
47,19
37,22
9,3
1,1
4,14
26,8
30,27
4,25
4,2
46,15
40,25
37,25
1,11
32,14
12,4
29,3
44,14
39,23
38,15
30,20
44,10
29,25
30,6
43,14
26,21
45,17
15,9
17,18
0,4
36,25
23,17
47,29
18,10
45,6
33,29
48,19
21,21
22,1
17,23
25,15
29,15
2,8
9,29
11,29
6,29
20,14
18,1
25,6
38,24
2,10
45,20
4,29
40,14
35,29
11,17
4,20
37,24
13,21
40,19
37,18
9,25
19,3
39,14
27,30
18,8
23,19
39,13
1,9
37,23
10,8
27,28
46,11
17,27
45,19
49,26
41,3
22,2
21,3
11,30
2,9
31,29
14,9
12,14
1,19
17,18
13,10
31,23
28,13
45,30
45,30
48,18
44,19
1,27
27,4
48,30
12,4
2,16
6,2
30,23
33,9
30,2
27,19
48,7
18,9
13,27
42,5
38,18
35,3
49,7
43,17
24,20
37,23
15,15
19,10
0,7
15,29
31,8
17,23
15,21
17,30
30,21
26,30
12,23
1,17
33,11
12,1
22,29
17,28
0,7
26,27
17,29
5,14
26,10
38,30
44,25
27,7
7,22
29,2
48,1
8,9
35,19
47,8
43,27
30,18
30,11
28,23
35,1
37,1
9,1
37,4
34,3
41,18
39,16
23,22
11,5
17,2
43,11
4,17
49,24
50,30
22,25
7,15
48,1
2,16
32,24
12,2
8,13
39,29
45,8
31,8
40,24
44,7
48,30
22,21
8,20
4,11
31,29
48,3
35,16
47,3
23,14
15,21
47,15
9,7
7,10
2,20
45,4
32,12
6,25
20,6
38,5
12,15
11,29
30,14
50,17
49,22
47,25
31,9
12,21
30,30
28,7
35,3
34,26
12,12
45,22
6,14
28,12
34,8
9,21
7,4
34,11
31,15
12,9
49,17
20,6
33,15
8,7
32,9
36,11
15,21
6,26
2,8
48,29
39,6
25,12
21,19
35,12
45,25
29,17
28,25
46,28
21,25
12,22
34,4
4,27
24,21
0,20
27,13
11,25
10,11
35,1
15,28
34,13
26,15
2,27
7,26
18,19
36,26
7,23
17,10
44,24
3,16
29,30
0,8
13,29
31,24
13,12
40,30
8,21
50,22
12,5
38,18
27,24
21,10
31,2
48,13
50,2
10,16
28,6
49,19
36,29
26,27
25,22
14,30
7,12
3,22
33,27
36,14
1,19
38,22
11,2
5,13
47,26
47,14
42,17
31,11
16,6
32,24
1,17
0,16
37,15
50,1
14,20
36,29
28,5
10,29
35,24
29,1
8,11
45,20
24,21
45,14
27,24
25,29
36,22
16,16
1,15
15,24
42,26
14,7
35,26
49,13
47,23
50,2
44,22
32,16
16,2
35,6
24,29
23,14
10,6
43,25
49,21
37,27
26,25
35,27
6,16
15,13
47,13
37,7
40,17
5,13
20,18
38,14
2,3
34,4
38,3
40,23
39,17
9,2
15,4
38,5
0,24
39,2
31,24
44,14
32,9
44,6
7,23
7,5
27,7
24,8
29,1
46,6
0,11
17,16
20,3
48,5
27,24
41,6
49,26
7,8
23,17
43,20
9,22
21,18
18,27
43,3
5,14
33,17
22,28
10,21
38,12
11,17
41,24
15,6
7,7
25,25
38,19
4,15
50,2
2,1
2,24
43,11
4,25
30,15
40,26
50,21
43,14
3,23
16,25
11,5
14,1
46,1
1,13
28,3
7,18
23,30
42,16
20,3
1,26
6,5
13,11
36,11
12,17
18,5
5,3
49,24
43,29
27,19
3,4
48,28
24,2
25,6
33,11
49,15
5,15
47,3
12,22
31,14
12,25
15,7
12,4
33,30
14,25
17,5
11,17
50,17
46,30
11,8
1,30
0,1
50,19
13,24
43,19
8,12
1,21
46,12
1,10
47,1
8,7
9,14
43,3
5,2
24,11
1,25
50,25
33,26
40,28
16,4
36,26
23,22
46,1
13,15
45,9
4,26
46,13
21,24
21,23
50,22
1,2
28,27
21,15
38,19
11,9
29,2
48,6
25,1
25,7
26,19
30,13
11,30
31,27
2,28
40,13
38,28
18,30
15,8
42,15
29,12
45,11
50,6
7,26
38,30
17,15
30,8
4,26
11,23
32,20
8,10
15,15
9,18
1,6
40,26
1,21
42,29
4,21
15,27
2,6
31,8
12,15
7,20
37,29
49,27
35,21
31,27
33,5
47,25
11,15
27,1
9,16
15,22
4,3
45,29
7,8
43,8
1,6
26,11
6,1
44,26
20,9
28,17
46,13
38,2
22,16
42,22
38,1
39,10
31,28
30,21
39,30
23,4
1,27
26,4
19,29
0,18
3,6
24,2
48,19
9,21
13,22
24,30
1,11
35,25
7,16
13,6
16,6
45,22
16,2
45,18
19,8
45,28
14,15
22,28
19,16
11,7
42,25
32,14
29,12
39,14
31,12
48,7
39,21
48,26
47,20
28,27
50,13
9,8
6,19
7,14
11,26
17,9
16,30
36,7
49,29
25,3
45,19
27,5
34,2
43,27
12,11
30,13
47,7
45,28
28,30
29,30
31,8
42,11
14,8
42,12
34,22
10,9
30,6
45,9
7,19
31,13
32,19
29,4
7,5
47,15
49,11
12,14
34,26
34,19
34,23
31,30
21,26
4,27
10,12
49,17
15,1
12,30
49,25
2,1
4,30
21,9
50,3
1,24
7,7
48,18
2,4
35,1
32,7
31,15
0,6
12,12
48,28
0,6
15,29
46,19
39,27
21,17
37,4
12,21
8,20
29,6
30,16
0,17
23,20
13,19
47,11
5,25
22,22
5,15
20,8
37,11
39,27
18,23
1,3
27,19
22,11
26,23
1,23
31,23
34,6
20,3
45,7
40,5
50,7
24,15
6,3
48,22
30,6
7,5
17,22
38,22
18,5
15,5
26,29
35,23
31,5
36,10
40,1
39,27
45,20
13,16
48,20
25,26
16,5
34,4
25,24
0,13
4,15
14,29
39,27
37,8
21,28
24,20
35,30
24,24
48,6
36,28
28,15
23,27
7,21
8,27
34,6
15,14
7,10
44,28
42,9
50,27
42,6
34,17
27,5
6,13
7,4
50,3
7,13
30,23
19,19
23,3
43,2
7,8
33,17
37,18
18,26
5,22
20,30
3,20
50,21
47,4
33,29
24,28
36,21
23,22
3,9
20,15
44,25
45,26
25,6
41,6
22,8
14,20
27,2
37,4
13,3
20,18
38,7
36,6
15,7
15,30
46,26
14,14
17,1
35,1
46,13
36,2
38,22
7,28
37,27
24,29
20,30
21,28
48,6
49,4
42,14
7,26
35,4
10,14
25,8
9,13
2,14
23,4
4,17
48,12
29,10
38,27
46,7
47,16
43,27
11,30
44,6
49,12
48,5
37,20
24,15
16,13
25,19
50,12
32,24
39,14
40,26
8,12
2,11
50,26
18,3
26,19
49,3
36,16
45,14
21,19
50,8
10,23
43,24
37,17
12,25
28,18
0,12
2,1
42,22
44,14
38,5
17,22
18,16
49,17
3,9
2,9
46,25
5,19
36,22
10,7
13,17
39,10
35,28
6,21
13,24
0,7
24,12
6,19
15,13
26,28
42,18
22,8
29,1
13,5
1,19
25,22
43,29
34,18
42,11
17,22
17,23
4,27
47,5
15,30
21,4
43,6
32,7
37,21
28,3
15,7
6,25
41,14
32,9
40,18
32,27
14,26
45,18
29,6
11,28
26,3
37,17
40,30
29,24
0,3
13,19
30,16
35,27
41,11
33,20
43,4
46,24
24,17
49,3
1,13
9,17
30,22
49,15
24,6
44,17
16,22
23,8
4,9
19,18
22,16
21,22
4,14
38,18
18,26
26,8
46,15
16,29
13,17
40,6
18,15
30,3
16,1
40,6
18,6
45,7
16,14
20,1
29,1
4,2
46,17
49,28
10,9
4,3
27,16
8,27
3,5
7,1
17,12
17,19
8,16
41,17
34,21
42,25
26,8
36,2
41,3
37,15
7,9
20,7
12,30
18,16
46,21
30,11
34,29
6,29
45,13
10,19
3,1
14,19
27,22
6,15
3,15
27,29
38,8
2,16
45,6
38,6
23,3
47,2
33,30
20,15
25,22
40,10
37,17
7,29
12,14
24,20
45,28
25,25
0,14
22,18
41,28
44,26
5,27
14,24
44,12
43,26
22,21
27,30
34,21
42,10
1,21
0,21
33,15
31,11
27,23
13,21
33,1
10,26
50,11
29,6
50,2
33,24
39,21
19,4
5,9
9,17
25,27
28,14
40,8
46,13
24,30
7,9
35,6
13,20
37,4
11,26
6,30
33,4
41,26
48,2
22,16
28,8
44,17
23,28
20,23
36,2
36,29
44,10
27,23
31,12
10,30
15,7
20,23
1,25
28,6
29,8
20,2
13,18
10,14
8,2
32,7
19,30
38,11
39,10
43,5
26,8
15,19
3,19
25,28
45,16
50,29
31,13
4,9
45,23
6,1
34,8
47,26
34,14
45,4
9,7
40,30
42,25
10,14
15,29
25,3
18,9
37,11
15,28
28,14
20,25
19,13
43,7
49,16
0,21
44,11
30,29
45,19
33,1
40,9
7,23
30,14
48,11
13,30
9,15
1,2
10,24
25,3
4,2
46,4
38,25
31,25
47,6
12,17
20,3
14,24
15,5
42,20
19,3
6,21
18,8
50,18
26,28
4,8
31,2
3,7
31,4
33,23
7,20
2,14
30,18
13,8
16,8
49,16
26,13
3,23
0,16
13,13
31,1
2,14
2,17
26,15
49,8
21,16
45,5
21,23
2,3
16,13
45,14
35,30
30,26
10,1
41,10
8,16
24,12
38,25
38,15
5,28
36,24
18,7
31,18
4,1
48,27
34,4
20,21
36,15
41,30
10,11
10,17
50,9
14,5
33,19
33,12
41,21
46,19
22,5
19,9
10,9
33,25
13,1
32,18
33,30
27,19
27,12
11,30
31,27
27,29
15,15
25,11
23,2
25,19
0,28
23,8
5,24
32,20
43,13
2,29
20,21
34,15
26,1
17,21
14,17
25,24
8,19
22,17
12,14
37,29
21,14
43,18
12,20
17,13
45,12
25,11
23,10
25,22
40,17
46,12
32,20
9,21
48,27
16,2
37,28
13,27
18,7
38,11
19,9
48,22
44,11
42,13
0,16
48,30
4,30
16,25
3,16
41,8
17,10
17,19
49,4
29,1
15,2
33,29
36,1
38,18
25,24
13,6
43,19
14,20
36,18
50,13
10,26
30,14
8,16
39,4
38,8
34,21
18,22
21,8
21,28
10,21
11,14
49,21
9,3
43,16
26,20
4,30
0,27
19,25
5,2
39,1
13,11
7,17
47,3
35,16
46,2
9,30
30,18
50,25
6,30
12,8
20,27
32,3
9,1
15,6
23,20
29,30
7,26
27,29
27,2
13,24
0,24
33,29
1,11
45,12
9,24
31,11
31,10
17,30
18,23
40,2
50,29
10,17
50,7
50,15
15,17
4,23
1,23
3,1
13,27
4,18
50,15
29,20
45,10
11,23
28,13
5,11
9,23
38,7
46,19
12,14
29,11
47,26
13,13
38,18
9,12
34,23
45,1
0,22
10,10
1,9
21,12
47,12
26,6
8,13
43,28
4,29
5,5
46,28
29,25
4,22
45,23
19,12
8,11
23,17
3,29
37,18
17,22
45,13
13,28
17,29
3,1
40,23
19,21
41,19
47,7
42,25
9,14
23,11
5,1
47,24
24,18
31,4
40,19
31,29
18,11
35,29
47,4
18,23
48,2
42,27
45,2
3,30
21,15
48,15
44,10
2,4
29,12
5,19
23,12
25,9
34,16
41,29
34,3
50,17
0,3
21,11
35,3
11,17
47,20
45,2
35,4
32,30
50,13
27,20
24,7
21,20
49,20
37,29
20,23
21,20
7,7
38,4
18,27
8,26
19,7
49,1
5,24
2,21
44,21
30,20
21,21
45,2
12,30
18,19
15,25
4,17
34,20
14,26
0,9
35,27
35,12
28,17
19,9
1,25
41,13
49,17
14,11
35,17
48,3
24,23
15,11
19,8
26,26
31,24
44,18
41,11
15,16
1,25
32,20
34,19
5,3
3,21
31,14
22,5
27,11
0,19
25,11
6,26
16,15
32,6
47,13
30,29
43,7
46,23
12,17
23,24
22,12
17,8
39,4
35,19
7,17
20,14
43,9
20,12
38,29
0,13
24,20
5,18
10,4
24,21
4,29
37,30
3,22
16,3
50,26
22,29
42,3
44,20
4,30
25,21
28,23
6,8
43,15
25,9
28,5
6,15
21,29
40,23
12,29
45,25
43,19
19,10
49,10
41,12
13,18
3,27
26,30
44,12
33,10
15,6
37,1
2,4
33,28
8,26
36,25
2,18
48,12
42,6
27,9
22,1
10,15
26,10
3,6
19,12
8,26
0,15
20,5
24,22
18,2
19,27
28,27
41,10
6,9
27,13
7,19
0,19
23,15
38,13
33,4
33,22
33,3
27,18
15,10
50,13
22,30
19,15
42,11
27,26
37,24
29,27
40,29
22,4
40,4
41,10
32,18
28,22
8,21
34,1
47,18
39,25
20,25
10,14
31,13
32,24
9,11
16,8
43,21
30,15
32,13
2,30
49,2
36,16
16,20
5,7
16,6
45,16
12,26
47,28
29,5
2,26
13,11
34,25
27,17
5,4
15,6
44,16
26,9
45,11
37,21
31,17
8,14
4,1
40,1
9,15
28,22
5,12
50,28
25,11
17,27
0,24
48,8
23,24
50,26
33,22
27,29
48,16
1,11
27,29
17,6
21,4
29,12
31,14
17,19
30,16
18,14
18,29
21,23
38,16
15,20
32,27
4,27
10,19
19,9
49,21
13,20
28,8
47,29
25,9
33,13
8,25
38,8
19,6
7,24
40,4
10,29
12,9
9,25
47,16
46,27
39,4
21,3
27,10
35,10
20,20
47,16
26,2
35,29
41,6
46,18
32,5
50,7
49,8
31,27
20,18
18,25
45,29
47,30
18,26
38,13
37,11
2,19
6,17
27,14
17,29
44,12
14,11
27,1
45,15
16,24
48,14
47,25
21,19
17,14
37,2
46,11
22,14
1,8
37,24
17,15
13,18
19,27
45,23
1,27
19,4
44,25
19,23
1,14
40,11
12,21
42,11
30,29
33,29
24,20
31,8
49,20
9,28
1,7
34,29
6,29
13,12
47,14
46,17
3,15
35,22
38,30
46,17
14,3
44,14
6,6
17,16
8,10
46,28
31,10
47,7
12,17
8,19
28,16
36,23
6,28
36,19
27,24
14,14
24,30
42,10
28,15
11,2
33,1
15,20
37,27
50,2
4,24
28,23
44,22
22,6
40,12
25,3
2,14
46,2
1,20
34,6
21,14
40,14
45,23
23,10
0,28
43,12
29,5
31,4
4,29
45,8
4,13
6,22
31,25
12,20
11,3
5,23
21,8
18,23
17,12
31,8
30,21
32,26
32,17
33,7
13,16
3,2
7,19
43,4
35,29
10,5
4,30
12,17
33,24
31,27
41,1
45,1
2,8
4,9
44,3
20,22
33,20
45,5
23,17
18,6
1,3
48,28
21,6
6,28
30,10
29,18
33,4
9,10
35,4
32,20
37,2
45,25
39,10
32,9
46,7
35,29
11,30
29,18
46,29
31,20
24,4
41,10
1,9
25,18
30,24
7,18
11,15
30,29
15,15
19,12
26,22
3,3
45,11
28,14
10,2
4,17
1,23
24,1
2,30
29,11
19,1
45,4
33,17
27,17
50,25
31,24
25,30
12,19
4,10
4,11
33,10
40,13
15,29
20,3
5,30
34,24
48,12
10,20
25,20
41,21
5,24
12,19
36,12
15,15
35,3
9,19
1,16
42,26
16,25
4,26
8,27
23,8
28,22
28,18
25,4
42,4
11,19
31,27
10,11
38,24
31,17
45,4
25,3
27,13
20,10
16,8
22,9
30,25
17,28
20,18
37,16
2,26
3,23
36,5
7,7
20,8
10,21
37,15
28,24
26,25
11,10
22,27
38,29
0,9
43,14
23,13
28,2
40,18
49,16
0,2
13,3
21,24
30,9
4,30
6,5
8,18
4,30
5,28
2,29
3,5
8,23
12,26
0,1
19,1
44,4
37,8
9,1
35,8
46,19
37,7
21,13
9,8
9,24
3,23
15,2
36,28
1,25
8,11
4,18
33,20
46,19
36,7
9,18
20,29
15,29
16,29
7,3
25,6
46,2
31,1
8,21
5,19
27,7
2,25
17,7
39,15
41,3
5,17
34,8
47,8
14,17
22,29
39,1
47,12
50,2
5,17
15,13
23,6
20,17
25,19
42,27
25,1
16,28
15,19
23,26
18,28
21,7
24,23
39,30
1,22
1,30
23,24
11,6
50,22
34,23
14,7
23,7
37,18
4,25
19,20
27,2
8,26
47,11
44,19
24,9
1,8
27,2
17,28
45,4
32,8
15,22
8,30
31,20
26,12
43,15
3,4
37,6
44,18
4,9
3,13
26,12
36,21
36,12
46,10
8,2
31,24
8,20
28,5
22,11
25,8
24,15
3,24
20,16
48,19
20,28
15,28
37,19
43,7
5,2
28,17
13,12
22,16
29,17
29,21
6,20
5,25
31,7
45,30
10,17
35,2
29,14
16,5
42,16
17,18
16,29
8,2
30,30
50,10
43,24
5,22
39,26
4,7
32,14
28,8
31,20
19,20
10,30
13,16
35,22
33,27
11,18
47,3
17,14
9,21
39,19
32,24
14,18
13,15
3,26
44,25
30,22
0,4
34,26
20,18
1,22
18,13
11,14
47,4
26,5
48,8
38,4
5,10
35,15
16,23
25,14
7,27
27,25
31,1
8,19
8,4
49,11
50,7
33,25
28,13
44,22
3,6
26,25
0,14
34,16
8,3
40,10
33,10
29,10
48,22
22,15
27,23
18,28
2,8
32,28
18,25
10,27
18,22
34,6
35,13
7,18
44,30
30,30
40,9
13,5
45,24
8,23
7,19
9,15
31,1
1,18
31,7
1,22
21,30
24,27
48,2
25,20
7,23
42,19
42,20
10,4
30,18
28,27
6,5
35,16
24,26
31,14
7,4
17,17
7,4
1,12
16,18
11,6
24,6
17,13
46,5
24,8
22,25
18,23
14,29
41,10
37,20
17,2
33,22
30,20
12,9
5,14
47,15
46,28
41,5
50,19
32,17
27,6
10,13
28,17
32,12
20,12
21,10
15,26
21,23
31,20
37,15
41,13
23,20
29,28
48,29
16,2
10,9
33,18
19,19
0,12
14,3
41,27
34,18
49,15
17,21
26,11
15,29
25,28
32,1
44,20
9,22
19,4
5,15
42,12
48,17
45,7
23,20
41,15
42,27
43,25
0,21
6,24
36,2
23,16
45,17
36,9
14,29
42,20
49,3
40,20
39,14
8,26
11,23
47,21
21,9
12,22
17,21
6,29
44,7
29,29
25,27
2,8
31,7
45,29
45,10
10,30
23,28
36,14
12,19
0,28
2,3
3,1
48,12
0,21
39,8
41,24
8,2
21,7
38,3
26,12
46,10
4,6
4,27
18,25
18,15
26,16
7,6
27,25
6,19
26,3
6,13
14,6
41,16
25,16
10,18
42,2
43,25
6,17
16,10
12,16
23,4
7,18
15,16
22,26
38,29
19,14
38,6
27,4
11,29
41,20
40,15
25,12
14,8
37,18
25,15
7,5
18,2
46,22
39,14
44,11
25,26
3,29
28,24
13,3
23,19
5,5
41,1
26,19
35,13
26,19
44,5
17,29
15,27
47,3
34,20
32,15
18,28
22,22
21,21
28,16
42,22
45,13
4,30
4,26
28,20
9,15
22,11
5,4
14,25
43,29
41,13
44,15
40,3
20,3
15,1
0,20
12,16
19,7
41,2
21,16
45,27
32,10
30,29
22,26
43,7
15,25
8,17
24,17
10,18
19,6
40,13
24,30
38,2
13,26
24,22
49,28
36,8
43,16
32,9
15,15
20,23
37,4
10,3
37,25
27,26
18,25
32,5
3,18
29,14
37,23
9,25
12,5
40,8
21,29
20,23
0,12
14,18
23,4
9,19
18,13
7,9
23,7
43,19
9,17
42,19
17,3
24,26
16,11
36,25
8,21
38,25
34,27
39,27
7,13
0,1
40,27
34,24
43,6
14,9
24,2
10,18
0,7
8,27
7,20
19,27
2,29
44,2
3,12
9,25
19,19
3,1
43,30
8,2
9,26
36,27
25,18
35,5
47,27
28,26
30,18
32,17
1,5
46,30
43,20
9,21
42,18
6,21
0,16
18,16
7,8
17,4
40,15
2,13
18,28
20,18
48,14
25,24
22,2
20,21
47,26
0,28
12,5
20,12
50,14
33,24
27,3
49,1
32,14
39,22
10,29
37,12
47,3
29,1
8,25
37,29
19,18
6,20
42,15
42,14
29,9
30,21
47,15
12,8
15,6
19,12
43,20
28,11
10,12
5,22
47,14
5,22
30,15
28,15
23,18
31,22
26,9
34,27
29,27
0,23
9,8
19,29
5,12
32,23
36,14
11,10
26,25
37,15
21,4
8,1
16,13
28,16
22,26
48,14
9,28
11,10
50,5
14,15
44,25
16,13
49,28
13,28
3,29
19,5
39,11
31,29
23,13
17,4
36,23
48,8
21,15
18,9
41,24
38,23
21,5
44,30
36,22
44,6
39,15
45,14
41,24
27,27
2,1
18,14
14,15
13,25
43,24
35,29
44,17
37,8
17,30
4,25
42,19
17,20
39,11
47,4
21,15
41,30
36,29
48,19
0,24
19,13
29,27
6,30
6,7
2,9
30,3
22,22
20,10
27,9
30,23
10,5
39,11
0,5
34,29
18,28
47,5
10,16
48,9
12,12
35,4
33,25
6,2
30,8
16,17
26,24
1,26
23,28
50,14
29,9
8,1
16,14
50,5
11,12
11,10
29,25
18,22
31,6
3,27
27,30
38,1
46,9
15,15
30,15
2,9
8,21
5,14
33,3
6,3
31,24
46,20
3,18
22,12
49,28
16,1
37,10
24,25
2,15
3,28
7,30
12,19
33,6
31,21
41,14
41,27
26,10
29,21
8,5
5,6
21,22
23,13
14,29
37,23
19,7
18,29
7,28
17,16
35,16
18,24
36,4
37,26
1,15
1,10
17,5
22,12
40,11
3,1
8,17
44,25
21,11
49,6
47,8
25,8
1,14
20,15
45,21
49,18
50,1
31,14
22,17
26,27
9,6
35,10
36,4
17,24
11,23
42,6
21,27
39,14
49,15
48,21
33,9
38,25
29,26
9,6
25,19
7,1
32,30
48,15
39,26
10,6
19,1
34,12
39,2
30,28
28,22
48,17
21,5
11,1
19,24
29,29
43,7
14,12
34,10
23,10
14,12
32,16
10,22
37,26
20,24
1,6
2,5
24,28
11,2
35,9
21,17
12,13
48,8
1,24
11,5
49,15
26,17
42,7
11,17
41,18
22,15
24,23
19,4
28,23
48,30
12,16
20,19
16,18
22,14
39,19
8,23
42,26
3,27
31,11
29,14
18,21
45,2
35,5
45,1
14,25
35,26
3,23
15,5
1,23
31,14
46,30
44,26
27,22
47,16
50,26
7,4
9,8
30,21
14,22
26,2
7,30
18,23
34,14
21,18
15,27
33,23
25,16
33,12
14,2
41,25
35,22
26,25
31,13
21,21
18,14
38,17
37,9
7,4
27,30
38,22
4,1
40,13
4,10
41,16
32,22
1,13
1,13
34,1
38,15
41,15
11,15
39,8
28,5
13,1
44,30
37,6
11,26
0,15
37,28
39,22
41,9
14,29
30,26
4,27
20,22
17,14
12,17
16,29
41,15
26,27
35,30
41,8
50,14
26,12
9,27
50,2
8,23
35,21
38,20
37,9
5,18
42,30
13,26
10,22
18,16
50,14
50,20
42,23
0,28
43,14
21,5
25,25
9,17
24,29
9,10
41,12
23,2
43,21
21,25
50,3
27,8
30,1
37,2
3,13
27,20
29,18
38,21
26,16
38,11
32,10
2,27
26,1
50,8
18,14
32,25
37,20
6,1
5,6
15,10
3,14
40,8
30,18
21,11
33,18
42,2
43,27
27,9
32,29
32,29
37,22
16,15
44,13
44,4
18,10
34,29
40,2
34,4
24,26
12,14
45,5
29,15
5,8
40,24
9,14
28,24
31,1
26,22
48,15
22,12
14,16
23,5
43,14
40,5
46,4
39,14
46,4
12,28
26,24
15,19
19,17
3,4
27,5
29,23
36,22
38,19
40,29
49,14
46,23
1,1
25,22
35,12
5,22
37,28
24,13
15,13
37,18
36,1
5,15
33,22
1,8
24,9
33,19
27,7
24,17
11,10
19,18
22,14
37,16
41,17
2,14
23,28
22,10
49,14
48,21
41,12
36,6
29,17
38,3
26,13
33,21
21,12
10,20
15,26
12,23
37,4
47,24
46,4
39,24
47,12
5,14
44,19
46,3
14,4
37,8
23,23
49,9
41,10
44,30
47,30
5,18
13,22
32,20
38,24
41,25
35,30
48,19
40,25
7,21
25,2
48,20
28,2
5,27
17,28
29,2
41,16
36,3
34,14
33,20
6,8
19,24
6,28
6,22
9,5
38,19
44,16
15,10
24,19
31,7
14,9
8,25
40,29
33,23
23,17
18,14
2,11
48,4
1,14
1,19
18,17
47,18
41,2
47,1
13,3
45,4
43,6
6,26
47,11
16,4
25,4
36,9
13,12
42,12
43,23
4,21
47,21
41,18
38,10
14,26
5,22
40,28
41,18
14,3
38,17
6,18
41,3
41,20
0,18
5,3
0,9
23,15
33,16
34,22
45,12
4,12
17,30
26,16
4,16
14,20
28,28
16,16
47,4
10,22
32,8
7,7
30,15
20,22
12,27
43,19
35,9
16,11
30,1
32,27
33,15
30,26
26,1
22,11
27,6
47,9
22,23
7,24
36,13
15,18
23,17
40,21
41,8
41,29
35,10
4,9
43,15
2,28
25,2
23,20
19,28
19,11
19,14
2,4
12,25
34,16
6,24
31,19
17,10
16,16
13,20
3,25
43,9
23,18
45,14
49,16
41,3
39,29
20,22
26,21
35,21
41,3
16,18
30,19
34,17
40,5
33,20
11,2
14,4
6,16
7,23
11,16
23,28
38,26
17,22
37,14
12,27
48,19
10,14
29,11
32,26
6,22
12,13
1,28
32,9
48,28
13,5
37,19
34,1
4,24
11,28
11,29
3,30
41,8
22,20
22,12
12,20
40,1
9,19
2,17
31,8
18,18
37,5
40,26
7,10
2,25
46,30
32,21
23,20
30,2
0,14
44,30
33,1
29,26
48,1
28,17
7,22
37,22
22,7
9,30
17,6
22,28
38,4
35,12
6,8
8,22
34,9
0,6
50,29
16,21
18,26
42,17
26,16
9,18
32,13
12,5
34,26
14,21
41,10
21,23
33,29
16,3
47,12
9,13
1,5
35,27
15,19
17,6
8,3
27,11
6,25
6,2
7,22
20,23
37,25
47,25
24,18
44,25
7,27
36,16
10,19
33,9
15,14
49,15
42,15
40,19
14,6
5,27
32,14
40,3
43,11
31,26
17,16
25,16
13,6
4,2
27,29
29,27
35,2
46,3
37,1
21,21
5,30
49,21
33,8
37,9
21,27
7,7
41,14
40,18
43,7
49,9
2,3
19,11
40,10
34,3
29,28
33,3
47,13
39,23
29,9
21,11
14,4
30,19
28,17
5,26
15,10
4,4
19,22
6,27
43,3
28,30
9,3
33,1
7,19
32,5
46,5
34,26
19,18
30,20
10,8
32,25
38,18
48,3
32,25
48,24
24,1
24,1
50,2
5,29
15,9
17,6
30,14
46,29
22,26
9,26
3,22
25,23
4,6
17,19
47,16
46,1
49,20
16,24
18,5
7,30
17,9
40,14
34,1
13,23
42,16
27,7
15,27
13,24
50,6
36,17
31,27
10,18
12,23
4,27
46,10
36,23
19,27
10,2
30,27
46,27
3,7
28,5
27,9
10,4
39,2
24,2
22,28
12,22
28,1
14,18
41,29
41,26
16,8
38,3
31,14
31,30
18,21
24,6
48,15
1,6
46,8
15,12
15,3
26,10
12,10
47,20
4,20
20,15
29,30
21,15
20,17
2,19
38,12
10,19
3,2
7,17
49,4
6,19
21,20
28,23
39,7
34,23
12,21
0,3
20,24
15,21
13,11
15,19
1,11
35,28
6,6
37,14
16,10
33,17
31,8
17,5
19,14
37,5
9,9
20,6
44,13
47,10
50,1
27,23
42,27
7,3
1,5
16,2
5,30
30,2
26,2
42,11
38,17
41,15
21,22
30,27
36,20
50,18
42,1
47,29
3,19
24,23
19,18
40,24
39,12
32,19
0,4
22,26
11,21
17,12
44,16
22,23
29,17
38,7
25,30
38,4
16,10
4,4
6,20
10,7
9,25
45,11
32,22
15,23
47,30
34,18
1,14
13,4
47,1
36,15
46,6
48,25
3,29
41,4
44,11
30,28
34,17
25,23
7,24
43,2
22,11
13,1
21,5
26,1
4,13
0,10
28,16
19,30
36,26
23,27
28,22
50,26
38,16
37,27
25,6
27,30
42,20
42,26
1,13
34,10
16,10
19,24
37,26
21,4
36,1
23,10
17,6
14,6
16,24
5,28
18,11
50,18
33,30
1,10
18,3
18,16
7,26
0,3
42,13
34,12
21,17
13,1
2,20
22,28
42,21
10,29
3,8
13,29
23,23
11,21
23,16
30,26
11,7
27,10
45,20
6,3
15,30
14,1
41,9
41,21
17,19
23,18
31,1
2,20
35,18
26,27
11,5
25,10
15,2
17,21
18,26
39,22
40,27
39,15
13,27
10,27
12,9
5,12
43,22
19,1
20,14
5,24
13,11
47,3
9,23
36,10
50,6
7,27
29,15
17,13
3,3
50,20
3,2
46,16
30,29
28,7
0,12
6,28
20,20
23,27
0,17
41,10
37,5
40,23
17,8
25,7
3,29
26,1
36,22
32,15
50,21
18,7
26,22
16,19
22,9
26,3
45,26
32,30
22,12
28,29
3,30
42,17
19,16
7,9
22,10
2,20
26,30
29,6
2,15
50,15
27,29
32,8
17,2
34,10
16,6
24,15
9,21
6,7
3,3
34,21
11,19
43,9
8,14
22,8
6,18
49,22
9,25
20,12
7,4
50,24
4,24
6,6
47,10
31,30
47,27
41,19
39,7
44,15
41,20
33,4
50,3
32,27
38,8
1,6
12,26
40,17
2,22
46,29
15,26
24,23
28,17
21,13
24,30
12,20
42,29
16,4
6,23
40,19
39,14
41,1
50,22
41,26
1,4
28,17
48,13
24,30
32,4
21,17
50,4
36,21
19,21
0,5
13,11
41,29
32,14
44,26
17,17
4,28
47,26
26,20
41,3
8,10
18,30
50,21
42,11
17,5
6,25
12,1
11,24
22,19
13,23
19,11
5,13
48,20
24,26
29,18
34,16
34,8
46,18
9,25
6,10
1,25
47,16
17,8
41,30
31,16
5,28
22,9
2,20
22,21
24,9
27,24
23,1
46,13
15,29
10,7
7,14
30,16
8,11
30,22
27,19
17,30
35,28
22,16
12,28
43,2
9,23
11,14
33,23
6,25
1,22
16,14
45,4
28,10
14,5
33,8
28,13
28,13
42,14
40,25
46,30
45,13
27,26
28,4
8,8
22,24
40,23
23,1
16,25
0,29
33,6
5,10
3,8
14,29
18,5
7,11
22,23
3,24
0,6
30,5
0,26
12,7
26,25
48,16
6,20
25,26
18,14
47,13
29,19
30,23
22,23
42,20
44,12
17,6
16,26
2,8
41,7
36,7
41,4
4,4
11,16
25,8
5,9
21,3
19,14
34,28
18,24
13,4
39,24
22,14
18,26
27,3
23,22
40,5
25,17
16,16
28,11
17,14
9,11
2,9
14,15
39,30
37,8
10,9
32,29
47,2
25,27
32,2
24,1
6,9
2,23
37,4
47,10
30,13
17,4
13,22
9,23
17,29
10,1
35,17
50,19
23,6
40,8
17,11
40,25
28,27
33,5
14,16
21,6
26,4
45,28
44,30
41,20
38,17
18,25
13,23
22,26
41,1
12,19
34,25
1,30
18,18
9,30
43,26
49,14
42,14
12,8
6,30
42,2
43,28
21,28
24,13
34,21
48,25
30,18
33,22
46,17
19,3
30,16
25,13
43,24
5,20
43,9
2,9
35,12
34,17
11,13
31,28
17,7
5,28
19,18
2,8
2,24
25,5
10,6
25,14
0,8
4,22
7,1
27,11
45,30
34,29
24,20
9,10
3,18
43,25
41,30
30,7
35,30
49,12
18,27
25,24
47,9
42,5
39,15
6,23
20,2
8,23
12,9
29,23
28,2
24,14
44,1
45,18
32,28
41,13
31,14
15,9
27,30
29,10
46,10
45,12
46,26
15,7
41,16
14,4
7,11
19,26
31,7
43,26
4,25
5,28
13,11
22,25
3,5
16,17
9,17
11,28
8,21
10,5
0,24
48,30
32,1
12,1
34,8
50,21
30,23
4,29
18,18
29,12
27,24
3,14
5,19
7,3
8,6
13,22
25,7
28,18
33,24
25,25
16,10
15,28
31,4
13,11
38,3
4,26
1,4
14,13
29,27
22,14
14,30
50,14
41,28
18,17
28,12
37,26
10,5
20,14
25,24
22,20
23,5
9,26
36,25
11,26
12,3
23,10
2,13
14,6
48,1
32,30
47,22
21,5
28,16
19,25
3,15
49,29
45,4
6,29
34,17
9,6
1,19
39,17
50,11
34,20
30,5
47,2
23,12
1,13
21,11
23,28
30,26
36,1
23,18
32,9
7,5
31,29
24,23
11,4
1,8
36,1
14,18
42,17
43,8
20,30
22,25
11,12
5,1
48,19
23,24
31,11
12,10
22,5
41,17
9,21
21,28
18,29
2,13
28,24
32,3
29,14
28,16
20,10
44,17
7,6
32,13
15,12
16,5
45,16
1,17
27,9
7,8
40,7
7,2
15,2
46,7
43,10
4,11
27,20
39,25
18,26
22,10
31,14
25,14
31,5
33,2
49,16
15,29
23,9
2,14
4,11
18,20
40,24
39,15
49,8
45,8
40,16
29,8
39,20
27,19
21,2
20,18
11,22
25,20
14,3
0,18
10,20
34,24
21,22
32,10
0,3
29,11
10,15
35,2
36,19
33,24
18,3
2,12
50,10
23,10
31,6
15,22
12,19
15,14
24,25
31,5
24,1
23,8
43,28
23,17
7,22
19,16
15,29
0,3
34,28
16,16
14,13
46,1
3,16
50,1
26,2
45,18
29,3
14,20
14,23
22,9
3,13
11,9
11,27
30,28
12,3
47,27
0,28
42,20
43,14
50,20
22,8
30,13
17,29
25,15
0,23
40,29
31,7
7,29
45,7
2,9
43,20
42,26
5,19
31,18
0,26
26,19
38,22
31,7
26,4
36,3
46,4
1,9
50,3
33,23
17,6
19,8
42,13
4,23
9,10
38,3
22,28
26,21
41,30
41,20
31,11
43,24
24,20
0,3
35,13
25,26
36,4
31,2
6,2
10,24
13,12
2,22
0,22
2,13
42,4
36,30
44,27
7,28
45,9
31,12
10,22
13,8
9,11
23,1
30,30
46,30
16,14
26,17
35,7
31,21
19,14
43,29
33,20
47,28
33,27
9,30
4,17
22,21
31,8
12,30
36,11
41,14
46,30
26,18
27,22
17,8
38,19
42,22
11,8
0,10
42,13
27,15
16,7
32,1
9,22
6,24
22,20
23,20
23,25
31,6
14,9
26,22
14,11
4,19
13,7
33,12
43,22
2,29
7,27
23,6
4,24
12,22
47,5
48,30
47,20
16,6
44,1
3,26
22,15
18,12
21,18
45,10
27,20
2,21
30,4
9,16
4,17
2,26
26,2
20,7
42,3
38,25
24,26
28,23
8,15
2,22
20,3
45,23
29,26
23,24
29,27
15,26
35,30
41,29
8,30
23,17
39,14
31,21
50,25
31,18
25,20
40,26
28,25
46,9
19,6
37,5
38,23
5,9
15,13
3,14
17,10
23,16
48,10
26,2
26,30
32,17
1,1
33,18
26,28
12,19
7,25
25,23
45,30
27,12
13,12
37,26
29,19
16,9
24,9
33,16
17,22
50,19
30,19
9,4
37,8
18,19
28,11
33,12
20,24
0,19
16,11
19,25
11,29
41,19
5,29
38,9
7,6
41,20
37,6
42,25
20,4
24,23
38,10
32,8
7,23
4,2
46,11
48,10
43,2
17,10
20,6
8,8
43,16
21,14
43,21
11,16
2,23
32,19
41,10
21,14
23,12
8,29
27,21
21,5
7,5
29,17
14,7
1,4
35,10
44,4
21,16
31,21
21,17
0,20
40,24
42,13
21,28
38,18
14,15
2,18
27,25
6,4
35,19
22,10
23,28
34,18
9,12
22,22
15,7
31,12
32,12
29,29
5,20
18,25
7,5
39,3
32,28
35,29
17,6
17,11
4,29
7,6
14,25
0,17
34,23
5,16
10,11
8,7
31,16
12,12
30,9
38,26
20,9
17,13
45,10
7,26
1,4
6,8
28,17
34,13
14,20
23,29
38,3
0,20
9,14
27,29
30,28
4,29
33,25
40,2
50,23
6,30
19,17
36,19
37,13
50,20
31,30
10,4
21,17
35,17
35,26
10,21
12,8
39,7
44,17
13,4
48,17
39,19
0,21
35,27
18,14
40,3
33,19
4,20
5,2
45,7
46,18
40,7
24,7
2,10
4,9
18,20
8,5
14,12
18,13
16,9
27,1
17,7
2,22
43,14
50,3
37,4
10,5
28,15
20,29
16,25
40,5
46,15
30,23
35,19
23,13
3,10
16,12
33,2
17,12
40,16
5,1
37,18
2,30
33,22
11,19
24,16
23,21
47,28
19,9
43,17
29,27
44,12
9,5
24,12
25,10
13,20
9,30
7,9
13,13
48,17
9,21
15,7
1,15
14,22
15,14
20,28
41,18
3,24
19,1
1,24
12,6
49,4
10,1
19,19
30,15
39,11
10,30
7,26
11,7
39,29
25,22
43,6
50,20
26,28
44,20
11,18
17,25
22,15
9,6
37,6
49,20
22,19
28,1
28,16
19,29
45,22
9,18
25,24
27,7
20,10
4,22
25,2
33,20
24,7
44,22
22,17
40,30
36,11
17,16
43,13
38,7
22,6
36,26
8,6
42,24
14,14
10,7
43,3
18,10
40,9
37,5
5,3
8,2
40,7
32,30
50,28
37,1
49,15
49,12
36,3
0,18
16,28
46,4
1,29
47,4
46,13
8,29
21,25
1,4
37,26
1,14
27,6
43,28
14,24
39,6
42,18
7,17
15,14
13,30
18,2
41,15
25,28
32,10
11,12
36,24
30,17
19,20
9,9
22,2
19,2
43,9
35,25
33,24
31,14
27,18
19,20
16,24
15,9
16,18
12,17
18,30
3,8
6,6
2,20
34,4
12,1
19,15
41,24
33,27
36,7
36,21
30,16
3,25
20,15
5,8
43,10
45,17
20,14
4,8
41,16
39,13
31,9
19,21
21,4
22,20
3,6
0,29
35,11
28,5
2,23
13,4
37,27
39,4
46,18
39,11
22,29
42,23
30,4
20,10
14,9
36,24
9,26
27,26
33,15
0,8
18,11
45,13
11,20
25,25
40,21
1,30
23,7
5,14
44,5
4,24
5,27
39,17
8,23
16,6
15,24
15,1
28,4
44,17
30,9
29,7
20,17
7,14
31,30
14,10
16,25
27,30
1,18
29,10
40,21
30,12
20,7
34,20
30,18
29,24
4,22
48,23
34,6
48,24
34,22
2,26
7,12
24,19
14,7
25,14
4,5
35,8
46,5
47,11
15,4
4,23
40,10
0,19
31,12
49,16
48,2
11,18
41,14
19,19
14,18
49,6
44,18
26,16
38,16
25,26
22,14
3,16
8,13
42,25
50,23
16,16
50,27
14,28
35,4
2,11
12,30
27,1
14,2
34,6
37,2
47,10
42,10
26,14
10,15
17,23
21,10
29,22
20,25
15,29
10,14
42,7
22,28
41,17
50,10
47,4
14,16
27,27
10,11
33,20
27,18
33,28
35,15
10,20
15,18
23,12
8,28
37,13
29,18
44,25
47,30
9,17
49,29
38,18
31,10
4,11
34,6
22,27
50,28
1,28
2,25
17,24
38,19
15,22
50,26
11,10
14,24
17,23
19,3
26,13
17,14
23,5
1,3
5,15
23,9
18,12
20,16
29,3
22,11
48,27
6,19
10,18
50,8
34,27
0,6
24,9
23,20
10,28
32,7
11,5
19,29
41,15
46,25
30,28
43,20
10,19
34,16
21,10
13,17
36,19
12,3
8,27
34,13
11,16
31,26
39,14
7,8
7,11
22,28
17,7
37,7
33,6
25,30
42,19
47,7
41,18
46,5
28,1
25,28
4,16
31,10
50,5
18,2
7,14
4,16
32,7
30,22
18,3
14,18
29,25
49,12
6,26
20,26
38,15
38,26
25,8
31,7
32,17
49,24
40,30
16,6
2,17
44,30
25,15
30,21
5,26
11,17
13,6
17,18
23,28
5,24
10,24
35,19
3,6
3,13
47,25
15,26
37,21
10,13
9,2
14,8
27,2
33,20
7,10
23,16
28,13
0,11
16,13
0,13
43,25
26,20
30,15
50,22
39,8
44,19
40,13
37,8
7,1
6,19
9,21
41,28
22,23
45,8
28,26
6,15
42,14
35,23
5,21
1,28
9,25
21,19
5,23
12,8
10,27
33,28
6,1
9,6
29,28
22,6
21,12
21,8
5,1
13,25
43,12
16,10
16,14
19,26
25,1
9,9
48,21
16,1
15,24
23,18
27,13
35,4
43,8
19,5
31,18
25,25
30,6
47,15
11,14
32,29
20,9
41,2
45,19
11,19
2,6
24,9
5,20
43,12
17,11
10,27
38,7
32,10
17,2
32,26
28,9
32,1
49,1
11,14
13,8
17,29
0,18
38,11
2,18
11,1
23,30
5,23
27,21
7,4
2,2
16,21
49,6
40,3
6,30
18,1
0,18
44,2
30,9
24,16
41,29
32,23
24,9
40,18
48,28
35,6
44,9
6,1
18,10
26,28
46,25
13,6
47,28
36,29
6,3
8,5
14,28
21,9
4,6
5,14
47,18
25,18
47,5
29,29
11,12
45,30
50,19
5,8
12,22
14,19
8,23
29,25
3,21
19,29
22,16
33,19
30,28
29,6
4,21
49,26
28,15
39,16
50,27
8,17
47,14
44,15
14,2
49,12
12,9
29,19
19,16
11,20
6,22
36,27
27,30
32,16
13,14
24,24
29,11
49,10
44,5
49,27
46,5
47,28
49,30
44,3
43,7
13,21
30,11
48,23
22,3
44,11
32,22
19,16
31,8
11,3
12,12
20,18
49,12
14,17
20,17
44,23
48,9
33,15
23,16
45,6
23,14
3,13
26,6
30,19
14,18
7,27
41,20
20,18
47,9
45,28
28,28
22,5
