34,11
42,26
29,26
33,19
37,14
28,3
11,4
11,5
1,25
32,13
44,14
14,14
41,23
28,4
18,9
17,9
50,8
12,25
5,11
41,11
22,7
36,28
10,15
35,29
27,26
50,22
30,24
44,27
1,16
9,20
42,18
10,4
32,20
14,16
27,12
31,25
38,25
37,6
19,16
10,6
46,17
32,10
5,29
32,21
29,2
1,11
10,9
20,18
11,3
21,3
15,10
28,3
33,30
26,11
34,26
48,6
42,8
38,5
41,28
19,24
42,6
27,23
50,11
35,27
18,11
46,26
10,3
20,22
0,10
40,30
0,16
3,24
18,23
5,14
4,23
17,3
41,20
18,22
0,14
42,5
37,10
13,5
22,15
21,16
19,11
25,8
7,19
15,30
20,10
39,23
37,29
1,23
47,28
44,24
9,19
41,18
30,10
3,4
28,21
50,21
8,17
19,1
27,14
13,28
43,23
25,18
3,1
7,10
35,5
12,10
8,6
12,10
40,15
49,7
44,24
45,7
50,23
24,5
29,6
16,26
35,28
3,18
45,3
15,10
11,19
41,14
44,14
7,10
19,29
46,27
24,6
5,27
1,3
9,24
29,3
38,30
49,22
43,27
11,29
27,22
35,1
15,30
0,29
1,7
40,22
10,4
26,26
22,1
20,24
18,17
9,26
38,3
46,23
22,23
28,11
20,15
2,11
21,29
7,27
40,21
48,3
33,13
31,15
0,11
17,12
28,23
17,8
26,11
11,27
14,12
36,17
29,16
14,29
33,27
36,15
30,4
47,2
46,15
11,19
26,6
39,21
36,14
4,15
32,16
38,2
24,21
9,11
15,3
0,21
9,3
30,16
12,3
48,26
10,12
11,4
41,22
26,19
16,19
41,29
30,1
35,17
41,12
50,10
13,28
0,29
23,28
37,29
29,27
40,27
19,5
37,11
36,19
16,16
20,27
5,20
25,26
9,13
9,4
3,4
1,10
29,22
5,26
46,19
40,28
12,1
11,24
43,8
47,19
6,25
11,14
19,25
37,30
31,3
19,14
6,4
2,30
1,3
44,23
19,1
13,23
19,3
24,4
24,10
17,18
29,22
45,20
9,14
25,14
13,10
30,18
25,5
10,17
34,5
31,26
21,12
22,28
10,3
24,5
26,7
13,14
1,22
40,22
9,25
32,5
7,2
19,26
40,20
21,9
46,9
38,3
13,22
0,24
42,23
16,21
36,1
44,21
16,3
44,19
44,30
47,20
18,19
34,8
24,3
21,21
38,15
20,29
44,3
33,13
48,26
25,6
13,1
12,10
31,9
12,7
33,23
32,28
6,30
46,9
7,1
11,23
35,9
31,13
1,24
16,9
17,2
45,14
31,26
19,5
12,19
11,8
8,22
4,24
40,21
6,25
29,13
3,13
23,20
33,29
27,25
26,20
39,27
19,29
9,28
9,21
39,29
43,22
23,6
41,1
33,13
14,18
46,8
14,22
4,26
11,25
1,24
33,13
43,12
2,28
45,4
49,7
50,23
30,5
2,13
16,27
18,30
17,11
24,3
21,5
34,9
8,8
44,4
37,14
39,14
11,18
43,29
33,12
30,3
4,27
6,15
11,8
6,1
18,9
22,26
34,24
3,27
18,29
33,19
3,29
14,19
37,11
43,13
32,27
16,11
45,1
21,24
45,30
33,8
22,21
13,21
32,28
8,10
33,5
5,18
9,14
38,3
33,13
23,9
12,11
47,23
10,3
8,24
19,14
40,26
2,5
42,21
18,13
42,7
40,10
45,13
8,5
38,21
11,15
30,22
12,9
27,15
15,4
3,10
25,25
29,9
24,15
38,23
48,20
37,18
40,7
16,29
48,7
15,15
36,8
21,2
25,17
20,7
40,22
34,26
2,25
35,16
2,28
9,9
50,2
43,17
44,16
12,23
38,7
24,1
31,20
18,18
7,27
37,21
8,20
49,8
21,8
1,11
25,13
1,5
24,28
35,12
25,5
43,1
8,9
30,15
25,25
17,5
16,7
38,26
13,15
37,3
33,7
27,8
15,9
34,14
49,10
4,1
47,7
17,18
36,5
12,20
38,4
38,19
12,28
12,6
42,30
28,7
29,18
29,2
49,22
27,6
14,8
9,2
15,2
20,2
48,7
17,6
29,8
24,13
22,1
30,21
38,29
12,23
2,22
37,9
41,20
35,14
33,7
31,11
22,22
3,28
38,12
13,8
2,15
5,14
37,22
27,21
43,8
13,11
37,19
3,22
23,16
36,10
5,17
2,25
4,2
25,14
2,22
17,11
49,19
14,4
25,7
9,17
9,20
10,16
43,10
7,26
48,19
41,14
27,19
20,5
24,15
25,19
7,12
50,25
34,18
11,18
46,4
28,27
47,20
8,1
32,4
36,12
16,29
34,22
23,23
32,19
26,5
2,16
34,3
29,26
46,27
10,13
23,17
7,26
11,12
19,24
0,14
29,27
50,4
45,2
20,1
7,19
37,14
29,22
49,14
15,15
13,22
34,18
39,27
24,17
1,21
33,7
12,30
1,16
38,15
30,13
30,5
4,23
46,25
10,25
4,18
15,25
0,11
24,5
40,18
20,20
42,1
33,21
40,20
21,30
13,9
50,21
15,10
19,14
12,14
7,1
47,10
2,17
33,25
26,3
36,23
16,25
49,11
6,11
24,8
35,8
31,1
30,27
16,26
27,22
38,13
45,23
21,5
24,27
35,2
9,26
48,23
48,14
12,5
47,22
26,25
43,16
24,15
49,1
30,9
0,16
5,5
19,17
7,1
47,8
12,17
42,11
28,19
7,28
0,19
27,19
25,27
41,6
49,15
38,23
16,7
31,9
19,4
19,4
0,18
21,4
35,22
39,25
5,13
40,4
47,9
44,26
40,7
48,24
43,6
25,17
19,17
8,5
44,26
27,5
3,12
3,6
10,10
21,17
24,14
22,23
50,4
33,19
25,3
36,20
47,25
46,30
36,13
24,8
48,11
17,24
25,10
43,26
44,23
45,6
10,10
25,30
44,29
50,19
1,26
8,22
39,26
36,15
18,8
26,19
12,16
8,19
5,30
5,19
42,7
47,27
23,19
24,17
10,7
30,3
16,2
4,17
22,12
18,13
19,20
44,9
8,16
27,20
37,28
31,3
0,24
30,7
25,12
37,14
27,19
48,14
49,20
47,6
3,17
5,25
36,27
40,29
15,20
6,9
32,7
47,21
44,9
25,3
48,14
5,29
25,19
7,13
11,28
40,28
2,22
30,21
49,10
22,12
39,22
15,14
48,29
28,16
29,20
40,2
48,14
47,1
13,17
9,29
24,5
9,18
46,6
31,13
21,27
48,13
7,29
32,4
20,28
34,23
12,24
40,4
47,18
8,12
39,9
20,3
30,30
43,1
17,4
26,1
39,9
21,23
44,16
40,22
33,4
30,22
14,26
25,27
40,23
8,29
31,13
14,9
42,7
2,25
40,28
14,9
19,25
27,11
18,1
47,27
35,22
38,5
42,21
0,15
50,16
5,24
26,8
21,30
7,6
3,14
41,3
24,4
31,1
46,22
26,2
21,29
47,12
28,26
20,4
12,8
26,17
29,26
35,10
43,20
46,27
5,16
0,4
45,19
0,30
50,23
16,16
43,12
28,6
50,7
26,2
36,12
6,14
27,6
29,30
24,17
37,8
43,30
16,10
25,2
45,1
44,24
4,16
34,25
28,16
9,26
15,24
7,24
23,15
26,10
50,20
39,6
2,4
30,26
35,9
49,9
19,13
43,15
15,23
2,14
6,14
1,15
1,17
35,13
47,26
6,4
28,26
48,20
9,17
42,7
1,12
18,3
22,7
46,3
31,15
29,24
33,9
21,28
38,18
10,24
30,15
14,26
49,24
15,23
11,22
40,1
3,6
14,2
20,12
23,29
29,11
48,24
9,26
38,15
0,6
26,9
36,8
27,10
27,25
32,10
9,8
43,19
3,20
20,29
15,22
7,11
21,30
48,1
3,24
32,1
26,29
34,23
32,5
48,4
15,10
1,4
0,16
4,1
45,20
43,14
18,24
24,28
27,12
3,26
9,3
12,17
11,5
27,3
31,13
49,2
43,9
0,19
22,29
25,1
22,8
13,12
50,3
28,18
6,2
47,27
48,10
36,30
48,15
47,5
21,13
14,18
25,12
21,4
36,29
49,27
2,21
10,27
32,19
14,9
15,9
50,21
18,9
39,27
21,6
7,21
16,12
38,20
6,20
12,21
26,22
7,24
48,4
36,20
20,28
13,5
50,26
46,23
8,25
49,9
6,27
2,18
20,19
29,23
28,7
10,22
48,21
41,21
36,18
26,22
9,9
29,15
36,20
10,22
50,16
29,12
14,15
3,8
50,20
8,30
10,16
14,10
42,3
0,20
8,25
7,19
5,13
34,11
43,3
25,24
10,28
37,22
0,15
28,20
5,17
12,20
43,17
31,1
0,26
14,17
20,29
7,30
43,28
32,20
3,10
2,18
28,1
11,27
28,29
19,19
2,6
28,12
25,25
3,8
16,23
35,25
47,5
11,15
7,17
3,24
39,16
31,5
17,10
35,15
16,3
28,15
13,28
16,18
42,24
12,4
40,20
31,11
33,13
31,9
23,10
46,12
23,19
31,19
50,15
9,6
16,11
20,11
27,22
8,26
33,25
50,14
38,5
17,4
29,21
43,11
36,29
22,22
40,30
45,5
48,1
26,25
35,10
21,3
43,12
27,28
17,28
10,6
5,30
41,10
8,11
16,27
7,22
18,28
35,25
48,24
7,24
11,17
25,29
5,11
41,28
48,21
34,30
18,20
13,1
1,10
2,15
8,19
42,15
41,21
41,3
12,28
0,9
11,23
28,9
2,21
21,27
34,3
5,11
41,24
48,13
38,5
5,19
39,24
11,8
47,30
28,23
15,29
6,4
31,17
28,23
35,19
23,27
35,1
15,24
45,24
2,8
10,8
17,16
34,22
35,26
49,19
41,28
5,12
30,29
19,25
8,22
7,26
37,16
3,2
21,24
12,5
2,5
10,30
4,17
40,23
28,22
31,22
5,18
3,1
45,10
16,22
42,3
22,16
13,2
18,11
25,19
21,13
43,21
32,23
43,24
30,5
34,10
6,17
37,12
3,17
26,20
38,14
23,21
29,21
46,17
10,26
33,7
2,5
45,25
25,27
2,16
39,15
7,14
48,19
7,7
11,29
11,3
26,11
10,2
33,16
1,27
49,16
22,7
12,6
27,6
20,14
37,2
30,18
29,14
13,11
1,18
3,12
46,17
19,6
50,28
35,6
26,30
14,24
45,10
36,8
50,5
47,19
5,23
23,13
6,15
38,11
39,13
13,8
50,20
15,6
29,27
38,29
5,15
44,7
2,7
21,11
12,28
5,30
7,30
27,4
42,3
5,21
9,30
1,19
48,4
14,4
8,15
9,6
42,17
43,9
13,30
47,20
0,30
20,10
43,8
3,1
7,7
18,23
10,10
36,13
47,15
36,27
25,1
50,4
9,13
32,21
24,22
41,26
14,4
32,27
7,14
6,20
21,26
47,17
30,19
22,27
23,22
36,2
10,8
23,17
17,4
29,14
21,21
23,4
10,22
13,7
7,9
20,25
31,12
19,9
21,6
5,12
40,13
36,5
50,5
42,19
22,14
6,6
2,27
24,14
26,14
39,13
49,25
1,6
16,16
20,27
22,19
36,7
47,22
10,23
33,7
33,12
6,11
38,8
20,23
44,10
43,6
3,17
18,10
16,12
0,15
18,23
32,3
0,17
26,13
7,13
39,19
23,8
46,25
35,22
23,19
40,13
6,4
37,26
27,17
34,25
32,12
35,1
32,1
7,20
47,6
47,28
44,10
10,27
3,15
25,18
39,13
42,27
12,23
24,27
26,9
16,15
33,1
25,17
9,25
22,7
12,25
2,28
23,16
3,29
5,18
8,3
45,19
12,4
35,30
26,25
13,25
37,11
8,8
18,15
32,11
29,25
12,18
24,16
17,22
48,26
26,22
24,17
37,27
17,18
26,5
34,25
43,6
35,19
30,16
22,7
25,12
9,18
23,3
21,23
12,19
4,9
2,14
19,17
3,6
31,25
15,14
32,4
12,16
28,2
11,2
20,9
37,18
11,3
30,18
17,27
20,8
5,21
7,15
6,14
49,15
31,26
22,6
34,14
26,20
5,11
1,5
49,8
26,15
23,7
18,26
19,9
22,15
22,19
9,29
30,2
6,18
10,4
26,10
14,28
2,22
9,23
9,20
48,16
2,20
44,6
16,2
20,6
3,10
23,6
40,12
35,3
17,1
40,18
43,1
13,8
31,26
28,13
20,28
14,29
48,3
44,24
46,15
38,14
29,28
32,6
14,7
45,12
10,10
11,27
24,28
4,25
13,26
32,14
8,7
17,10
21,28
4,13
45,19
24,4
16,5
15,30
6,6
30,2
14,29
4,9
13,17
47,4
41,25
20,5
22,14
16,9
38,29
20,30
43,5
29,17
8,16
37,28
28,24
11,5
14,11
13,26
35,9
13,19
33,6
42,8
48,1
23,15
5,26
38,17
46,11
42,28
3,25
6,26
29,10
34,19
27,8
12,13
16,28
33,12
22,18
22,9
30,3
18,2
49,23
12,23
7,4
33,4
47,26
2,16
44,8
45,19
7,21
48,6
40,18
15,12
2,13
39,27
26,15
28,28
45,3
16,3
44,13
3,9
22,20
24,14
2,28
15,19
19,12
8,9
41,15
50,15
6,11
24,1
45,24
27,1
49,17
44,7
41,26
26,2
23,22
4,13
34,9
23,24
17,25
20,8
45,22
31,3
37,15
25,5
16,21
33,16
37,21
6,30
11,6
26,8
13,19
1,30
46,29
28,9
35,1
36,12
21,11
7,4
2,17
16,29
14,22
11,15
17,20
35,17
9,15
20,2
19,1
48,18
9,11
49,12
10,15
47,21
33,17
11,14
50,23
49,13
18,2
36,13
25,27
17,26
4,10
33,11
6,8
38,22
41,15
22,15
19,30
29,22
33,22
25,30
17,5
21,18
24,23
39,5
32,29
28,10
1,29
20,11
18,11
9,28
40,17
23,15
2,15
8,13
0,23
19,4
23,12
43,17
8,18
36,24
33,13
26,13
16,30
50,21
14,2
45,25
17,29
35,26
23,19
44,6
1,2
32,14
2,5
49,1
35,25
2,29
0,1
43,4
5,13
48,26
15,5
17,20
33,5
39,4
48,27
50,29
25,5
37,28
38,22
9,22
15,27
21,11
16,4
9,10
27,26
1,15
1,8
46,22
7,15
20,2
22,16
36,18
28,28
20,21
26,17
9,29
4,2
33,5
1,4
38,17
10,28
22,19
27,9
4,15
21,16
26,2
1,24
34,4
3,27
37,6
11,13
2,9
27,21
34,5
31,18
30,12
49,7
21,24
9,6
8,14
14,26
29,20
38,7
2,13
11,1
27,11
12,22
25,26
13,8
18,1
17,17
2,29
16,26
40,12
29,27
28,24
12,12
3,30
1,2
25,25
31,30
25,12
39,30
21,12
25,24
41,22
19,17
47,11
0,13
37,24
26,3
49,11
34,22
25,17
49,14
36,25
16,12
30,22
27,9
20,21
22,13
25,6
41,25
6,27
48,14
12,29
41,30
33,10
44,14
36,24
25,20
9,26
28,12
49,27
11,14
35,7
11,24
31,30
25,5
50,27
50,22
43,3
48,22
31,17
29,11
42,26
33,14
35,21
30,3
18,17
17,5
33,23
45,3
43,16
27,5
40,24
28,28
13,19
16,26
43,10
43,4
50,9
8,22
34,5
12,28
37,21
37,23
44,6
4,5
11,20
26,9
8,24
37,17
8,17
7,3
12,25
22,9
41,26
44,28
16,17
33,24
1,28
0,21
47,21
26,25
20,22
28,2
31,8
3,21
50,5
45,1
37,20
9,4
3,13
8,16
10,11
39,12
27,16
10,24
13,26
25,19
16,19
48,21
14,18
5,8
43,14
36,24
38,29
47,28
39,6
39,10
20,30
42,25
29,4
49,26
30,8
19,20
47,28
34,28
32,22
26,26
15,20
49,7
44,14
22,5
16,10
28,2
32,30
40,27
35,7
50,19
44,21
9,27
46,9
27,24
28,6
24,26
5,22
15,4
35,22
38,1
40,30
35,6
28,11
20,15
5,17
28,29
9,8
24,12
45,1
36,8
0,27
11,29
14,29
49,5
4,20
28,24
24,24
3,28
11,25
27,5
47,23
35,9
5,3
8,30
6,1
3,10
38,24
46,25
28,13
5,16
28,9
45,8
0,4
20,26
35,23
33,29
39,19
41,29
36,7
19,21
20,30
13,29
27,2
50,25
15,21
37,11
9,1
44,26
46,19
34,21
6,23
3,23
1,3
0,6
5,5
21,11
27,20
8,19
40,16
40,26
0,3
21,9
37,30
49,24
12,17
41,2
11,2
29,24
16,3
6,10
15,2
44,26
44,5
8,18
41,17
39,9
3,26
27,23
50,25
33,13
7,21
40,11
11,18
32,11
23,30
8,22
39,17
16,27
47,11
38,21
16,1
18,28
26,2
37,8
35,2
6,5
22,24
47,2
33,24
2,4
13,3
43,4
7,30
44,19
20,7
50,10
8,19
50,18
3,15
42,22
17,20
15,2
27,16
14,12
20,20
1,7
41,28
36,1
25,28
12,23
31,10
24,4
28,12
35,4
46,13
19,22
32,19
20,3
9,20
30,19
8,10
21,6
29,1
5,27
9,16
8,2
21,6
39,8
10,11
4,27
11,6
8,9
48,17
48,11
11,29
20,13
10,22
4,11
30,7
18,5
1,3
12,28
24,10
8,23
20,14
41,27
25,10
42,18
16,1
41,27
40,13
0,26
17,12
4,8
39,29
34,12
4,7
44,14
35,5
32,22
47,1
21,4
3,27
28,15
7,29
39,11
50,12
8,7
44,7
41,24
43,16
50,11
50,26
19,26
8,1
38,8
31,13
29,5
50,16
44,27
32,25
36,25
47,2
47,15
9,14
48,2
7,25
46,13
35,18
24,12
30,29
6,24
29,4
6,10
7,28
20,2
9,20
43,19
1,9
11,15
49,28
27,19
49,2
23,15
17,21
4,10
28,1
20,7
33,28
24,11
46,5
26,7
20,11
3,3
37,5
1,9
49,17
35,13
0,23
7,3
32,22
40,10
40,10
40,27
42,19
29,15
50,14
3,13
49,13
9,12
13,10
34,5
32,4
43,18
38,10
15,24
28,13
30,23
33,21
48,26
12,20
50,16
1,17
26,21
28,27
35,17
41,10
0,5
23,8
1,2
45,17
6,27
24,7
9,2
46,20
31,13
10,17
1,2
46,12
23,3
19,1
36,19
28,21
32,23
26,16
47,22
28,6
8,29
15,7
35,6
31,1
39,9
19,14
11,24
36,23
7,21
4,21
2,3
19,18
35,8
4,25
17,28
36,27
13,6
36,12
11,4
15,4
4,22
12,12
39,13
27,6
30,27
32,24
3,9
5,5
10,11
3,30
1,8
15,26
3,18
26,15
28,24
11,3
7,11
31,7
0,26
28,20
36,22
29,12
33,27
0,7
37,21
39,11
17,6
10,25
21,6
41,13
42,9
26,22
5,24
5,15
35,4
31,24
5,11
10,9
40,16
17,15
40,2
41,29
30,25
9,28
6,18
49,21
48,14
33,9
22,19
12,11
31,15
39,23
48,2
5,14
46,16
14,24
16,10
34,22
20,2
18,29
3,12
10,28
46,29
10,14
50,18
27,19
16,1
3,21
35,16
7,28
0,15
4,21
10,4
44,7
29,25
29,4
38,27
0,4
6,7
20,17
28,27
9,21
26,18
35,1
35,25
32,29
46,7
40,27
30,14
3,10
39,16
11,24
48,26
28,30
1,10
35,15
8,7
18,20
25,3
38,15
14,10
17,11
41,11
32,18
20,20
48,4
34,6
21,17
47,2
0,16
13,3
14,4
21,19
37,12
10,12
6,24
34,7
9,26
30,28
34,18
13,10
16,22
25,8
2,22
50,1
14,5
25,27
27,18
8,15
40,1
2,22
14,8
0,9
26,17
34,27
13,14
6,19
45,5
3,16
4,5
30,8
28,16
42,19
35,8
28,21
16,27
44,13
16,30
12,8
17,5
45,23
15,30
0,1
49,27
12,12
34,12
12,15
31,24
50,19
25,13
42,29
5,7
18,15
49,9
17,24
11,1
20,18
31,27
21,2
5,12
16,4
3,24
50,20
40,24
36,6
32,25
7,25
40,27
17,20
4,7
12,15
14,28
26,1
16,21
7,22
45,21
17,7
38,6
40,5
22,14
45,10
21,19
28,7
1,28
42,26
38,27
40,29
2,5
16,16
35,6
4,8
4,26
24,28
41,10
25,5
49,14
42,15
35,11
8,20
36,28
10,11
14,12
45,29
8,22
35,9
17,27
17,6
9,2
25,6
4,26
50,12
15,20
26,22
11,27
10,9
22,6
12,4
47,7
41,23
12,13
47,20
28,29
26,20
9,6
1,4
39,24
33,22
36,27
47,24
35,11
23,17
6,9
12,28
12,20
21,4
37,21
41,5
34,22
21,27
4,26
36,28
32,6
1,20
43,3
35,18
15,26
32,5
26,9
12,4
27,19
14,24
38,24
32,9
21,25
30,21
17,21
9,11
39,28
2,12
10,8
26,30
2,23
26,23
36,5
21,7
22,20
35,22
39,30
20,10
11,2
25,13
39,6
20,12
7,2
17,29
6,8
0,24
14,19
43,25
31,20
28,4
20,22
32,20
40,21
37,4
1,1
37,24
26,12
19,19
7,19
24,23
16,19
3,26
49,16
12,27
28,26
10,22
16,29
49,18
36,20
1,27
10,13
30,21
8,28
38,19
5,6
29,27
40,3
25,5
45,11
7,16
24,3
12,2
2,11
35,22
23,14
23,28
43,15
2,17
43,11
29,16
21,26
38,16
33,23
34,13
49,11
4,11
12,15
9,21
45,19
23,3
38,28
24,18
6,20
22,9
32,20
18,25
47,3
37,17
13,28
27,4
49,9
45,10
41,23
25,3
43,28
15,14
3,22
39,11
40,29
10,17
46,23
49,16
31,6
46,10
38,7
14,28
22,29
41,20
46,9
44,13
15,27
31,25
23,16
2,23
14,17
36,28
6,18
20,23
20,6
2,30
28,17
2,7
43,10
16,16
35,7
23,22
4,29
40,7
40,23
47,11
36,15
26,9
6,2
1,20
5,13
19,15
31,20
38,1
45,2
45,17
38,14
0,6
20,14
30,15
1,22
12,20
26,4
14,17
41,13
42,11
31,2
24,6
45,8
48,29
11,3
20,24
44,21
46,19
39,26
47,8
7,22
38,9
49,12
27,5
43,7
21,26
5,9
45,16
26,22
9,13
32,25
33,2
17,18
29,11
18,5
34,9
42,26
32,23
38,8
12,12
9,25
37,10
13,14
11,16
38,1
7,18
40,25
35,7
10,14
12,24
10,13
19,2
13,11
22,8
43,29
6,24
10,5
34,15
6,5
6,9
17,28
18,10
7,28
7,17
21,12
36,8
4,23
24,26
28,28
22,21
2,29
4,10
6,13
3,10
7,5
13,27
48,12
16,21
16,7
12,15
27,28
0,16
48,6
2,9
47,24
4,18
22,30
34,14
16,27
43,16
29,1
10,21
39,19
36,21
41,18
20,3
31,27
41,26
6,21
50,29
18,19
31,7
6,24
14,27
37,17
32,9
50,22
4,14
49,27
29,10
26,4
32,6
21,3
26,28
33,11
12,23
35,3
42,3
23,29
46,19
48,4
47,23
9,3
26,29
34,3
6,26
41,28
35,29
9,28
50,27
44,22
33,7
45,30
46,23
13,15
1,4
40,6
9,1
29,18
6,8
23,10
28,28
48,27
5,29
25,15
46,9
46,19
26,7
5,20
49,14
44,10
7,8
3,11
12,18
41,15
45,5
41,12
21,3
20,26
44,14
35,14
45,28
24,25
19,2
48,25
39,30
1,20
5,23
50,16
34,22
0,21
21,12
27,8
35,17
16,4
8,3
0,15
30,4
0,22
14,5
7,2
6,23
3,5
31,4
49,21
31,1
49,1
18,1
26,9
48,14
21,25
9,25
12,27
33,14
10,13
34,15
35,23
46,16
49,28
5,3
25,16
8,12
19,12
48,8
25,26
34,6
13,14
17,7
50,13
26,28
29,3
40,8
21,14
27,22
42,6
17,6
7,1
50,8
42,3
43,22
3,20
40,10
0,8
2,15
4,22
41,23
35,16
12,18
10,2
40,29
37,5
2,15
10,6
37,26
31,20
43,8
14,10
27,27
38,3
23,21
24,13
13,28
0,21
2,25
19,16
41,23
27,10
18,24
9,18
45,16
30,20
49,28
39,28
0,6
28,4
42,2
34,21
8,11
47,16
29,30
38,18
22,7
50,28
20,8
16,29
14,2
35,24
7,24
38,30
43,14
24,19
18,5
9,14
34,13
21,20
44,12
50,14
25,27
36,4
0,8
12,30
36,4
28,8
19,6
38,23
0,20
10,14
4,14
3,8
32,1
43,1
18,15
23,17
47,18
4,25
11,18
27,6
29,8
27,29
26,3
38,17
37,2
25,9
45,22
0,3
6,11
21,14
36,28
26,1
21,9
48,17
36,17
9,21
22,7
49,2
20,11
28,25
37,26
34,11
25,9
40,14
18,3
38,9
50,4
50,19
29,27
37,20
3,18
30,23
22,11
10,9
9,30
7,15
0,12
48,19
4,30
44,17
12,17
19,17
33,8
50,23
34,5
32,12
2,20
22,18
37,11
2,19
45,6
32,6
40,23
10,21
35,3
25,5
10,28
11,3
48,8
32,19
17,29
45,6
8,29
7,5
39,3
1,4
2,26
47,10
16,10
15,25
31,5
32,14
41,9
35,3
16,16
22,26
3,30
27,26
0,22
10,10
3,19
21,14
9,4
15,3
38,5
3,17
47,19
43,9
2,18
31,19
12,19
20,25
40,6
38,22
23,29
25,25
37,18
8,25
41,9
48,19
45,9
19,30
3,1
45,19
12,9
2,16
24,3
27,1
44,2
11,28
7,26
21,4
7,16
2,8
47,17
46,15
35,3
24,18
30,2
18,3
9,3
41,14
10,10
35,30
27,9
10,14
5,10
10,24
7,30
49,20
16,13
13,21
50,17
25,18
33,5
28,19
32,6
21,5
35,16
27,16
12,14
40,6
16,9
48,2
3,3
0,21
5,26
15,19
32,26
2,29
45,6
32,19
44,12
38,9
48,2
20,14
42,30
8,29
39,8
14,5
46,28
48,29
11,17
49,17
5,11
39,10
11,18
34,3
36,26
7,9
42,4
38,3
3,5
5,28
46,28
14,23
20,10
29,20
2,24
43,6
2,1
2,18
30,14
34,18
8,8
41,2
37,27
49,17
3,10
19,6
36,14
16,5
19,22
41,30
33,15
23,6
43,5
42,9
32,1
34,25
24,18
4,3
50,3
2,12
37,21
23,2
40,6
29,22
44,12
17,11
12,28
41,4
19,15
44,3
49,12
22,6
19,12
6,9
50,1
1,3
24,18
45,19
39,9
50,22
44,30
32,8
38,27
30,22
27,24
47,8
47,5
16,14
16,28
46,18
39,20
37,28
23,27
21,3
37,13
33,3
41,14
36,29
49,24
9,7
12,14
2,25
5,23
44,12
48,13
0,12
24,20
42,19
26,23
6,10
23,26
38,14
12,4
30,7
8,15
7,11
3,29
43,12
34,27
13,30
2,21
15,19
34,25
21,1
1,15
18,19
30,5
2,24
31,18
4,2
4,17
11,7
34,19
40,24
31,19
12,21
33,15
2,15
28,25
36,17
11,21
30,22
18,3
33,26
50,13
5,15
32,12
1,28
49,24
31,19
46,18
13,10
18,17
46,5
28,29
19,8
23,15
11,4
44,10
36,7
29,30
43,26
11,24
38,26
5,25
9,4
40,10
29,2
5,21
22,29
38,11
48,14
25,20
26,8
49,6
12,23
13,2
24,3
30,19
22,30
17,1
39,12
15,25
39,20
5,28
38,7
31,30
30,20
30,27
14,5
8,15
46,22
6,14
33,12
31,25
46,17
46,23
21,25
25,8
50,4
46,27
25,30
26,2
47,29
38,20
31,6
22,12
24,28
3,9
6,19
41,23
8,20
48,29
27,6
10,23
30,22
17,12
33,9
39,2
13,1
30,21
15,24
46,21
26,11
37,8
28,28
1,10
20,18
27,1
6,8
26,30
31,5
28,19
17,16
3,6
0,27
39,21
28,4
42,2
17,4
5,1
34,28
32,20
38,18
24,15
46,17
35,29
34,24
35,27
12,10
13,19
39,27
18,1
37,16
42,16
14,3
39,5
17,14
8,14
44,1
7,24
21,26
50,26
37,8
12,28
32,25
15,3
30,9
26,11
48,6
5,23
17,3
49,15
22,10
28,15
5,17
1,4
14,12
15,5
4,4
32,28
1,12
31,26
50,11
44,25
10,1
15,20
37,19
42,19
45,8
0,8
41,22
48,25
26,29
46,29
44,26
41,2
33,12
50,5
22,10
30,30
12,24
44,22
32,14
1,1
14,30
40,1
22,10
38,15
15,5
8,26
30,11
15,4
42,14
0,27
24,8
17,20
27,22
48,15
21,11
19,23
0,26
34,22
2,15
33,20
31,4
3,13
48,1
35,24
17,16
42,9
41,21
38,13
29,20
33,12
17,14
6,8
28,11
34,27
28,7
41,16
32,17
35,7
6,28
20,28
43,3
42,13
10,7
31,14
43,12
21,17
7,30
5,7
9,4
26,8
13,3
26,8
20,3
31,4
15,7
21,11
48,23
34,23
47,11
38,14
42,16
13,21
47,24
30,28
43,9
20,7
50,25
39,4
26,6
20,12
0,10
37,16
23,10
35,11
46,7
22,2
6,22
8,27
10,23
16,15
45,13
38,12
46,19
6,20
28,6
2,5
13,30
43,8
39,11
12,16
28,28
16,15
49,9
23,17
21,21
40,29
45,4
47,28
50,9
18,16
35,2
14,18
50,25
30,22
11,20
19,1
32,15
45,12
6,6
27,15
9,30
50,28
30,12
43,14
33,30
37,10
23,28
11,22
41,13
15,2
46,7
38,23
31,10
17,7
0,16
10,15
1,18
17,15
27,14
5,17
4,22
4,17
1,21
3,7
37,12
38,18
38,1
4,11
37,16
1,8
3,21
48,30
41,2
45,5
45,22
7,29
41,4
30,26
38,14
32,12
49,21
21,23
9,29
27,15
13,29
26,4
32,16
4,30
40,7
33,28
38,6
22,2
40,5
49,30
41,13
34,28
23,14
19,23
40,11
42,14
50,19
27,18
42,2
11,19
41,18
18,14
3,24
21,17
37,29
48,7
7,2
44,28
32,23
40,20
33,16
39,13
44,22
37,26
19,19
14,28
37,6
0,9
35,1
27,29
18,16
2,20
41,1
35,11
36,6
20,12
26,26
39,13
4,25
21,3
24,15
11,11
44,23
15,19
35,8
42,1
20,23
30,16
37,27
3,17
3,14
46,18
38,30
4,7
25,17
14,21
38,21
40,12
39,9
20,21
27,27
10,23
2,7
11,21
41,25
28,28
38,15
37,22
12,11
34,6
13,18
41,15
27,30
21,24
2,21
13,30
27,18
23,26
44,18
36,17
39,6
41,12
3,1
20,8
19,28
40,10
0,19
3,15
10,11
24,13
34,11
5,7
49,14
47,18
1,8
14,7
11,4
49,12
23,5
29,11
22,29
47,5
34,22
6,18
28,20
24,19
14,6
29,30
14,28
0,9
27,11
8,6
23,14
32,8
50,23
12,9
15,13
31,21
35,17
47,21
46,26
3,20
47,7
0,12
49,28
34,25
1,17
45,24
5,9
23,2
20,11
3,16
16,2
42,10
14,20
20,26
40,11
20,4
44,27
25,2
15,6
28,15
49,10
19,1
42,11
1,27
48,1
35,9
40,26
22,3
40,30
9,20
31,7
38,5
29,17
10,9
48,2
25,2
4,14
11,22
40,16
34,23
43,10
1,11
14,3
10,12
23,10
17,25
31,2
17,4
35,19
12,2
32,18
42,8
1,29
21,15
23,23
25,13
15,10
35,1
40,12
36,11
10,28
24,29
18,8
42,14
40,30
47,5
49,15
32,12
26,22
49,26
10,19
24,18
8,29
26,20
29,6
24,14
14,1
35,6
7,27
1,9
18,30
4,3
35,2
12,8
50,26
18,24
47,26
41,5
38,17
35,12
50,9
45,19
20,16
14,22
49,19
2,13
23,22
44,22
48,14
29,9
38,15
16,27
2,10
3,14
22,26
47,18
8,30
12,5
9,1
41,25
18,17
27,8
0,20
45,15
8,18
38,28
4,24
24,20
19,18
30,5
44,25
23,18
1,15
47,4
13,27
38,2
6,16
27,9
17,4
16,3
30,26
23,27
47,19
26,16
28,28
3,30
49,19
4,15
10,27
5,5
44,1
0,7
14,22
40,9
1,3
50,23
3,21
19,26
1,14
48,24
28,23
39,28
19,8
45,26
6,26
30,27
24,12
28,17
6,30
49,17
0,15
4,14
41,16
7,16
50,5
20,6
2,13
4,6
40,25
32,11
32,30
43,22
38,11
6,6
40,22
26,5
2,23
20,14
12,24
16,9
5,14
24,3
24,18
49,8
40,15
17,3
40,11
33,30
23,5
23,9
24,29
6,2
30,28
18,1
23,19
6,21
2,26
32,16
21,5
34,15
31,1
24,24
22,15
1,12
9,29
18,18
0,14
35,14
3,29
33,8
36,30
48,10
11,2
26,13
37,10
8,20
17,9
23,16
0,12
43,10
45,14
17,17
3,10
10,21
36,12
19,27
15,16
36,16
3,30
0,2
23,20
43,22
19,13
5,20
32,24
10,12
28,26
35,23
48,14
7,29
13,14
1,17
35,28
25,9
12,6
25,15
27,1
4,23
44,22
10,26
46,26
21,3
13,23
10,16
27,18
28,9
12,4
13,26
43,11
31,14
18,13
11,20
26,29
29,4
6,15
29,30
48,6
25,28
13,2
31,16
39,30
30,8
41,19
30,3
19,4
27,14
49,20
11,22
26,30
28,15
41,21
31,23
31,2
20,3
34,20
4,10
41,16
48,12
48,4
0,20
24,19
42,12
14,27
7,4
42,8
10,28
8,25
26,4
41,9
8,4
43,15
25,20
49,10
9,1
11,24
47,9
48,6
46,14
39,2
40,21
44,28
35,15
31,27
45,22
11,20
40,15
41,21
22,16
7,25
34,20
13,27
4,19
39,11
4,29
5,17
33,17
38,2
44,17
22,25
34,12
26,24
35,13
19,8
41,21
21,12
35,10
31,12
3,27
30,7
14,6
24,24
43,5
26,24
9,10
7,21
46,5
32,4
4,3
46,17
36,9
33,24
43,26
35,5
2,22
34,9
49,21
36,2
17,1
9,22
9,3
39,22
45,4
47,9
17,7
29,23
28,17
42,22
41,1
39,12
8,22
47,5
42,7
15,17
24,13
36,13
32,28
10,28
5,16
29,11
45,29
5,1
6,17
31,9
34,19
39,19
23,2
49,24
30,7
44,7
35,10
14,29
11,21
14,27
22,1
48,23
44,26
42,27
40,29
15,9
25,25
3,23
26,30
2,22
26,13
47,11
16,4
20,15
44,16
14,10
28,24
30,19
11,3
3,14
44,22
39,19
25,10
25,25
46,14
18,15
0,1
18,20
40,15
20,13
31,23
21,26
32,14
46,30
30,27
12,12
15,4
41,27
27,10
29,6
46,16
36,27
37,20
35,21
22,29
50,20
22,11
17,5
2,21
42,10
50,21
27,21
27,3
13,22
45,27
48,28
16,9
1,20
48,18
21,9
35,23
22,4
12,7
17,3
2,15
40,2
12,5
11,24
22,28
17,5
2,16
46,26
49,21
38,20
37,22
25,15
25,12
10,9
42,27
49,23
36,27
33,8
42,6
34,21
40,29
32,13
32,5
13,1
40,7
43,14
13,22
44,16
49,30
45,12
10,10
31,15
50,18
26,10
47,14
14,14
22,8
34,15
23,29
38,20
43,24
34,18
17,20
32,14
13,9
44,27
25,22
21,3
15,26
29,7
8,17
40,19
26,17
19,23
31,17
9,12
17,24
18,2
40,30
22,20
27,11
16,8
4,10
23,13
19,18
27,26
49,28
38,8
48,23
43,8
37,7
43,25
17,19
20,25
34,10
28,27
13,8
42,29
31,12
28,12
37,1
20,23
24,5
48,28
44,13
23,20
44,4
4,17
43,15
40,28
35,29
24,20
29,6
6,1
19,9
32,29
35,22
40,10
9,27
28,16
1,15
23,11
38,23
19,8
25,13
0,20
41,26
39,30
8,13
10,18
3,25
34,12
20,5
30,22
21,26
26,3
39,15
7,30
39,26
17,10
9,1
44,1
32,16
11,13
12,19
19,6
4,18
3,17
32,25
23,24
44,18
21,16
42,25
39,16
18,17
8,20
34,17
4,5
24,27
37,5
40,16
18,4
14,6
21,2
21,13
38,3
34,9
0,23
12,18
4,1
29,12
39,1
37,12
5,10
13,22
25,16
50,14
37,16
6,29
27,28
45,4
14,10
11,3
27,19
31,25
44,21
9,28
28,28
37,4
21,22
30,10
41,18
33,15
41,20
21,29
50,7
27,8
14,1
44,16
24,14
26,29
1,20
3,23
25,7
40,24
36,22
28,10
31,16
4,2
28,21
9,4
17,6
49,13
40,7
28,29
23,30
4,30
20,9
14,6
15,22
26,7
49,25
31,12
10,20
25,17
17,1
10,13
43,17
48,21
20,10
46,1
24,10
42,16
49,4
11,16
10,29
38,4
35,16
2,18
49,3
15,17
4,23
43,25
34,10
10,12
35,17
23,24
14,26
35,5
25,6
16,29
14,10
16,16
30,4
4,23
14,27
12,29
10,17
5,30
25,15
32,25
48,9
14,4
46,27
46,15
2,21
17,13
2,4
2,28
29,7
46,9
6,9
8,6
1,26
24,26
29,4
38,10
23,12
23,15
2,20
16,14
43,30
8,21
5,25
41,6
46,1
34,12
6,1
8,8
38,13
15,22
31,11
27,2
2,27
24,29
24,12
20,18
24,19
33,10
20,14
42,19
32,30
36,10
41,25
18,20
17,1
26,4
21,29
1,17
34,14
19,25
28,17
38,13
0,10
2,18
24,4
45,24
20,3
29,24
48,11
44,19
1,21
38,27
43,7
32,13
35,10
15,24
4,28
8,2
23,12
33,10
9,4
43,5
46,12
49,29
19,11
22,8
10,29
15,18
22,19
12,17
45,7
5,4
47,12
41,2
40,30
42,1
45,16
6,9
42,4
8,3
15,15
10,23
24,29
14,22
50,22
14,3
41,22
43,17
37,12
2,26
32,7
29,12
37,27
50,27
24,23
43,27
27,30
31,9
13,2
22,15
3,23
34,30
21,19
28,17
15,18
46,13
19,24
44,27
38,13
14,21
44,15
1,15
46,6
32,14
9,24
43,24
20,30
16,28
18,8
27,12
33,24
42,10
25,13
46,23
36,27
9,10
6,14
19,10
28,28
25,3
33,10
3,18
8,17
39,10
49,14
1,8
19,13
27,12
33,2
13,28
16,23
1,8
37,7
47,16
22,22
38,22
29,15
44,13
6,7
24,27
28,2
39,8
15,28
17,11
41,5
36,29
7,26
9,26
29,14
22,6
10,10
22,1
48,26
31,1
47,8
17,17
25,27
41,14
19,28
35,27
47,2
49,14
49,7
43,8
44,16
17,14
1,14
42,10
14,8
4,3
21,11
5,5
5,30
4,15
34,5
40,24
36,24
2,20
14,16
10,30
37,11
28,20
31,17
16,26
38,18
23,2
29,11
25,11
8,28
12,16
40,13
27,28
1,17
9,4
23,18
23,6
4,22
46,17
39,3
26,6
22,12
27,22
42,1
36,2
45,25
7,24
0,14
17,11
34,21
37,15
49,9
24,17
10,29
18,13
14,3
26,19
24,4
7,10
26,11
36,5
7,13
41,4
31,6
29,1
50,18
21,24
1,21
40,5
19,19
43,24
1,24
42,24
6,29
19,19
1,27
42,28
29,2
7,23
6,10
24,21
50,26
9,9
47,27
50,9
48,28
9,17
3,15
1,16
5,2
22,10
38,15
23,16
8,30
0,23
38,19
40,28
18,16
24,24
25,4
39,18
1,16
37,9
28,14
48,22
50,28
15,22
17,9
37,12
13,16
9,15
31,16
7,2
10,28
44,1
42,21
49,20
22,1
49,28
0,21
21,30
42,4
4,3
37,20
12,26
32,4
7,22
3,18
7,22
30,29
26,15
44,3
41,30
11,25
13,17
45,23
3,30
36,26
5,15
38,24
29,28
31,13
25,20
0,30
32,23
27,21
12,3
42,1
44,5
50,22
44,16
42,13
17,24
20,3
13,10
36,29
6,10
14,25
12,23
18,6
31,7
43,13
10,8
24,7
36,3
14,14
48,2
48,2
42,2
43,7
22,24
44,26
3,23
29,9
50,8
40,28
20,23
13,12
8,16
4,14
15,15
7,26
1,30
28,23
41,23
28,16
9,6
18,24
3,23
18,29
41,23
19,13
1,12
19,16
37,19
14,17
36,2
29,10
18,17
50,26
18,23
10,16
6,20
14,21
4,28
23,24
29,17
32,23
46,22
3,3
48,24
16,26
25,3
12,7
34,8
33,14
14,11
10,6
10,5
10,4
49,8
17,26
18,10
36,26
5,7
12,6
43,1
2,29
37,13
27,28
9,3
50,29
12,27
1,6
29,13
33,29
0,4
45,22
42,22
26,23
1,3
39,25
38,29
46,22
4,27
5,23
22,25
2,8
3,6
40,26
35,20
16,28
2,30
20,29
29,22
39,30
25,17
2,1
2,4
0,11
31,7
41,25
11,2
50,6
19,30
22,2
48,30
28,28
32,10
49,1
36,4
15,23
4,18
24,10
15,20
43,17
44,4
33,27
35,10
47,12
45,12
43,8
14,16
38,5
33,12
18,18
49,27
28,18
5,5
14,6
45,20
30,11
32,9
26,14
27,23
20,6
50,17
25,27
9,13
10,26
7,30
39,23
11,10
35,1
29,11
12,5
41,14
4,4
33,18
23,19
35,9
30,15
12,14
15,10
36,23
30,30
22,28
10,4
40,3
44,10
2,28
49,14
24,27
32,25
41,4
12,15
17,4
26,27
19,19
39,22
36,4
38,23
42,4
40,1
43,7
39,1
50,10
34,5
29,8
29,22
43,13
28,27
2,10
34,10
31,6
16,6
9,30
22,6
18,28
45,16
49,4
13,29
46,25
11,9
45,11
50,7
44,27
36,3
20,1
10,5
26,2
0,29
25,17
5,26
23,11
32,6
9,26
33,17
45,11
13,29
38,20
49,4
25,15
25,8
44,23
38,7
33,18
33,4
39,11
22,26
35,14
12,8
47,7
27,22
11,30
44,6
19,16
31,20
19,13
11,18
11,18
8,11
22,6
17,22
29,17
50,17
2,21
12,16
46,21
46,29
3,1
41,25
11,16
7,9
7,13
11,4
3,8
41,27
4,3
22,21
33,23
6,2
24,26
49,3
46,10
43,15
48,18
21,8
48,25
46,16
45,20
15,2
26,3
22,24
46,24
10,6
46,29
35,21
43,27
5,21
27,4
49,4
42,26
27,11
12,4
15,6
44,5
37,18
32,26
23,22
13,16
31,25
0,7
35,25
37,11
5,15
13,1
33,5
1,14
40,13
1,22
16,8
44,20
47,18
8,8
13,10
40,20
5,3
0,3
30,11
8,21
38,21
38,9
0,20
28,7
43,16
12,5
26,18
50,12
15,15
25,3
2,4
36,19
6,27
11,9
7,8
37,6
38,29
17,4
12,3
28,15
27,26
40,3
19,2
46,16
12,7
30,10
45,12
21,4
11,2
47,5
25,7
42,11
11,28
13,2
24,10
19,25
29,4
30,23
28,12
11,13
30,10
11,24
26,7
18,4
2,1
22,27
47,9
33,8
18,30
44,6
16,24
31,6
34,9
18,2
49,15
14,22
23,9
3,13
33,21
10,2
22,20
4,25
7,9
50,20
38,21
25,14
15,28
15,1
26,18
24,17
12,5
18,12
45,23
19,22
10,27
30,23
44,2
1,26
0,6
4,21
38,18
45,25
27,13
47,27
40,17
14,1
13,21
48,22
6,26
29,6
46,25
6,20
6,29
19,22
23,1
12,30
42,19
22,14
23,6
22,1
42,15
1,26
21,11
34,14
29,3
30,27
50,28
39,15
31,10
17,18
7,9
27,11
25,7
31,9
18,18
37,24
44,23
15,13
48,30
21,4
37,21
43,7
30,13
11,26
47,5
4,15
22,3
28,21
25,12
42,28
14,21
45,13
4,8
27,13
2,15
42,21
10,23
20,14
41,12
49,11
14,27
22,8
47,19
5,14
21,12
2,2
48,23
4,27
24,17
19,20
32,13
11,25
34,3
49,22
47,29
39,14
8,23
14,25
0,20
25,7
19,25
0,13
34,27
26,29
13,6
15,15
0,5
50,26
5,30
36,3
12,28
48,16
2,19
27,1
24,9
5,25
28,2
27,1
41,24
10,25
10,11
2,17
2,6
19,3
28,18
5,10
46,11
0,14
49,18
13,8
39,11
36,22
0,7
6,9
26,22
20,12
26,28
28,22
31,25
12,1
28,30
4,12
15,6
12,13
47,29
44,24
31,25
10,27
39,28
11,30
48,19
47,18
38,17
25,19
20,8
9,15
10,25
11,27
32,18
22,7
19,6
15,17
0,27
42,5
10,5
7,17
35,7
32,24
36,7
27,6
49,3
11,18
44,30
0,25
30,15
42,15
40,30
11,14
16,2
8,26
29,24
33,26
40,9
13,4
50,7
27,24
9,24
11,4
48,1
28,30
48,18
12,21
10,19
50,20
12,3
37,29
11,2
32,26
48,11
49,13
47,17
39,13
15,3
45,23
46,28
39,19
23,15
22,10
30,6
39,30
24,16
50,10
13,5
12,19
1,19
25,26
32,9
42,30
42,26
44,26
32,6
24,29
6,24
6,27
27,11
19,12
33,10
4,3
14,3
3,8
26,25
12,20
32,28
9,10
23,30
27,15
36,25
49,29
45,19
38,28
40,7
37,28
50,27
22,14
22,10
7,1
48,14
31,30
50,21
1,22
24,15
2,8
40,9
36,29
9,10
33,30
28,1
11,27
40,1
15,27
31,14
29,26
20,29
26,10
21,10
11,9
17,11
43,28
24,21
10,23
4,23
28,17
29,18
25,15
16,26
25,11
12,17
11,11
8,11
41,18
5,30
40,14
40,4
50,27
41,5
35,29
35,25
29,15
27,29
33,10
2,28
4,12
14,19
15,27
1,19
50,23
40,3
29,30
3,22
18,16
28,25
48,12
34,7
38,29
20,16
30,28
35,29
27,11
42,13
12,22
23,21
21,16
28,2
17,2
18,9
38,7
4,4
44,13
1,17
10,18
1,26
46,19
38,8
8,11
45,20
6,30
40,5
20,12
3,8
13,29
49,2
2,16
45,7
30,21
8,26
27,21
45,29
17,14
44,4
33,27
30,12
10,27
1,26
43,3
7,7
28,9
4,4
30,27
17,19
34,5
40,19
42,25
1,23
10,29
15,13
17,5
25,7
19,30
30,4
18,29
14,9
5,26
47,23
19,17
44,20
33,5
44,9
46,25
9,11
15,22
42,19
38,2
2,1
44,2
30,23
20,26
21,12
36,25
18,7
15,22
39,28
39,3
13,15
30,16
14,17
25,18
29,20
20,27
14,14
45,8
42,13
17,22
4,1
10,5
19,12
45,2
17,30
7,4
14,24
42,21
50,9
12,29
10,28
47,20
4,16
41,13
6,17
17,28
9,6
29,17
26,1
19,29
14,5
47,28
50,16
33,11
17,13
42,1
8,3
47,30
1,23
12,11
32,16
5,19
39,14
45,30
37,24
30,3
4,4
24,12
28,11
33,8
21,18
17,14
25,26
41,14
38,22
7,20
17,15
47,20
8,2
2,5
42,21
5,13
17,29
46,30
42,21
33,6
13,28
12,12
45,10
18,21
49,22
10,3
29,4
21,22
14,29
8,19
11,26
16,13
27,21
42,21
25,14
8,21
41,3
16,2
21,29
17,26
23,13
4,5
18,21
31,18
29,29
29,2
2,1
0,14
20,16
49,5
26,3
25,11
10,1
37,12
14,22
27,27
43,25
16,29
28,1
48,2
45,5
40,25
50,10
47,11
12,13
37,9
13,8
35,18
31,26
17,1
19,9
19,4
15,2
19,14
29,21
33,19
32,14
41,10
22,18
1,27
37,9
17,29
17,25
11,21
9,27
47,15
37,2
41,23
44,27
37,27
35,26
34,27
49,26
24,26
16,18
17,16
50,19
23,27
34,10
47,16
47,25
8,29
1,7
35,16
18,4
10,18
20,30
42,15
45,12
33,4
38,10
5,2
21,13
38,16
43,11
18,15
6,26
30,6
9,6
47,1
41,19
48,3
8,9
19,21
33,26
33,4
25,22
42,26
8,23
37,24
8,11
44,25
30,17
39,24
25,2
37,1
38,26
17,21
32,9
28,19
9,4
46,11
11,11
41,22
12,11
46,22
24,15
31,13
22,7
26,19
16,25
21,18
32,4
12,3
22,2
26,18
17,30
45,24
28,13
38,21
35,4
47,10
21,8
42,13
32,27
31,28
13,7
25,28
5,27
23,6
2,12
24,3
0,9
2,13
21,2
20,18
7,29
6,15
20,16
33,27
43,30
46,30
25,11
15,12
1,30
40,22
35,14
47,26
46,18
5,17
30,22
26,21
34,25
23,30
25,23
12,13
46,5
3,21
11,11
39,13
23,10
47,5
33,24
37,14
34,27
36,5
21,30
36,17
33,6
10,18
35,9
31,23
10,27
2,2
12,3
33,9
21,27
11,26
26,26
43,17
13,3
21,20
10,10
24,23
38,17
15,6
41,8
20,24
17,24
18,17
4,24
40,16
46,28
35,29
33,14
40,20
13,7
11,24
8,10
35,16
14,6
0,1
30,18
1,4
21,9
18,25
21,28
33,29
9,21
32,5
6,25
7,4
4,16
18,30
15,30
25,4
5,25
7,24
29,23
42,1
26,12
25,21
24,15
27,8
22,22
3,7
44,10
21,8
48,30
36,15
38,10
0,4
12,28
9,7
35,28
48,1
37,19
45,7
6,9
33,9
15,23
31,24
18,29
8,13
10,30
9,25
11,18
27,19
22,12
28,16
22,26
31,12
40,25
9,6
22,22
44,16
3,7
44,26
2,13
49,9
43,28
9,25
38,24
5,19
30,20
5,28
19,16
49,11
29,23
3,5
29,8
14,7
26,16
41,14
11,1
6,5
34,1
21,19
40,27
21,21
34,8
24,3
0,8
43,8
35,11
26,7
23,19
28,18
6,19
25,3
0,25
9,18
47,14
16,25
36,27
27,11
10,19
29,1
37,27
12,21
44,22
50,19
22,13
28,17
0,23
41,28
19,17
23,28
47,8
22,2
31,25
30,13
2,29
7,26
28,4
21,8
7,25
25,23
29,19
13,29
13,3
47,7
3,6
38,5
10,30
50,8
41,14
37,11
24,25
29,30
28,19
45,23
38,1
2,24
20,16
50,14
49,24
34,7
50,2
38,12
19,7
5,14
50,12
9,21
29,11
36,9
22,6
41,2
18,19
39,2
5,7
43,4
16,23
35,10
49,10
30,1
2,27
31,1
42,20
35,9
6,15
9,29
19,22
22,22
44,1
20,18
4,23
34,26
18,29
25,3
18,21
46,19
29,12
35,21
26,9
28,4
42,16
34,19
18,1
28,9
36,4
38,12
33,17
12,14
46,18
33,30
49,17
36,17
10,7
33,21
33,10
20,23
4,12
22,7
42,26
12,25
32,23
29,20
23,19
39,7
1,8
27,15
43,18
37,3
39,30
39,30
44,26
45,1
38,22
39,3
30,10
10,26
30,12
5,16
24,28
0,2
1,10
16,11
42,7
19,7
0,19
47,24
38,30
37,17
31,15
4,30
9,1
6,9
21,16
0,6
34,18
15,28
36,23
22,29
9,30
29,14
30,29
12,7
14,8
26,27
39,7
17,9
27,25
33,14
8,5
12,25
16,24
47,23
31,26
45,20
37,2
44,26
18,20
49,3
46,6
11,20
49,23
16,8
47,10
23,2
32,19
6,2
18,15
13,17
38,21
25,18
21,22
20,6
24,26
27,27
1,12
10,26
35,27
31,5
42,20
22,13
9,18
27,5
25,11
39,13
46,23
19,24
33,6
40,29
21,24
32,11
50,23
43,22
4,9
23,23
39,21
14,1
20,7
0,12
41,12
17,7
35,17
46,30
5,26
13,11
38,24
2,20
36,20
34,6
12,1
48,6
1,16
2,15
27,19
39,15
22,24
1,24
40,17
4,6
1,29
27,3
43,3
41,26
25,18
43,30
18,14
47,16
33,2
3,22
44,12
48,24
7,15
9,26
7,24
49,1
20,21
16,30
36,25
44,16
30,9
34,10
32,12
40,8
7,29
38,20
25,14
50,9
43,2
9,26
22,16
15,26
30,1
7,23
21,3
18,9
31,9
11,26
27,1
13,11
40,25
13,27
6,27
47,11
44,13
18,10
13,14
19,3
16,14
16,28
4,16
36,21
34,30
48,13
5,29
0,6
0,14
9,19
50,11
3,16
9,3
34,23
40,30
32,17
13,12
31,23
39,12
36,27
24,21
35,14
2,26
34,30
24,29
46,16
3,14
18,28
45,9
38,21
13,22
19,28
19,25
6,10
8,10
28,23
0,14
14,6
3,1
45,7
17,23
1,6
37,1
49,28
29,28
30,6
8,23
31,24
3,16
14,19
39,13
39,13
34,30
35,16
50,14
25,9
21,23
39,25
4,18
18,5
23,13
22,17
43,8
35,9
43,18
25,25
3,18
44,16
33,19
9,24
6,1
35,13
17,26
20,15
16,17
25,15
49,5
34,6
25,28
22,17
41,16
50,6
0,1
9,17
16,1
35,30
2,2
14,21
39,11
34,13
6,30
21,14
46,1
11,13
37,23
47,27
4,1
43,1
36,22
47,1
11,24
1,15
5,19
43,16
42,21
44,24
30,7
36,6
47,12
26,27
28,23
41,25
5,14
13,1
2,15
30,7
0,26
5,28
7,11
38,8
19,25
20,19
4,25
37,18
39,27
8,23
27,21
33,2
29,24
44,4
22,17
7,28
27,18
9,9
6,26
24,25
31,28
3,11
47,23
14,29
15,26
7,19
30,5
7,2
2,3
45,3
35,12
40,3
33,8
22,5
21,10
0,28
34,3
47,20
43,4
15,24
14,19
39,25
31,7
9,30
12,22
20,6
27,4
20,10
20,5
25,17
45,16
11,27
10,16
40,25
1,4
33,2
26,18
22,1
32,27
15,29
27,19
11,25
31,25
16,24
4,17
24,14
30,11
2,20
6,11
34,12
31,15
20,15
43,14
27,18
9,9
30,9
10,7
7,19
0,8
35,26
26,6
11,10
22,22
21,15
6,21
50,29
33,1
36,16
37,16
3,28
46,16
48,14
11,11
24,26
43,5
40,29
10,28
38,11
11,15
1,16
46,30
16,24
11,6
4,3
36,14
12,26
4,10
28,14
8,1
32,25
46,18
30,25
26,3
30,12
16,25
29,8
16,20
47,19
41,23
0,17
18,22
5,17
13,14
21,29
8,21
0,2
24,10
46,15
43,27
40,3
48,5
35,9
31,5
38,1
17,26
16,13
22,13
11,4
39,23
9,24
9,23
4,6
24,22
45,11
47,21
11,13
18,16
15,16
2,19
25,1
10,22
16,1
6,7
29,14
46,13
46,12
45,18
34,10
24,4
43,30
13,11
24,30
48,24
39,19
4,3
17,7
49,21
27,17
0,28
48,9
46,1
33,10
23,9
16,21
43,3
50,4
47,26
8,10
25,15
44,24
28,7
0,15
46,7
3,18
36,9
25,5
31,16
43,9
39,3
28,25
26,23
34,16
11,1
10,7
50,26
16,21
43,6
39,6
44,20
36,4
9,27
40,18
30,10
1,26
39,13
21,28
18,3
9,18
11,7
31,13
2,7
39,10
3,2
18,26
10,3
49,10
42,17
3,17
8,26
21,25
16,18
22,24
20,24
18,29
3,27
9,9
34,20
36,6
15,14
18,29
16,12
46,17
3,16
22,17
38,11
20,14
17,7
9,23
23,12
27,11
11,24
29,28
33,11
10,4
42,19
32,10
26,24
36,6
27,8
6,28
50,7
35,29
21,27
43,13
7,17
21,23
46,9
22,21
31,21
6,3
24,15
34,2
25,2
45,13
0,5
23,25
49,3
42,23
47,15
31,2
26,25
20,16
8,1
9,24
37,13
0,7
8,25
22,28
5,1
35,14
8,2
8,4
8,8
4,19
26,28
43,9
38,5
11,10
15,16
16,29
49,21
18,17
34,24
46,28
28,17
39,25
43,14
13,3
20,14
43,9
16,8
41,28
25,18
41,30
21,29
48,4
25,1
33,2
26,7
11,4
35,18
46,15
27,17
38,10
9,30
50,11
44,22
35,10
48,8
18,15
25,19
50,13
16,16
7,14
40,11
27,17
27,16
9,13
42,14
11,23
10,21
23,23
40,15
0,28
11,11
3,30
22,8
23,2
6,30
45,16
23,29
49,12
50,17
6,19
14,1
10,10
30,7
7,4
32,25
6,1
13,3
40,20
50,7
48,7
38,11
2,18
9,3
3,8
26,28
12,22
5,15
3,2
0,21
37,28
39,3
7,5
14,15
34,15
4,19
47,3
20,24
14,24
9,1
22,15
46,16
21,23
35,3
36,9
48,30
30,9
9,22
12,17
2,23
10,23
13,4
41,18
30,26
39,20
8,14
4,29
9,28
4,15
8,15
50,23
46,28
40,24
4,19
43,7
21,22
16,14
21,11
9,23
14,27
38,7
19,19
47,11
7,18
27,24
17,25
43,5
24,16
7,25
21,24
11,25
29,15
45,5
10,20
35,10
29,14
1,16
23,12
46,17
18,1
18,13
9,26
49,28
40,10
41,20
18,17
13,22
43,4
24,1
33,26
25,14
2,2
39,6
39,25
0,20
36,10
29,10
17,24
34,24
35,16
25,29
35,11
13,18
48,23
48,22
1,27
36,2
37,20
47,11
27,3
20,14
9,23
27,12
41,5
32,11
45,15
30,19
47,12
25,19
11,30
12,20
49,24
9,13
44,9
34,10
12,2
27,16
49,19
1,26
24,9
34,7
0,28
22,24
26,9
1,9
16,18
16,11
22,30
20,26
3,15
37,8
1,11
9,17
39,21
17,24
4,18
49,5
26,29
12,2
5,7
38,28
32,10
24,3
50,6
22,20
24,12
0,30
30,20
21,7
36,13
50,10
41,29
39,1
3,9
9,18
17,21
46,17
8,24
19,29
7,7
32,14
21,12
15,11
50,15
27,29
15,1
5,10
8,7
27,14
4,20
6,15
30,27
30,15
17,3
24,10
28,3
15,25
14,1
3,22
47,2
10,6
27,25
29,13
3,17
4,18
28,4
26,24
46,10
8,7
12,4
17,28
3,17
13,10
27,27
17,23
13,25
31,16
14,18
27,17
23,16
25,18
49,13
17,5
47,21
9,17
5,5
13,11
33,10
3,20
25,22
20,1
24,6
48,22
20,26
26,17
27,5
49,27
8,21
48,16
29,27
37,26
48,18
22,8
31,7
38,25
6,25
25,24
0,26
45,27
13,1
18,1
31,24
47,11
33,9
7,23
32,23
12,21
49,24
47,9
14,23
8,29
41,7
11,29
46,15
16,25
8,16
5,7
1,7
21,6
39,24
27,16
40,20
44,17
26,25
20,22
35,21
50,28
0,19
1,7
10,15
35,10
42,2
36,26
25,7
0,19
40,19
22,2
41,4
10,1
33,30
21,25
9,23
17,23
47,6
4,7
38,4
7,26
15,25
10,4
21,11
19,2
23,25
14,12
32,14
35,23
45,11
5,4
39,26
0,12
41,22
23,1
16,5
46,5
46,7
21,22
18,19
14,28
44,15
50,8
2,1
29,30
46,9
25,4
5,1
41,19
50,20
50,11
5,18
47,12
9,13
27,4
42,9
31,11
16,19
47,10
43,29
27,27
0,19
44,12
17,15
2,16
8,3
49,11
23,27
44,19
6,2
33,23
26,17
46,8
8,15
35,6
48,5
29,10
1,28
26,21
22,11
27,23
44,14
31,12
41,17
27,6
3,2
9,3
12,9
31,12
29,14
6,24
0,20
15,26
30,12
20,27
7,1
25,22
43,23
34,7
46,10
45,18
10,27
40,26
13,30
5,7
43,2
43,13
15,10
6,27
2,23
12,12
4,20
5,25
2,12
37,20
42,30
31,20
47,2
11,23
40,24
15,20
23,7
19,17
29,7
12,13
45,9
21,15
37,23
38,25
30,28
43,6
49,23
26,20
27,28
41,3
31,22
49,15
20,18
11,22
23,1
12,13
24,8
34,26
11,9
39,18
34,24
26,17
13,7
23,6
17,1
45,21
25,5
44,29
14,7
45,18
34,28
50,24
49,2
15,10
9,13
10,4
7,9
24,18
17,20
5,4
40,26
25,13
35,29
23,4
35,3
17,6
15,21
43,19
49,4
8,19
1,27
21,26
24,5
45,28
30,3
9,24
46,23
31,18
49,28
10,12
19,19
5,15
47,1
42,10
47,4
17,18
4,8
33,8
44,15
33,16
22,25
20,15
34,6
39,26
2,25
15,22
15,30
8,27
11,16
7,11
28,28
4,29
47,6
33,16
16,26
2,19
47,15
39,22
31,19
48,9
33,9
41,24
30,22
31,18
42,16
37,4
3,7
36,19
7,17
1,23
26,15
4,5
6,2
3,6
27,15
35,28
41,6
23,19
47,6
28,2
6,1
47,14
38,23
33,8
22,16
14,26
11,16
18,15
49,11
43,10
29,25
22,5
16,14
9,27
27,4
29,18
41,17
4,25
31,7
26,26
6,29
43,12
45,14
21,18
13,13
3,12
2,20
39,18
50,12
29,21
32,14
25,23
21,21
36,4
20,17
47,3
46,14
16,14
31,25
6,16
20,2
40,29
20,1
29,24
28,16
7,9
17,18
42,12
16,2
11,12
11,15
27,30
3,15
38,14
6,12
0,7
19,21
6,2
3,10
3,1
29,11
31,22
22,3
15,24
14,25
18,21
35,29
25,3
22,7
18,5
2,12
33,21
9,20
24,19
35,30
10,12
29,15
16,17
17,2
41,26
13,17
33,7
37,11
44,18
28,13
17,6
18,10
17,11
20,12
32,13
32,15
0,16
50,14
13,16
36,11
2,10
0,6
45,28
32,22
6,10
16,8
19,25
6,2
30,20
38,11
10,27
1,30
22,13
15,21
23,12
19,27
15,22
37,7
46,14
6,17
22,1
12,11
12,15
39,13
4,20
4,20
23,9
25,2
13,30
49,29
28,11
48,19
31,11
13,19
1,24
47,18
10,16
13,7
26,4
34,11
34,18
30,28
30,15
0,7
33,9
45,26
38,25
19,25
16,18
1,14
24,21
25,18
2,20
34,16
19,20
1,18
12,27
10,4
46,19
48,30
40,19
5,8
10,16
20,20
35,29
9,25
36,14
13,16
5,6
40,3
39,23
19,9
7,7
41,8
27,28
36,18
18,21
0,2
14,7
2,16
43,12
1,12
7,14
50,7
26,16
41,3
44,6
30,25
44,29
25,2
50,15
10,29
4,14
26,26
20,30
1,12
26,30
37,20
31,5
3,7
21,26
36,28
23,16
50,22
38,22
27,6
1,14
3,25
41,20
8,7
9,25
37,2
26,3
37,6
12,16
0,11
3,17
42,15
45,17
46,27
38,14
38,1
47,23
7,28
1,24
21,16
2,1
11,19
14,19
37,16
48,19
6,28
5,28
30,6
26,11
25,5
41,21
45,10
22,27
2,27
0,4
25,12
17,19
13,29
20,23
25,11
10,24
21,12
38,10
16,12
43,24
33,6
15,30
50,25
14,4
39,26
14,1
45,3
37,1
14,24
33,14
50,21
40,11
35,17
8,2
29,19
25,6
19,15
2,9
2,8
45,26
16,7
24,22
22,14
30,2
32,1
41,24
26,27
46,25
40,24
3,19
30,4
21,11
41,22
18,22
1,11
32,25
15,12
14,1
27,20
41,28
7,29
7,14
9,10
24,25
21,28
22,14
36,19
40,13
38,26
8,30
9,12
21,17
35,15
30,7
34,20
9,6
37,4
28,12
24,29
40,16
39,22
19,22
16,10
35,5
40,29
49,24
2,29
33,8
32,25
12,27
41,12
21,22
1,4
50,22
6,22
50,16
34,22
20,27
47,24
8,12
27,5
33,14
0,22
22,28
9,25
45,25
23,22
5,14
43,22
29,24
14,25
28,15
41,30
32,7
3,16
8,8
2,18
23,4
42,7
1,22
10,21
46,8
24,13
38,13
0,18
39,28
46,11
46,7
34,1
37,28
18,21
7,13
41,27
33,12
19,9
27,1
37,2
47,8
15,22
20,16
19,24
8,26
28,15
28,16
24,17
50,8
29,10
49,19
27,14
3,11
30,18
9,8
48,5
28,16
43,6
37,13
46,15
28,1
14,16
43,15
4,9
21,18
27,4
41,9
17,6
13,5
27,15
47,30
30,21
21,25
5,4
18,3
45,9
32,17
19,24
33,8
50,6
12,27
21,7
47,14
15,3
47,30
44,18
35,28
38,4
38,22
35,3
41,5
8,12
9,11
31,30
32,14
26,17
37,11
21,4
20,22
26,2
24,6
4,30
16,17
31,15
25,7
16,18
16,5
9,28
14,1
36,27
4,1
19,24
31,30
10,5
30,25
6,19
2,16
38,22
44,7
18,26
17,22
20,3
11,15
40,7
20,17
43,28
13,19
46,7
14,26
34,5
14,16
18,6
34,30
5,29
46,13
22,18
13,12
39,14
29,25
36,24
41,17
11,16
8,13
26,3
12,7
1,2
23,11
15,16
28,25
37,17
29,6
32,24
11,28
8,22
22,6
43,12
4,16
4,14
12,28
49,9
17,16
38,23
28,17
46,16
23,15
44,20
16,28
1,4
7,16
40,12
15,6
22,27
33,5
26,23
49,9
26,29
40,3
0,24
45,5
19,25
22,27
26,27
24,18
11,4
30,2
7,3
12,4
41,9
30,17
35,27
35,24
30,26
8,25
37,19
47,23
49,29
48,14
22,29
42,13
47,2
48,16
30,29
21,7
46,6
33,23
39,21
10,29
7,11
4,1
19,11
45,21
19,12
34,19
5,1
5,12
18,28
12,4
32,5
19,10
18,11
9,24
45,2
35,17
49,16
25,16
0,26
24,10
25,10
32,9
16,29
27,26
46,12
41,7
6,3
42,28
23,10
34,22
30,1
15,20
22,18
5,27
43,22
50,27
11,16
27,9
49,3
31,8
28,12
28,23
47,5
31,7
43,27
46,15
7,9
39,24
20,23
20,3
0,24
44,10
45,30
35,28
46,14
0,16
37,4
15,22
29,20
28,16
22,10
31,11
21,28
9,28
47,30
17,15
45,18
5,14
41,2
24,8
5,20
26,21
5,9
50,21
40,3
14,26
45,21
22,11
45,13
18,11
1,6
34,8
16,14
20,12
0,3
5,25
24,12
40,26
19,8
17,10
27,20
19,13
29,7
6,19
8,1
4,20
41,28
11,16
3,4
38,22
15,12
10,21
49,3
28,26
16,22
35,14
29,13
47,6
45,17
2,21
44,1
36,27
31,15
15,10
11,15
31,5
4,17
32,6
27,26
9,20
22,15
3,28
37,2
3,12
34,13
13,1
8,1
33,6
39,7
3,23
32,1
25,10
28,27
1,25
18,30
48,28
34,17
40,23
13,29
7,17
5,16
41,2
0,8
45,18
18,24
39,3
0,21
9,27
30,2
24,11
32,21
40,11
31,20
41,16
37,3
10,2
1,24
21,7
18,7
39,1
23,20
19,15
20,12
44,7
36,9
0,16
34,10
7,10
33,16
2,25
10,2
36,6
21,22
46,8
39,14
11,8
1,30
15,26
13,28
2,16
45,29
26,29
12,13
30,20
30,1
33,7
16,29
23,25
7,23
34,28
27,10
8,8
12,17
29,27
15,19
16,19
34,4
33,21
40,3
5,1
36,21
39,3
49,13
43,20
29,4
22,7
23,25
8,30
5,22
24,29
26,2
8,5
28,12
37,7
34,12
43,13
44,21
19,7
38,21
39,5
4,5
42,28
43,19
48,26
31,29
1,10
46,14
27,5
9,6
2,8
29,2
31,15
40,6
48,21
46,3
28,4
48,23
47,14
12,23
23,19
47,7
41,10
3,17
31,18
43,7
2,17
0,7
13,9
15,1
15,1
38,9
38,7
43,17
7,22
7,20
35,4
44,12
30,11
38,5
2,20
41,10
6,17
2,1
28,8
33,15
28,2
12,5
18,10
15,16
46,15
39,24
0,27
33,5
15,7
8,1
5,26
12,15
21,4
31,28
30,10
42,19
33,1
26,3
30,28
14,4
20,2
8,8
10,10
11,19
38,21
35,18
31,17
14,25
43,16
26,30
21,10
26,14
28,17
28,6
29,19
48,6
24,15
49,28
43,5
9,23
11,9
15,19
6,29
4,22
40,6
2,15
1,11
48,7
30,8
7,13
20,13
28,2
15,3
45,11
30,15
25,22
14,24
11,9
18,9
37,17
3,1
1,28
29,7
21,28
18,13
13,3
32,17
50,3
0,28
6,12
24,7
12,7
23,14
6,12
35,6
31,20
27,5
40,28
42,2
14,5
34,4
48,4
15,19
14,26
10,28
25,9
47,12
32,23
17,3
21,15
25,5
4,20
49,29
37,27
33,30
24,2
21,4
17,16
33,6
36,13
16,26
29,20
15,20
22,25
41,29
22,13
44,23
43,18
6,17
17,18
2,30
27,23
47,2
43,24
11,19
12,5
20,28
43,4
25,28
22,14
19,6
47,3
38,29
37,3
29,30
12,10
9,17
16,30
40,30
33,11
44,2
29,4
21,7
14,25
19,12
38,28
0,27
20,14
50,4
9,20
4,9
3,1
9,12
49,7
44,15
3,22
15,26
20,20
41,26
30,24
25,28
23,8
38,22
21,11
21,1
39,6
10,1
43,20
26,23
7,18
44,16
9,25
14,25
13,14
42,23
40,18
5,12
12,27
8,30
49,2
13,25
22,10
46,5
30,1
30,11
44,7
0,25
38,8
22,17
28,20
38,8
8,25
41,1
18,26
1,23
2,1
50,27
12,7
5,27
11,24
5,29
47,22
28,24
4,14
50,22
32,3
46,30
8,2
24,1
1,27
25,26
6,16
6,14
42,5
3,28
35,25
3,11
13,7
4,18
7,24
32,27
22,27
42,14
7,21
47,17
24,27
30,17
12,25
21,19
11,27
36,13
2,26
31,17
0,1
24,19
42,1
39,22
0,1
31,4
47,15
36,27
33,5
32,6
31,1
30,29
24,12
45,6
31,18
11,26
45,10
7,3
7,15
48,19
49,23
20,13
11,26
28,6
18,14
15,17
18,28
46,4
0,14
44,24
34,6
45,10
16,23
0,3
32,22
0,22
6,6
1,26
39,9
7,7
12,14
13,12
11,14
41,27
14,26
26,18
8,12
29,28
25,24
19,16
42,9
21,1
25,24
38,6
50,20
18,5
34,6
33,24
7,26
27,8
3,11
28,12
23,25
47,6
43,14
4,17
22,11
33,11
28,13
1,26
4,23
34,3
31,15
37,25
23,11
25,26
16,6
30,20
43,19
22,1
11,29
13,26
43,29
21,2
41,18
16,11
5,21
20,14
22,2
29,22
48,13
30,12
12,14
0,24
33,11
20,15
10,30
39,8
35,30
45,14
43,9
43,21
34,12
33,30
36,18
3,27
18,5
23,21
45,15
36,26
50,20
19,11
10,23
4,7
7,19
4,11
2,19
50,23
28,18
22,6
38,30
32,17
28,13
8,15
3,5
1,16
9,29
4,21
14,9
10,29
30,2
35,18
10,29
47,7
29,25
30,28
42,22
47,7
23,1
14,4
34,9
11,29
0,11
13,11
24,23
15,15
25,18
29,22
9,16
45,23
27,5
20,15
3,19
33,18
38,23
36,4
27,9
50,15
20,7
28,25
33,11
49,4
35,5
33,19
5,28
30,16
43,23
11,8
21,16
39,9
45,14
3,16
7,10
1,13
4,23
5,25
1,15
9,4
11,29
17,16
41,26
26,14
24,20
6,18
0,25
30,23
46,27
28,6
10,14
42,5
9,14
28,22
3,7
2,1
20,15
40,11
1,24
46,1
42,27
35,23
9,23
22,25
50,30
44,14
27,24
5,18
39,20
17,18
48,5
32,18
37,7
35,25
35,19
20,25
12,29
34,12
17,3
29,22
25,22
17,25
4,26
35,29
33,14
12,24
40,25
38,14
20,11
8,1
25,18
37,19
27,12
0,7
18,19
21,16
2,3
24,21
8,18
45,18
42,17
0,8
8,4
2,12
41,24
33,6
24,20
18,8
37,5
3,12
26,22
47,12
19,6
23,20
25,18
32,8
22,5
2,15
1,12
35,19
40,23
28,18
29,18
5,3
16,15
1,16
27,5
15,29
23,26
45,21
10,4
26,2
25,14
1,13
33,3
6,15
32,23
50,28
0,29
5,3
10,24
39,12
28,7
5,25
43,9
34,3
10,28
25,6
27,10
33,30
18,2
2,24
13,30
39,13
40,21
8,14
1,5
49,7
46,6
13,19
8,13
25,19
34,9
14,16
13,5
13,5
36,17
48,8
23,17
32,14
36,29
13,25
5,17
6,9
7,3
19,20
47,4
30,7
5,16
17,11
50,4
20,18
5,21
32,10
40,2
27,21
26,28
38,5
3,1
49,29
15,11
3,24
37,5
23,25
25,5
44,4
3,27
12,17
5,26
21,3
47,8
2,18
23,30
7,8
32,2
15,21
44,8
31,28
5,26
11,6
3,14
3,30
23,11
42,10
29,22
17,24
26,28
7,12
39,11
37,11
29,15
16,7
14,12
12,22
12,18
27,12
36,19
15,1
2,30
40,9
10,29
43,10
38,25
41,2
14,9
26,7
10,12
7,13
14,10
5,25
31,27
15,26
26,20
9,17
48,14
47,1
42,29
2,11
7,13
42,10
13,29
6,26
47,20
41,1
29,29
15,22
13,5
6,17
5,25
5,15
37,12
11,12
15,1
26,10
31,21
7,16
32,5
23,12
9,11
50,30
17,17
32,5
0,17
46,14
9,13
4,23
28,22
17,26
18,23
34,12
9,20
31,7
30,1
7,18
30,24
25,21
25,2
25,19
15,8
0,4
27,6
39,13
39,12
4,1
38,12
45,20
28,21
1,28
22,18
29,6
32,21
24,1
23,19
29,30
12,29
28,22
2,8
49,9
5,24
0,29
18,10
20,16
36,9
39,25
36,17
9,16
39,12
12,20
15,23
17,9
44,25
1,2
50,21
28,15
35,19
12,2
21,19
10,12
45,7
35,15
16,3
43,4
22,9
11,26
23,5
25,15
32,17
14,9
47,8
39,22
42,1
30,24
7,30
1,7
33,30
40,24
14,30
50,4
39,25
19,10
19,9
28,14
7,25
25,27
26,12
26,8
4,19
45,24
44,24
38,8
22,20
33,25
39,7
4,17
50,5
7,20
5,4
14,7
2,11
40,2
21,25
7,8
11,11
10,11
29,10
13,12
47,19
3,9
41,19
47,1
27,1
23,28
24,30
14,20
8,19
9,16
35,27
25,16
40,24
42,7
44,9
12,12
37,3
14,13
1,18
22,16
6,18
30,3
0,8
20,26
34,8
1,19
36,30
0,23
49,8
45,7
36,10
43,19
33,7
20,4
22,4
41,30
34,6
36,10
14,4
26,6
10,24
14,27
23,22
4,9
47,22
19,24
50,23
42,8
8,7
19,13
2,2
0,22
48,2
38,14
32,20
33,27
24,18
33,20
45,29
37,15
41,17
32,26
35,24
0,11
17,13
29,14
30,27
34,22
12,24
27,21
6,4
4,12
29,19
20,2
37,19
5,10
10,28
41,17
26,16
28,30
27,22
24,30
29,23
43,12
7,26
21,9
39,15
32,24
35,15
11,15
32,1
31,21
2,30
9,13
23,23
27,23
24,3
23,19
47,2
40,5
35,9
30,3
44,13
46,11
31,20
3,22
29,4
23,15
36,7
31,18
9,9
15,7
40,19
26,17
48,5
11,16
24,14
37,15
21,22
28,26
29,27
48,24
45,16
31,8
42,2
6,19
37,7
34,20
15,9
2,6
13,20
11,14
18,6
7,6
23,11
22,11
2,20
40,15
36,9
0,16
28,28
30,1
13,24
8,26
35,9
22,11
39,12
42,10
10,25
44,7
5,11
32,29
42,16
5,10
45,23
14,16
30,28
46,13
49,9
44,5
18,23
43,25
41,21
42,1
38,11
18,12
36,10
50,28
41,5
19,15
21,1
49,28
4,29
23,23
12,10
15,25
43,26
45,30
47,1
21,3
19,20
31,22
0,27
39,10
13,16
31,25
30,27
7,24
23,15
47,28
18,9
0,16
14,15
19,25
17,7
24,24
23,23
9,10
12,16
30,9
48,2
13,10
28,21
47,26
3,8
48,12
47,26
8,24
27,6
22,10
1,19
21,22
19,24
39,27
1,24
38,24
49,30
16,17
21,7
33,20
19,14
37,10
45,21
50,15
30,2
11,6
38,19
2,9
45,13
22,10
23,7
12,26
33,3
43,16
2,7
10,17
37,20
29,6
41,8
34,15
49,13
0,6
40,18
38,29
13,7
23,15
8,27
12,30
3,4
34,10
39,21
25,4
21,19
18,29
23,27
11,14
37,9
25,23
15,7
4,30
48,20
19,7
21,1
21,20
22,2
9,4
2,26
15,9
25,25
47,8
9,17
14,9
45,26
43,3
43,14
18,21
1,6
47,13
47,26
4,24
50,12
8,8
13,12
24,4
26,25
9,20
37,2
36,5
34,22
36,20
1,1
41,8
13,12
3,19
20,26
1,22
1,13
6,5
41,27
44,12
34,15
50,4
9,5
19,23
25,3
15,25
24,15
2,25
19,3
0,29
30,4
3,29
37,27
34,23
1,11
16,9
30,17
9,25
46,18
11,17
49,23
15,18
22,25
38,14
33,12
2,8
41,6
5,23
43,23
8,4
7,2
35,15
21,28
28,15
35,29
27,18
13,10
32,12
49,18
24,4
43,20
6,8
1,13
0,24
20,19
15,23
32,13
42,27
15,26
7,13
48,11
43,21
11,29
15,12
15,30
44,13
29,19
0,11
2,26
36,13
18,9
44,18
40,19
6,28
36,21
34,18
4,6
48,8
44,9
11,14
36,7
35,3
42,4
27,23
42,7
22,28
12,23
34,16
23,14
24,26
35,7
1,22
40,25
17,13
15,4
47,15
25,28
15,30
30,26
30,24
45,27
38,12
45,26
11,23
11,25
15,5
8,5
34,10
11,25
19,11
7,30
18,13
7,28
44,16
19,11
46,30
36,16
35,28
41,20
46,12
44,21
1,22
11,20
36,5
22,19
22,7
33,2
21,7
17,29
12,24
28,24
30,26
6,29
44,24
39,4
18,23
27,15
18,16
17,22
48,26
14,8
33,29
10,27
2,29
19,14
28,27
21,10
45,5
49,4
6,19
48,8
3,26
16,30
25,12
1,18
42,9
36,24
46,4
44,13
37,8
3,4
44,14
41,4
48,7
31,10
5,30
14,9
41,8
2,2
43,21
33,1
3,15
5,14
37,16
25,24
25,1
49,29
9,24
40,21
18,7
13,9
37,19
27,16
5,13
7,26
22,13
31,11
48,5
48,24
19,22
10,6
17,24
8,23
2,4
7,15
44,12
17,21
21,16
14,10
12,20
17,4
13,1
14,20
23,22
22,24
35,16
22,3
3,6
28,5
35,10
11,4
0,7
20,25
22,11
16,25
18,15
16,1
23,23
47,16
43,26
50,27
9,8
40,10
24,19
31,28
35,3
19,26
42,14
12,2
36,2
35,19
37,20
46,11
20,27
2,8
33,7
25,6
36,15
47,6
50,3
46,17
34,25
37,23
29,19
39,16
18,6
10,23
47,30
20,30
9,18
5,28
8,3
35,15
2,5
3,21
25,22
34,13
3,13
26,10
24,8
29,7
30,27
41,7
19,1
32,29
41,24
4,25
0,26
19,30
33,2
46,16
18,24
39,13
31,29
48,8
39,9
10,11
44,1
28,17
45,18
29,8
50,20
47,15
40,20
45,23
8,1
1,9
19,24
20,16
35,21
9,8
32,26
35,4
17,13
41,8
42,30
18,30
3,14
8,6
20,17
23,3
28,9
24,11
7,3
24,12
6,29
33,3
48,14
36,8
34,20
32,6
30,27
40,26
25,19
3,12
42,1
12,22
12,14
42,3
46,1
37,22
17,6
13,28
26,14
40,18
5,13
1,26
31,26
19,14
39,29
5,21
48,6
32,4
32,17
48,2
24,4
9,27
44,15
2,20
29,23
48,21
41,4
23,12
15,11
22,12
10,21
34,30
28,5
19,29
38,17
32,15
14,26
48,18
3,7
46,4
8,19
17,24
24,13
25,30
17,25
38,3
37,10
21,9
22,5
24,9
1,9
10,1
30,21
47,16
9,8
21,19
27,15
6,23
37,14
50,21
36,15
24,20
42,6
40,29
41,25
11,19
38,12
14,13
39,2
46,10
26,20
26,21
30,13
28,2
26,3
22,12
5,16
27,6
20,17
37,21
41,6
39,8
42,19
4,22
40,22
29,3
1,4
41,18
41,23
33,2
0,26
37,19
16,13
11,23
48,18
24,25
9,26
46,13
13,13
49,28
1,22
9,1
23,27
31,14
3,30
13,10
34,26
2,23
45,5
19,23
21,23
11,14
26,16
43,4
44,22
36,18
30,27
13,8
7,14
30,6
39,23
19,27
1,14
40,2
44,26
3,18
12,1
38,30
12,25
4,15
2,19
11,12
9,15
24,24
22,20
2,14
1,16
45,10
1,25
28,12
4,25
24,5
10,7
34,21
39,2
33,12
34,20
0,20
37,25
29,12
16,2
4,19
33,17
34,27
27,24
2,16
5,29
26,25
41,14
38,18
34,26
25,14
38,11
24,10
48,8
39,1
25,11
50,3
20,12
8,27
30,3
22,26
17,29
49,16
46,13
10,23
16,14
46,27
23,7
49,4
11,13
21,16
10,15
50,9
19,19
48,22
30,29
46,12
8,24
47,16
26,22
8,20
15,20
1,10
10,22
10,4
26,27
23,20
14,26
44,27
36,2
6,5
22,21
14,1
25,18
44,10
33,18
11,4
34,23
2,5
0,28
33,3
5,29
6,28
16,16
15,22
43,28
47,3
20,30
17,30
41,9
10,19
6,14
16,15
27,7
5,2
30,13
11,10
9,18
19,14
5,1
3,2
46,8
18,10
2,1
25,23
12,11
14,22
39,23
36,17
43,20
25,15
38,25
20,29
12,26
0,26
43,2
19,2
19,21
34,27
41,14
27,14
45,22
44,26
44,25
29,10
5,23
25,17
19,10
43,6
5,7
45,9
4,4
45,19
28,22
15,13
0,13
47,4
3,18
13,22
17,6
9,25
24,18
15,10
34,8
43,10
42,27
33,5
22,17
12,22
14,18
14,10
48,21
48,20
1,11
1,20
27,24
1,28
40,17
34,19
35,3
46,13
35,2
1,19
33,11
30,10
7,4
33,18
46,3
15,19
50,17
35,4
2,4
48,20
34,24
9,10
26,17
31,12
17,8
10,25
33,17
31,11
2,12
17,8
48,11
3,27
29,12
21,3
1,2
48,30
1,25
33,9
44,17
27,28
10,3
13,5
47,27
37,15
35,19
26,5
50,7
1,28
23,8
37,28
20,20
10,3
42,1
47,22
21,22
20,23
35,20
38,19
39,19
8,16
42,3
30,3
5,12
42,6
17,24
39,13
18,1
6,17
15,10
27,5
43,3
9,7
50,10
25,15
28,29
18,24
34,14
44,7
48,30
7,1
32,23
15,26
43,28
30,10
3,12
5,24
38,9
43,6
21,3
11,29
50,2
16,25
48,5
6,24
35,10
41,29
2,23
24,1
33,24
24,3
11,18
12,30
50,11
48,14
26,5
23,21
35,11
5,26
14,23
34,2
42,19
32,17
29,28
40,28
23,14
15,22
6,25
13,10
4,21
13,11
45,5
17,14
32,26
9,26
45,2
22,17
19,10
34,2
28,22
21,29
5,11
7,30
26,14
42,22
18,12
26,5
10,22
15,24
15,16
17,17
25,16
21,14
32,17
41,22
10,12
33,12
13,4
1,29
30,11
17,7
11,25
48,1
8,11
46,18
47,30
26,14
27,8
25,24
29,7
12,8
27,16
21,10
23,17
34,18
38,9
22,4
35,9
4,10
47,6
45,26
15,3
2,27
14,17
13,23
39,4
25,25
1,23
11,12
32,12
7,23
23,3
4,26
1,25
35,14
34,25
37,17
5,27
27,7
44,6
36,24
49,3
8,21
37,15
42,10
42,11
44,11
38,27
16,14
17,1
3,7
49,20
16,26
25,7
23,27
4,30
5,15
30,3
27,23
0,16
47,6
6,21
1,17
40,2
28,18
23,23
7,29
10,30
49,20
8,18
49,28
7,7
4,23
45,8
38,10
12,14
30,26
23,3
33,14
30,18
16,28
6,9
39,2
33,30
29,28
50,9
20,19
27,28
23,30
24,20
46,23
42,12
25,3
24,16
0,11
21,8
10,18
11,17
30,30
5,10
26,21
18,29
10,28
22,12
32,9
41,23
11,5
49,16
16,15
20,11
14,28
5,4
28,7
38,17
22,28
11,27
18,6
35,29
0,15
23,10
21,22
12,6
34,9
16,3
3,13
29,9
0,17
34,3
9,18
28,6
35,28
20,28
22,27
1,7
12,13
17,3
50,17
49,12
35,19
28,19
43,21
31,11
21,1
40,24
10,6
37,8
27,2
7,7
29,4
8,15
21,11
10,30
4,13
26,13
45,24
40,24
39,14
6,11
38,21
23,16
21,30
7,5
33,15
46,13
19,17
42,21
28,8
31,26
25,23
13,4
7,6
48,7
4,4
14,17
11,30
21,23
29,7
10,5
27,16
29,5
39,13
16,4
49,27
29,2
20,27
1,2
22,6
16,28
35,19
5,4
4,5
29,21
8,14
4,16
31,5
26,28
33,4
13,30
20,4
24,13
7,26
46,3
32,9
49,16
10,30
3,21
39,8
45,22
27,13
40,22
37,9
20,27
43,2
12,9
6,12
24,25
49,30
43,18
45,3
31,26
4,1
0,16
18,4
50,21
42,16
44,22
40,15
30,25
25,11
48,16
32,19
2,13
25,25
4,4
10,20
43,5
38,4
5,23
39,12
32,11
35,24
8,29
12,12
49,9
21,11
38,3
11,23
40,4
29,10
4,14
41,17
3,25
28,23
33,20
11,29
9,16
13,7
28,12
7,15
50,8
27,11
13,17
29,13
4,24
12,12
32,12
30,13
48,25
11,19
48,23
34,16
13,2
33,7
28,27
3,21
23,16
25,12
11,14
33,12
37,12
44,11
26,18
25,29
9,1
20,3
16,13
21,24
25,2
36,21
50,25
6,5
20,25
32,22
13,9
23,18
29,1
31,5
43,19
23,22
32,25
8,11
12,18
30,9
37,7
10,12
50,16
0,14
26,14
1,19
5,18
31,20
37,29
30,4
8,30
29,23
30,15
7,13
35,20
35,9
44,20
41,11
0,10
30,16
14,8
7,22
0,11
0,27
45,7
37,21
19,4
1,17
50,17
45,22
4,19
12,19
39,7
39,17
10,18
6,12
5,30
27,4
16,20
47,1
29,8
28,11
20,29
29,26
25,16
10,24
37,11
21,18
15,19
21,27
21,23
41,25
3,21
31,29
11,14
16,21
50,18
25,3
2,7
39,23
47,30
49,21
49,26
34,11
10,13
16,3
12,27
32,16
25,6
46,23
29,11
41,8
30,20
15,8
40,2
9,15
10,17
7,22
28,7
1,13
45,19
19,19
0,15
9,13
21,2
19,30
14,1
32,11
4,14
14,11
3,24
18,29
48,24
25,19
44,28
14,25
12,22
35,2
31,12
13,20
12,18
23,27
34,7
24,27
43,11
19,25
3,24
23,3
43,21
42,9
32,30
36,2
23,30
15,13
15,8
18,10
27,16
12,14
34,30
34,2
14,4
30,13
12,8
43,1
0,20
33,10
22,6
37,7
16,28
37,10
12,19
21,14
26,11
16,30
14,22
26,5
4,7
26,7
24,2
42,14
17,4
45,7
45,16
2,15
21,11
34,1
30,9
30,30
28,14
36,9
20,2
20,28
12,19
45,23
0,28
48,17
26,15
21,19
25,20
14,1
28,16
16,14
24,1
5,16
49,14
36,20
47,15
5,19
28,16
43,3
37,20
17,16
37,28
26,7
34,28
39,2
35,7
1,30
7,12
49,1
18,18
50,19
48,5
22,30
40,5
17,11
8,12
29,22
11,15
25,8
12,6
41,10
36,22
19,25
21,15
45,3
30,24
14,30
47,9
6,29
8,10
33,3
22,26
41,5
47,3
7,16
10,5
30,2
45,17
6,21
2,13
15,15
25,2
35,6
31,18
10,8
50,23
19,8
32,22
0,26
32,24
48,7
14,12
31,30
25,20
38,17
41,27
10,14
19,20
48,24
1,25
47,9
12,15
30,8
7,28
10,23
40,17
21,13
10,15
21,21
50,1
27,26
1,2
4,24
2,28
1,28
26,27
0,1
32,6
8,5
14,22
49,28
6,22
28,28
41,7
4,5
43,8
6,9
27,17
40,2
48,13
7,27
0,20
40,2
45,25
11,27
14,27
21,2
39,25
16,29
1,12
17,20
42,25
10,4
21,5
36,20
35,29
22,7
33,26
14,22
12,9
10,13
1,14
32,11
21,22
5,14
25,19
25,13
47,25
47,5
39,17
12,27
24,27
49,30
41,28
50,2
8,11
25,9
17,17
30,2
4,27
50,22
20,30
25,20
39,23
7,27
19,20
13,16
37,14
49,24
11,28
27,27
49,6
12,6
10,24
17,28
13,23
32,9
32,1
42,15
24,5
0,18
0,5
25,22
38,27
38,13
15,17
20,16
14,4
23,3
26,18
9,17
9,15
8,4
47,5
30,9
12,11
48,15
4,5
13,7
23,30
43,6
32,20
16,29
20,14
1,18
5,27
45,17
37,23
34,26
47,18
8,15
35,19
9,26
43,30
44,1
21,28
26,30
28,29
12,26
42,28
22,15
24,13
11,28
38,20
17,24
14,22
9,15
30,21
10,16
18,10
27,12
38,26
39,17
46,21
17,2
8,14
10,6
32,1
29,30
38,5
8,19
5,9
21,14
16,6
5,19
36,15
17,4
46,30
47,13
21,19
21,7
8,28
26,27
11,8
38,13
40,13
34,2
7,17
32,10
18,13
17,9
38,16
32,11
38,17
31,5
27,7
33,20
6,10
18,24
1,18
9,30
18,3
2,4
5,4
8,30
20,5
1,3
8,5
0,27
12,12
34,1
22,20
16,15
40,10
26,19
22,12
14,3
4,20
31,4
48,5
37,28
15,21
35,5
33,9
17,11
34,11
15,24
4,22
44,1
41,24
5,26
17,22
14,7
50,1
34,19
2,6
29,10
34,12
0,16
22,16
14,30
42,7
11,9
8,17
1,22
31,29
23,28
40,21
47,23
38,19
34,3
24,28
42,30
35,9
34,4
31,10
1,6
5,15
3,6
33,30
22,25
19,19
50,14
46,7
21,26
27,4
40,22
49,21
26,23
9,4
35,27
8,22
18,21
40,30
33,26
24,11
15,10
4,18
23,30
17,7
43,12
50,10
32,5
9,29
31,6
40,24
33,14
42,10
8,12
25,30
7,16
49,9
0,10
12,14
27,23
12,3
8,25
31,23
0,3
18,27
28,28
50,27
47,8
35,15
49,14
32,10
13,26
39,12
36,5
18,20
9,19
27,11
11,29
6,20
5,26
15,25
39,6
30,16
34,29
49,19
46,20
18,4
47,18
2,13
46,2
38,19
35,5
50,22
30,20
36,25
23,12
30,26
3,1
45,27
21,17
36,26
17,11
18,21
18,11
1,19
13,13
33,10
2,22
5,19
41,8
34,19
11,12
15,1
44,10
27,30
10,24
47,10
35,16
27,18
49,11
45,30
49,12
48,23
45,25
37,18
6,16
35,20
40,30
26,19
21,8
39,1
33,20
9,24
0,22
7,23
1,1
36,4
40,4
19,2
3,17
37,17
7,17
43,28
6,12
47,10
32,24
9,26
19,26
2,12
35,14
20,12
44,19
18,20
8,28
41,27
16,15
21,14
27,23
7,3
20,18
44,28
44,9
29,7
28,16
38,20
18,24
16,6
50,24
39,8
44,10
8,8
39,26
47,4
21,26
48,1
6,3
40,19
44,14
26,16
19,25
27,29
12,23
41,20
4,8
35,28
34,3
26,27
7,12
42,29
44,24
34,4
26,25
39,24
35,12
2,6
3,10
33,5
8,28
22,22
45,3
36,19
13,12
8,28
39,22
14,10
49,30
36,21
23,5
41,3
4,15
18,15
19,14
38,21
7,6
42,5
33,20
23,20
42,12
2,18
2,23
37,11
34,8
47,7
42,24
34,11
1,24
38,11
21,11
5,9
16,12
0,25
24,27
14,11
36,5
31,22
44,11
38,1
45,5
37,17
31,29
37,16
45,29
21,27
3,25
25,20
31,29
21,25
33,9
9,30
29,15
18,4
47,3
11,19
50,15
36,9
36,29
4,8
47,1
43,2
44,2
22,2
23,5
47,7
38,9
38,6
20,19
27,21
27,8
7,19
9,22
32,24
4,28
44,18
30,4
15,7
6,8
13,15
27,10
50,24
22,6
36,5
28,5
11,17
49,21
28,16
43,15
25,8
23,15
6,24
12,15
40,30
25,17
18,18
40,2
39,16
8,28
45,21
17,11
43,28
24,30
43,10
19,23
33,28
41,13
29,17
43,5
4,18
4,26
3,1
23,9
45,20
28,12
7,3
6,27
36,15
29,30
26,26
14,30
46,18
12,5
5,10
13,30
8,26
5,19
26,28
14,25
18,17
21,8
39,19
50,13
41,6
32,11
5,5
40,7
6,12
40,8
36,16
28,4
14,16
25,10
3,1
25,1
38,23
37,17
8,16
10,29
46,14
50,7
40,4
45,17
48,2
28,15
40,19
0,19
6,6
48,29
43,15
20,14
38,18
8,26
16,26
31,20
40,26
47,8
43,21
19,6
16,9
3,18
20,6
45,22
3,14
50,17
9,30
30,15
2,29
2,2
25,12
42,22
9,29
44,7
13,14
29,3
46,24
47,10
42,12
9,4
12,29
5,29
27,28
20,20
4,30
6,13
22,15
10,1
24,24
40,24
6,22
10,14
17,27
0,3
33,23
26,29
13,18
4,11
34,21
4,24
25,16
15,8
11,10
25,24
39,8
16,25
28,25
39,26
41,7
0,14
4,4
20,28
19,8
49,28
28,6
30,13
37,8
20,15
50,14
20,15
9,14
22,1
42,11
7,10
1,29
29,13
29,9
7,14
24,13
20,20
24,29
45,29
9,18
19,2
43,12
32,8
7,23
9,17
23,21
22,1
17,29
45,25
42,26
46,28
4,10
10,16
19,20
6,4
21,27
20,4
28,17
22,18
10,16
12,2
28,11
9,22
48,27
8,13
31,8
6,30
44,6
10,28
43,23
19,21
2,24
0,3
1,10
7,6
50,26
29,26
32,12
24,21
5,7
47,6
22,29
50,23
20,7
1,21
31,4
15,18
49,4
1,26
20,1
20,2
34,1
38,6
16,10
17,17
43,7
36,16
39,4
1,19
11,24
41,12
31,27
26,30
21,28
36,29
31,5
8,1
4,5
16,1
49,28
46,22
47,3
32,24
11,1
26,30
26,6
31,19
48,14
31,4
47,8
26,28
32,11
43,13
27,3
19,15
23,12
45,15
48,7
12,13
18,24
6,27
38,22
43,11
41,5
17,11
2,11
10,10
17,19
29,30
32,18
3,16
12,29
27,3
6,7
23,13
13,7
39,29
22,4
15,26
21,25
25,10
19,24
22,1
5,30
15,30
41,4
9,10
22,24
2,6
23,9
49,11
8,17
11,12
13,9
21,1
30,26
22,21
18,12
8,18
37,28
29,21
9,10
7,30
33,18
40,14
0,15
15,26
28,26
10,17
34,8
26,24
41,23
26,10
40,5
35,6
49,23
40,12
32,20
32,6
20,1
26,27
27,29
30,29
2,8
29,7
28,14
27,4
18,26
2,6
46,3
45,11
17,30
10,9
41,2
30,7
5,19
41,16
15,14
3,6
17,1
32,14
48,24
18,8
37,13
20,18
38,26
33,4
7,26
2,27
21,29
24,24
46,21
39,8
11,17
13,7
44,11
38,23
50,10
2,27
30,14
19,29
21,17
43,16
37,26
25,24
26,22
34,2
10,4
48,8
1,12
7,11
49,26
38,8
3,8
27,27
17,28
45,29
35,28
31,11
41,16
22,17
29,21
19,22
48,27
48,25
23,10
10,18
35,14
30,3
25,11
11,17
1,7
2,30
33,17
32,13
12,2
33,13
22,19
23,11
2,21
40,7
39,24
25,17
21,8
6,22
12,23
8,17
45,26
38,6
44,20
23,21
42,16
12,12
38,26
25,27
23,14
24,23
24,28
1,15
28,18
5,4
31,18
2,5
16,25
18,23
40,14
44,25
46,23
10,18
30,2
16,9
22,20
50,23
4,17
4,20
16,18
32,14
46,19
37,10
21,20
44,20
9,26
3,25
18,6
5,26
42,9
27,11
27,6
14,23
4,27
8,4
18,22
25,18
7,15
5,16
36,14
23,18
11,28
11,12
20,26
38,27
1,24
29,8
10,23
46,21
35,13
3,18
16,25
25,2
3,12
50,11
25,27
26,7
49,13
22,20
30,6
26,1
19,15
37,12
41,2
46,15
39,12
37,20
13,24
27,2
19,16
38,6
29,6
5,14
17,17
48,30
42,21
32,6
14,15
48,21
43,12
36,6
17,30
13,22
8,29
3,6
20,18
34,23
0,25
42,5
5,8
4,23
30,5
33,3
9,11
34,14
22,22
24,17
22,24
32,24
7,26
6,10
29,17
38,28
11,18
0,3
23,28
45,28
27,30
25,13
6,13
34,13
5,19
14,11
11,17
0,18
4,26
44,17
42,10
46,8
40,12
49,7
5,26
0,7
50,7
20,28
45,15
31,30
17,23
5,12
50,18
20,7
28,20
14,10
33,17
6,4
41,22
44,13
9,30
8,3
24,6
34,15
32,23
34,6
18,14
30,26
6,20
23,5
34,23
3,4
12,22
35,8
25,21
12,25
46,3
44,2
23,24
23,1
10,5
2,24
30,22
47,26
25,2
22,18
14,10
20,21
49,12
4,25
8,11
24,11
23,25
24,6
20,16
6,3
25,19
4,8
39,15
36,27
20,29
3,1
42,23
16,6
32,9
16,8
49,12
9,26
29,26
3,9
11,7
11,6
45,3
41,16
3,28
50,24
4,28
15,14
36,24
30,19
29,9
37,15
27,7
2,4
24,27
5,1
22,12
39,19
20,26
43,12
27,18
0,3
46,18
28,23
9,29
2,16
7,6
3,13
34,24
11,5
3,1
44,24
13,6
9,20
15,24
22,27
5,25
8,11
45,25
15,14
38,8
12,3
29,12
21,19
43,21
38,5
3,25
46,14
25,1
22,5
23,19
45,8
31,12
20,25
10,26
13,20
48,11
4,26
48,14
24,8
29,21
41,23
28,14
12,19
25,6
36,24
46,15
46,30
17,9
40,11
41,18
18,6
33,1
13,30
27,8
41,18
49,4
28,21
45,25
43,12
34,21
12,17
15,23
42,5
36,25
13,9
37,10
31,8
13,3
0,30
29,2
12,26
40,19
22,28
37,24
40,14
35,5
21,13
1,2
7,9
46,13
10,22
0,13
1,25
47,11
4,26
45,25
33,9
43,13
18,30
35,13
3,9
18,6
38,4
2,14
33,27
13,13
15,29
29,17
25,13
6,28
0,22
14,16
48,13
1,20
18,14
29,13
6,2
2,29
37,17
24,22
48,18
7,27
49,8
7,13
14,22
36,4
12,3
32,5
5,12
7,29
8,26
46,29
37,21
14,27
13,9
45,9
10,22
22,9
16,6
45,24
9,10
29,11
43,10
2,27
42,21
24,14
39,14
27,8
22,3
41,10
6,4
48,18
21,21
31,4
41,28
8,3
4,18
28,15
29,5
38,20
2,13
2,20
24,15
40,8
12,1
4,13
38,25
15,28
20,20
47,1
12,21
33,23
30,13
15,26
38,30
49,1
42,10
11,4
33,28
22,2
43,9
34,30
3,1
11,17
36,13
20,2
25,2
22,4
31,20
47,6
33,26
42,14
30,19
46,14
8,1
0,7
27,18
34,16
26,20
29,24
25,17
36,21
32,7
33,29
49,4
32,8
40,6
38,24
41,10
31,15
38,16
33,11
42,23
27,18
43,1
42,14
5,4
8,28
45,17
6,14
34,22
37,23
9,10
16,26
30,21
41,6
26,6
27,14
50,28
20,21
30,26
30,11
41,20
48,4
44,23
25,21
13,18
49,19
19,16
47,26
22,10
47,2
40,4
30,8
31,1
18,30
37,11
33,28
50,24
31,1
32,15
42,7
11,4
33,11
44,12
11,21
39,13
13,22
14,19
14,24
7,2
5,6
18,16
13,18
43,18
8,24
46,3
4,20
32,5
40,17
17,18
1,8
23,4
22,25
50,4
30,28
21,22
39,5
20,4
33,2
46,5
35,5
6,18
14,23
46,19
8,9
16,26
19,29
37,1
3,30
24,8
12,2
2,4
31,8
5,30
0,15
16,5
46,21
4,2
39,15
15,29
42,24
34,3
8,6
25,8
18,22
19,10
36,30
49,3
30,26
41,26
47,6
29,11
6,6
17,27
49,23
39,16
12,8
25,30
6,5
25,13
15,1
46,6
7,5
35,13
9,2
32,14
45,26
42,6
7,22
8,7
20,12
28,6
6,29
48,28
50,24
28,1
30,6
2,12
49,9
27,12
25,7
36,24
12,7
28,1
38,5
3,21
42,19
20,3
45,22
34,12
37,30
29,21
49,8
0,17
45,29
24,30
0,7
28,27
40,2
14,13
20,27
23,16
42,2
34,9
17,8
9,17
7,17
33,25
45,1
44,14
10,12
12,2
25,16
20,19
7,2
8,25
34,9
26,27
13,18
31,3
16,29
31,6
32,20
14,22
49,22
35,24
32,20
40,4
35,8
30,5
26,5
2,10
42,12
50,11
21,15
15,3
5,25
21,23
48,7
1,23
2,9
38,2
46,14
21,6
3,22
14,30
3,3
48,25
14,21
8,24
9,18
36,2
41,8
35,30
38,3
24,29
3,14
0,8
9,9
34,5
13,20
46,2
38,7
37,6
33,30
49,14
5,28
40,4
3,2
5,9
44,24
23,25
20,29
9,28
39,25
47,20
47,10
36,2
9,26
29,24
30,26
19,11
44,9
19,27
50,29
31,18
11,23
22,2
49,7
11,19
26,5
28,27
38,6
13,15
32,24
8,20
38,30
4,10
12,3
43,14
50,22
31,24
10,16
37,8
31,28
9,5
34,11
0,15
18,3
14,4
20,7
2,1
50,10
27,23
29,26
21,4
7,8
41,29
6,4
35,18
22,10
18,27
3,25
33,27
18,27
40,24
10,16
24,3
25,2
4,13
29,15
13,23
20,21
17,16
18,5
23,9
2,22
31,1
43,18
12,27
23,15
15,7
12,16
14,24
32,17
40,18
44,3
47,16
25,28
6,21
4,23
27,17
36,13
12,20
20,1
29,28
6,17
8,28
45,18
1,3
20,7
16,19
4,12
13,26
29,21
21,17
17,13
3,21
33,23
1,3
10,15
19,30
48,24
12,14
0,7
32,16
46,17
34,4
29,1
22,18
15,5
33,24
38,21
14,14
43,22
32,21
40,3
46,13
15,8
12,14
40,15
50,29
33,10
5,6
6,23
21,30
11,12
39,28
36,3
3,16
35,14
12,9
19,7
46,28
22,24
3,28
37,19
8,20
16,24
21,25
41,12
48,27
40,29
8,24
8,10
0,27
31,4
0,29
26,30
1,8
50,2
34,18
44,25
20,13
21,29
46,11
30,6
12,7
29,15
21,25
43,8
41,18
37,3
41,16
49,18
46,30
27,20
23,7
0,26
2,28
26,12
38,20
46,25
1,18
32,27
36,27
9,21
19,8
23,30
7,26
39,22
48,20
11,19
30,29
14,2
41,17
46,29
47,10
47,13
15,27
8,6
29,4
23,26
27,30
42,21
43,22
11,25
4,9
37,5
4,16
33,7
16,19
18,20
27,12
46,30
13,28
7,28
38,19
18,8
43,17
49,11
39,22
45,20
38,11
5,25
28,27
47,2
13,13
21,12
45,25
41,14
14,10
38,19
11,1
9,5
9,12
39,20
1,26
21,18
8,6
36,23
23,23
35,1
45,30
22,4
30,1
26,11
33,28
48,28
42,17
18,8
22,23
12,19
11,29
28,20
1,12
36,11
36,4
6,12
26,22
0,27
41,3
47,28
12,24
16,23
29,11
7,14
24,26
6,3
36,30
25,3
24,19
19,12
29,13
22,10
38,10
6,29
12,9
25,25
33,21
29,11
36,1
33,30
45,15
6,5
36,27
20,20
27,7
1,9
47,20
49,23
38,11
49,21
29,19
9,20
8,24
43,16
46,19
29,20
10,26
33,25
50,14
2,3
27,20
35,7
44,9
31,13
24,21
10,2
21,17
41,21
41,18
22,18
7,7
38,1
10,10
7,11
46,8
34,12
47,28
28,7
19,10
9,12
5,26
14,14
12,26
29,9
21,20
5,16
34,11
43,20
18,15
37,7
48,7
45,3
31,2
1,10
26,6
41,7
0,17
19,21
13,4
37,5
43,15
34,4
17,23
34,12
15,25
11,8
49,24
13,24
3,19
34,15
22,15
2,13
26,19
46,15
10,17
46,6
29,7
7,18
44,12
50,22
19,25
41,14
38,8
43,3
22,9
44,1
44,25
15,30
16,14
0,28
13,28
47,11
14,19
2,5
46,29
44,3
24,8
48,18
3,27
24,2
8,25
19,30
43,10
18,16
8,10
44,22
32,22
36,20
13,29
14,29
45,5
41,13
44,6
5,4
0,9
21,26
49,22
8,4
12,1
38,21
29,28
0,20
46,8
40,26
23,26
23,15
19,9
45,14
7,20
47,14
6,24
18,27
24,9
41,19
28,21
19,10
35,16
24,11
37,16
7,23
13,21
42,1
34,19
22,26
9,2
22,23
18,24
21,16
42,21
9,21
34,12
41,14
20,10
13,12
1,9
41,21
35,22
4,27
17,29
13,15
41,9
20,18
14,15
48,12
34,25
24,17
20,24
11,20
30,2
26,3
25,3
10,14
7,18
46,21
41,26
23,8
49,19
7,28
31,6
49,11
1,21
22,27
47,7
27,12
10,5
13,20
39,19
49,26
34,30
0,29
42,15
14,29
33,20
19,24
50,29
14,27
10,1
3,13
42,30
33,17
25,12
50,26
7,21
50,29
25,12
42,26
39,15
48,15
27,17
33,6
22,23
25,23
1,28
28,4
42,25
38,29
41,7
9,5
14,21
17,22
7,18
22,18
36,29
34,5
14,27
25,13
14,10
7,13
13,15
27,23
2,20
7,24
11,9
40,28
36,17
27,6
20,28
42,4
47,26
21,24
48,13
1,5
38,4
40,23
33,28
0,23
13,11
22,14
34,10
30,30
22,17
4,13
3,18
49,7
23,9
10,30
49,22
39,24
40,18
18,28
8,1
4,14
47,21
26,5
7,3
50,16
50,4
22,19
22,8
1,11
34,28
9,29
4,29
38,13
10,5
45,28
27,19
0,25
46,28
19,12
48,25
21,14
36,12
8,20
43,3
5,30
26,2
35,23
6,20
39,9
16,16
41,11
7,27
41,26
24,25
13,30
1,8
15,1
13,29
3,15
19,6
19,20
21,14
12,16
46,23
45,16
2,21
4,10
14,30
42,26
47,8
7,24
10,8
31,13
4,8
7,9
18,7
15,16
50,19
50,24
12,7
6,13
34,19
21,29
25,23
2,9
0,27
44,19
30,3
31,2
18,30
16,6
34,13
7,30
39,24
4,27
7,26
23,28
34,24
23,15
30,19
8,25
28,26
35,16
18,26
30,11
1,4
9,7
29,28
9,14
16,4
42,7
41,20
11,26
2,29
14,10
1,23
4,17
11,22
40,19
32,30
23,21
44,21
15,18
45,30
22,18
44,2
36,26
50,7
13,19
17,24
46,10
6,24
2,18
30,12
26,2
35,18
25,20
28,1
43,1
10,29
8,30
23,2
2,26
49,23
16,8
14,8
1,19
20,12
28,2
31,14
32,21
22,30
19,16
32,19
35,18
41,5
26,9
41,10
11,13
26,25
40,21
28,3
41,7
37,6
6,10
25,21
14,5
1,25
48,30
6,3
32,8
42,1
34,6
17,22
49,13
34,26
28,28
43,18
1,20
46,24
32,6
41,1
17,26
0,4
50,9
5,1
10,19
6,8
8,16
1,5
6,27
44,1
23,5
44,19
2,26
45,11
11,26
26,16
39,30
39,28
37,25
28,13
6,26
23,6
1,14
37,15
20,11
29,16
6,3
5,9
47,19
14,4
23,4
5,18
8,2
8,3
40,18
20,4
30,16
9,21
42,27
21,22
11,24
49,8
10,26
2,18
39,28
16,2
25,14
40,22
20,7
28,21
5,17
20,26
34,11
35,1
19,7
20,17
19,24
45,17
16,9
20,29
13,19
31,8
24,6
18,21
13,1
14,5
6,4
47,4
40,24
4,21
46,21
16,16
45,5
38,19
12,14
6,19
37,9
2,5
16,7
50,25
16,13
9,28
24,21
26,28
1,29
31,20
20,1
22,28
2,19
40,1
26,9
9,15
14,8
47,27
27,25
40,29
28,12
20,6
4,25
46,4
18,10
11,10
35,30
38,9
0,8
29,13
18,26
16,20
44,18
50,28
17,15
31,16
2,19
45,24
7,29
35,13
34,17
40,3
32,30
26,29
38,11
42,4
21,20
37,28
18,8
16,10
12,25
11,25
25,22
22,6
13,6
48,7
20,13
33,23
49,8
2,5
1,18
24,16
34,16
7,17
19,14
37,18
5,27
11,2
49,17
25,27
41,2
44,29
2,13
28,8
50,29
19,19
15,27
33,10
28,13
11,30
37,6
28,27
43,6
34,4
16,15
36,2
28,23
8,22
13,11
11,24
25,19
21,25
14,5
32,16
27,20
46,27
50,26
9,8
8,1
39,26
16,6
8,5
41,21
33,2
3,28
16,23
13,24
21,15
0,15
35,7
32,16
43,3
17,2
28,17
0,24
10,4
0,10
23,15
29,7
2,6
36,22
6,2
41,7
41,20
6,9
32,15
19,5
19,8
34,14
44,4
7,22
6,8
24,19
1,24
16,25
19,29
27,25
8,4
17,11
46,5
29,6
45,20
36,27
50,16
36,28
37,8
4,14
37,1
22,19
0,12
27,4
22,16
38,27
17,6
10,9
39,15
34,13
19,18
45,15
41,2
11,5
42,3
45,23
0,30
13,4
14,29
14,12
18,14
25,2
24,4
37,9
25,18
8,25
15,4
23,22
7,16
13,18
31,19
15,21
29,15
28,12
5,8
36,13
18,3
20,28
24,17
46,12
46,22
36,30
48,29
36,10
48,10
48,25
21,18
36,21
13,3
15,26
24,9
23,14
35,15
46,16
45,2
15,23
34,18
30,24
37,19
35,6
22,11
1,14
16,17
45,2
48,10
42,24
42,18
22,8
38,23
6,25
49,4
10,6
43,10
0,20
24,3
17,29
5,26
15,15
12,10
29,28
29,7
47,18
49,15
34,23
3,9
48,20
31,9
33,19
40,20
33,12
33,27
19,4
29,8
50,5
19,30
10,27
21,6
10,8
7,30
22,29
41,4
48,29
13,26
13,18
10,15
27,26
25,23
30,8
17,30
8,22
28,3
34,27
47,6
9,12
27,5
13,19
32,21
49,27
39,25
12,12
6,23
25,7
12,26
48,16
18,4
27,11
1,13
23,8
13,3
1,12
16,8
26,5
8,8
15,21
13,13
8,9
18,22
20,19
25,5
20,22
13,9
2,8
10,8
48,9
43,3
8,8
21,2
7,25
41,12
1,3
16,9
35,11
1,6
3,24
6,13
28,14
14,25
24,16
48,7
23,17
31,6
16,27
38,4
47,14
23,19
13,17
25,8
19,27
1,10
30,22
4,22
21,3
23,26
33,26
25,12
17,1
46,29
38,2
36,22
25,8
47,5
23,6
32,19
25,15
19,26
49,3
26,10
33,8
3,12
21,2
0,29
5,26
38,17
37,9
10,3
0,21
6,13
4,13
9,17
32,21
45,4
43,17
18,18
50,16
16,8
7,12
3,21
38,17
41,11
41,30
8,8
48,1
46,1
4,24
34,5
49,5
44,16
16,28
38,25
37,14
16,23
4,9
27,6
5,23
18,16
45,8
33,19
27,5
48,26
32,4
8,30
3,2
44,3
31,1
15,12
26,4
12,7
4,13
46,29
4,17
29,17
27,18
9,26
43,7
36,3
6,29
11,19
21,9
16,12
1,14
2,15
0,2
0,19
9,25
46,15
19,3
20,15
46,6
0,18
48,8
36,24
22,28
42,15
3,10
2,15
17,28
37,11
20,17
4,22
49,3
3,22
48,28
0,25
37,5
21,15
23,21
32,26
2,3
39,8
2,27
38,1
12,17
30,4
13,5
50,17
46,8
38,24
24,6
14,6
25,8
3,19
23,14
10,13
20,9
31,29
42,2
20,26
30,21
23,10
11,24
22,19
8,8
40,11
31,9
6,17
42,7
42,23
22,30
42,4
42,16
48,9
16,10
49,12
9,25
2,30
16,4
25,6
34,8
44,27
7,15
18,27
33,14
31,12
14,10
35,1
32,24
11,17
34,29
48,19
2,5
7,2
9,22
11,26
29,5
45,21
12,4
8,5
32,25
19,8
35,1
15,7
31,25
40,22
30,21
15,26
29,9
31,10
18,23
31,21
36,20
18,10
48,29
49,14
11,15
15,11
38,1
46,29
7,6
4,18
19,16
1,7
7,17
34,27
9,19
12,18
10,14
43,24
22,15
43,28
16,18
5,26
42,12
7,3
44,10
47,21
9,12
9,13
22,15
43,24
11,27
18,1
0,16
21,20
21,8
41,19
38,30
22,5
33,21
47,5
49,24
34,10
23,25
41,21
6,24
39,24
6,4
28,15
25,1
8,13
47,13
26,18
18,6
2,12
20,17
5,17
43,12
9,7
41,23
10,20
44,28
47,16
27,4
23,7
25,25
3,9
49,2
22,5
33,21
27,20
17,3
7,28
35,8
19,3
42,6
36,11
37,5
37,18
6,5
25,14
1,20
15,19
43,16
28,14
40,2
23,1
33,24
18,8
9,27
30,5
27,4
41,21
41,20
33,20
19,4
5,15
12,4
48,2
3,20
25,1
32,29
21,1
42,10
48,10
7,16
48,3
22,24
40,21
7,23
17,19
7,19
18,19
16,4
26,18
28,6
27,14
41,1
6,15
28,22
5,9
48,19
34,1
35,25
50,24
40,17
46,18
43,19
7,14
9,24
1,30
20,3
32,15
3,5
35,2
1,22
45,14
43,1
2,1
18,1
42,16
40,24
16,26
29,14
16,19
40,17
0,2
13,29
22,21
2,9
6,27
40,21
18,21
26,7
19,3
25,10
26,27
13,10
22,10
5,20
46,4
31,3
0,11
19,23
10,1
1,9
11,1
34,16
24,13
12,13
29,23
45,2
18,19
9,28
38,23
0,24
40,2
5,7
44,13
6,14
48,25
12,4
21,10
33,24
22,17
38,10
3,6
47,2
48,28
33,29
33,23
29,25
14,26
35,4
5,14
7,18
39,1
17,15
6,22
19,30
9,21
50,1
17,19
4,21
46,5
7,26
4,5
2,24
8,12
38,10
13,16
3,29
25,18
17,9
45,27
33,14
48,22
9,20
25,14
39,9
10,19
45,24
40,22
29,13
20,10
26,3
15,14
9,10
24,3
15,28
42,4
4,9
36,13
37,14
5,4
45,11
14,5
50,21
19,15
11,21
0,30
48,30
12,14
20,11
5,21
14,22
35,13
48,5
30,5
43,27
45,27
15,15
7,12
34,20
33,18
47,10
40,26
33,2
11,30
1,5
25,5
17,23
44,6
10,18
22,27
45,24
15,1
20,21
33,3
22,26
8,3
50,23
31,14
34,8
41,21
31,24
27,28
30,7
7,4
10,18
41,23
23,12
4,2
6,21
43,18
43,10
8,12
36,4
50,28
32,20
29,25
22,20
15,12
20,8
19,21
1,11
30,7
5,7
29,11
19,21
21,17
3,15
14,2
10,27
35,17
47,15
45,26
19,9
34,23
44,28
15,25
49,25
49,9
41,29
0,3
31,21
26,19
34,11
38,9
17,7
20,16
47,30
6,5
42,12
12,4
19,29
37,1
33,7
36,8
14,18
35,11
30,29
24,25
13,23
11,3
21,6
24,27
29,25
45,27
8,14
25,20
0,16
24,8
3,5
5,29
11,23
15,10
42,4
17,22
50,29
22,6
35,18
22,23
45,20
32,22
46,14
38,9
16,2
30,16
47,29
24,30
36,12
44,29
9,15
16,22
22,18
2,15
18,14
44,10
17,25
43,29
14,2
35,9
7,5
42,10
46,22
28,17
26,20
17,22
39,6
33,21
46,13
32,12
21,8
12,28
48,10
47,17
43,5
49,22
38,19
47,19
42,13
27,16
3,15
31,5
19,26
21,14
39,18
31,5
44,28
6,18
32,30
29,1
5,24
50,19
16,22
22,3
34,18
6,22
29,9
33,26
29,4
33,22
1,9
41,5
25,28
16,26
39,25
20,24
33,19
45,12
7,30
13,19
9,11
40,12
19,28
29,17
19,14
0,6
3,20
44,5
49,26
24,11
11,13
18,23
38,22
50,12
2,26
41,23
6,14
31,16
12,14
37,4
31,15
17,13
31,16
39,24
17,21
42,12
33,29
31,1
49,18
16,15
6,18
27,20
41,13
14,21
17,10
34,26
29,18
7,26
49,13
23,8
36,19
45,27
41,13
48,28
43,7
33,11
15,1
44,14
26,8
34,14
20,20
0,22
38,9
37,13
16,25
39,21
3,17
20,28
13,8
3,1
42,2
49,11
41,30
7,24
4,28
12,13
37,4
1,25
41,26
37,30
20,20
7,4
49,17
43,29
32,16
12,17
26,19
5,9
42,7
13,7
45,6
25,25
39,17
31,26
47,3
34,4
21,24
26,12
12,10
30,22
22,16
19,17
33,5
42,15
6,7
27,25
27,22
32,19
24,27
20,10
38,2
27,13
33,21
23,5
22,13
12,16
42,30
50,3
6,15
32,27
20,16
1,5
38,14
13,21
3,24
37,25
4,5
30,7
15,26
14,23
22,5
5,3
47,8
50,15
31,24
28,12
45,3
32,21
14,13
5,13
19,30
30,19
10,25
50,3
28,15
17,30
22,8
13,20
13,27
47,24
20,27
15,24
22,19
31,1
11,16
28,21
25,9
13,10
18,16
48,24
4,7
8,19
9,12
21,3
1,7
37,21
34,22
18,16
33,16
6,13
42,13
50,9
25,18
14,7
48,4
26,4
46,29
5,29
39,25
8,13
8,6
20,17
9,9
17,30
10,12
46,16
49,9
23,19
4,18
14,3
1,16
12,5
40,6
35,10
39,27
14,6
2,21
25,21
3,30
4,20
17,2
27,16
1,20
21,7
44,7
9,22
49,16
47,13
5,12
3,13
28,7
38,19
26,16
39,10
29,28
50,21
40,23
45,13
41,21
24,2
7,1
31,26
9,16
11,10
39,6
5,1
46,3
41,16
17,6
23,14
1,6
21,25
48,30
42,28
48,1
21,13
45,14
25,9
18,6
28,20
43,14
50,7
31,21
50,2
17,2
43,4
4,14
10,29
5,3
13,11
12,23
17,15
38,20
28,5
49,8
36,14
10,3
49,21
45,13
16,3
4,14
14,18
4,4
17,29
18,10
47,18
47,9
35,17
28,3
9,21
5,16
1,12
10,22
25,19
39,7
49,29
45,17
38,20
29,1
50,5
41,20
46,10
41,4
29,7
27,18
5,3
13,18
40,20
10,12
1,2
50,11
49,10
2,8
23,8
29,24
6,2
6,27
28,30
30,23
23,4
35,4
37,11
40,23
26,26
34,16
39,9
37,12
16,23
20,27
41,23
9,16
23,23
47,11
42,13
17,29
50,8
1,20
19,28
27,28
45,12
23,27
48,12
33,18
45,27
5,21
41,23
17,16
30,21
0,6
25,17
47,12
7,13
28,26
12,12
46,12
7,3
1,16
36,13
6,15
45,22
44,14
2,29
32,14
14,23
29,17
23,25
19,27
11,4
24,19
37,28
33,8
4,5
15,17
45,13
21,22
26,30
10,7
49,30
34,6
24,4
36,8
18,27
3,30
34,19
6,18
0,17
17,11
22,30
18,11
34,8
37,7
29,6
24,3
21,6
28,3
35,7
10,25
43,9
19,6
19,7
21,16
1,2
41,17
43,20
9,6
21,25
3,11
24,14
16,11
16,17
37,20
22,27
14,6
34,25
29,24
50,21
38,7
38,8
40,13
18,20
18,15
10,25
50,8
1,20
44,28
18,25
48,17
48,17
13,9
12,2
25,10
8,6
0,7
29,26
18,4
6,29
17,23
6,9
10,5
9,28
38,30
25,11
50,10
10,28
38,15
2,23
30,20
49,24
33,1
12,16
8,29
48,24
1,16
42,18
26,13
21,8
38,18
31,11
16,1
7,28
11,6
13,12
33,2
25,24
24,15
24,25
20,12
9,16
20,5
2,23
32,28
15,25
27,25
37,17
21,27
40,3
42,26
38,5
0,24
24,5
2,15
31,6
26,19
17,19
18,10
44,26
0,10
3,22
18,30
24,12
34,20
44,12
46,6
16,11
0,6
10,4
41,19
17,13
26,6
1,26
6,5
49,14
26,7
6,20
45,14
15,14
43,4
43,4
41,9
19,1
44,1
32,10
39,2
12,17
1,15
49,13
26,2
11,5
44,20
37,28
12,24
20,24
32,29
4,18
48,28
12,24
24,29
45,6
20,25
23,29
40,22
35,26
34,4
12,25
33,12
41,16
24,5
24,9
42,13
33,12
15,4
48,25
9,21
41,11
42,22
24,4
39,18
35,2
42,20
33,6
44,10
8,19
25,9
44,18
20,11
10,6
38,8
45,30
31,27
28,28
49,25
40,16
31,13
50,15
24,8
31,1
38,18
22,12
9,12
12,1
12,24
36,17
12,21
15,16
49,15
41,22
20,23
41,20
3,18
39,25
15,23
43,26
31,18
15,30
6,15
25,5
7,8
1,10
21,5
24,17
30,6
19,24
43,10
1,8
41,6
14,1
7,20
18,27
32,25
44,3
8,15
9,4
41,22
21,16
31,28
39,12
13,23
24,21
1,20
46,11
24,7
4,27
27,1
22,18
49,18
36,4
1,13
31,1
11,26
27,9
47,30
8,2
3,9
35,11
39,11
2,24
31,26
1,9
8,10
34,3
11,21
13,13
21,9
40,4
42,24
20,11
17,6
44,1
32,16
43,25
41,29
42,22
22,3
4,18
43,28
19,1
4,30
49,6
43,20
11,21
32,9
2,22
25,7
2,12
17,20
21,3
42,20
50,3
30,7
9,10
50,7
19,22
10,6
26,30
12,7
35,19
22,12
29,6
48,20
11,8
12,1
17,9
28,21
13,25
18,1
0,13
49,16
42,15
50,21
34,11
48,9
2,26
0,5
30,14
13,6
25,10
10,3
36,5
22,29
47,22
11,30
12,20
34,29
25,19
40,20
16,16
40,30
0,23
4,25
25,28
36,12
10,29
22,20
2,8
21,17
44,11
48,18
3,11
3,21
49,5
38,13
49,6
9,16
33,26
35,17
26,12
22,25
33,6
15,26
23,16
42,14
32,17
12,13
33,16
0,25
39,13
33,2
3,24
24,11
8,29
14,23
11,23
3,15
45,19
31,17
40,25
4,29
9,3
33,26
21,21
7,12
22,6
17,3
47,13
46,22
8,20
35,29
49,12
37,28
31,24
29,19
23,11
43,29
30,26
3,30
1,29
24,1
1,9
3,19
18,4
25,27
4,10
27,11
25,4
5,10
24,3
1,14
0,9
5,17
3,22
19,2
23,18
10,17
40,25
34,8
6,21
40,23
31,24
35,30
22,25
33,11
39,6
15,27
49,20
43,24
6,11
19,10
20,14
41,27
20,27
34,23
23,18
32,3
5,13
46,17
9,21
33,26
49,19
45,20
5,6
41,4
36,6
44,28
8,6
25,4
7,3
41,25
18,23
17,17
30,30
22,1
23,9
32,23
0,22
3,30
25,19
41,21
47,8
12,22
24,3
5,4
17,12
39,30
14,14
22,6
24,30
10,13
46,10
23,7
49,19
22,24
19,22
20,16
49,24
10,13
17,15
23,11
31,30
42,20
17,5
37,11
2,6
19,18
45,17
15,18
50,25
8,14
12,10
24,24
50,25
17,20
8,28
21,8
42,9
32,22
12,18
6,27
45,19
0,14
42,19
8,15
36,14
23,24
25,9
39,15
38,29
39,19
16,7
11,16
5,14
13,18
37,24
23,20
31,15
46,15
25,4
48,10
37,25
48,6
8,21
27,26
29,6
30,7
39,2
0,28
34,13
38,22
18,9
33,12
6,16
31,9
3,2
8,16
38,6
12,22
40,3
47,15
22,2
2,3
39,30
0,2
34,18
38,1
42,10
49,20
33,27
37,22
21,6
18,26
5,22
46,22
43,17
6,22
30,3
18,19
41,23
48,1
16,19
34,5
48,16
23,12
12,25
35,11
39,21
32,28
2,2
47,12
39,25
31,11
12,11
28,17
18,15
42,7
34,30
41,26
10,13
50,19
31,4
8,19
17,13
37,24
33,28
26,18
3,20
45,4
13,22
47,23
6,21
16,29
8,3
50,2
18,13
29,18
19,1
28,4
6,29
37,9
16,5
18,14
12,19
5,18
27,17
48,19
22,10
18,27
8,24
38,21
4,18
24,12
31,13
7,25
49,13
47,4
3,27
36,21
21,23
28,27
25,11
44,1
17,4
7,1
1,8
17,12
23,27
14,8
6,29
33,23
39,24
8,8
3,9
50,4
42,23
10,26
29,21
18,3
17,2
34,8
33,26
11,19
9,16
14,14
34,9
1,9
12,11
38,6
6,21
20,26
3,4
38,7
15,7
8,23
43,12
49,14
8,20
1,23
43,25
44,24
2,3
12,21
17,12
48,5
36,18
40,2
23,20
43,19
3,7
19,11
9,16
43,9
48,8
50,23
42,15
46,19
23,7
41,20
16,16
27,1
27,17
13,26
34,26
19,7
33,10
23,12
19,28
43,19
42,24
25,21
29,29
27,12
32,9
15,8
1,5
18,22
4,7
18,7
23,19
6,2
26,2
2,6
41,21
31,16
13,28
9,17
34,4
9,16
32,10
3,2
11,6
31,9
27,4
38,3
38,3
0,27
1,30
7,5
18,23
20,24
16,30
2,12
48,25
21,23
33,1
31,13
21,4
21,10
27,26
14,2
43,7
49,23
37,24
9,17
37,12
25,22
38,29
26,12
0,15
6,18
4,19
42,30
43,24
49,18
41,25
13,9
39,1
33,15
2,11
22,2
5,9
14,26
2,28
42,14
36,20
14,23
10,2
8,27
37,26
17,4
13,10
48,3
43,6
50,25
25,22
4,21
13,23
31,23
12,21
36,29
4,11
45,22
13,22
21,20
44,20
3,16
50,16
47,1
41,16
19,18
35,28
24,12
28,11
32,19
20,8
35,13
31,12
1,20
24,23
41,13
12,12
12,13
12,1
30,18
29,27
24,13
15,11
46,1
27,17
41,1
45,12
13,8
2,30
13,1
15,27
5,19
48,19
50,14
21,7
23,6
15,16
40,28
20,2
50,30
15,18
23,26
21,14
40,12
19,24
12,6
43,16
29,24
29,2
45,3
7,13
49,20
48,26
46,19
13,15
39,20
5,7
21,23
5,17
14,22
15,24
45,19
9,28
41,5
27,20
28,1
50,3
32,6
30,14
31,3
44,13
47,30
8,16
21,6
6,2
44,18
28,3
6,10
9,3
3,7
31,16
41,21
34,6
44,1
43,5
47,13
25,26
21,16
9,2
46,18
22,21
13,24
27,29
1,24
30,16
16,2
47,26
6,18
13,27
39,10
17,22
19,10
42,10
22,11
33,17
43,19
15,7
5,12
23,13
43,13
5,16
35,11
30,22
36,12
47,6
27,23
8,8
2,9
13,20
36,28
50,7
24,30
37,25
10,4
38,12
42,30
42,18
44,20
37,14
17,26
2,13
28,5
20,25
45,8
31,17
33,8
45,2
32,18
16,10
7,7
16,6
44,18
18,8
5,7
50,16
41,9
25,1
42,20
10,1
31,22
21,20
47,13
23,7
40,7
22,30
41,11
14,17
45,6
10,15
9,6
25,27
2,19
20,16
4,20
42,7
31,30
39,18
19,4
9,23
48,24
44,19
40,2
40,14
43,12
35,18
30,4
8,18
17,26
42,21
37,21
42,19
15,4
14,2
45,20
32,4
28,13
40,23
7,7
48,16
26,24
29,23
9,11
50,10
33,30
9,24
29,8
28,13
19,26
19,28
37,13
46,29
1,11
29,9
9,10
46,8
38,22
0,11
13,6
12,20
18,14
31,25
8,22
23,1
0,27
48,4
39,12
49,16
8,30
24,1
24,17
26,20
5,24
15,1
23,4
24,26
35,4
14,8
8,2
40,24
48,24
14,26
10,16
43,11
36,20
23,21
1,27
5,27
49,3
23,12
36,25
31,4
41,9
12,24
3,26
28,8
9,23
20,17
4,30
33,4
16,6
5,19
3,5
6,9
43,13
46,17
3,12
26,30
6,20
33,10
17,19
32,1
16,12
42,13
11,10
15,15
37,14
41,20
37,12
42,17
3,3
21,2
47,22
50,21
44,20
40,6
50,27
41,8
48,30
19,8
21,13
38,2
8,18
48,8
43,15
25,13
37,18
43,14
15,22
23,12
23,27
44,2
23,26
2,22
5,22
34,5
20,9
28,23
20,22
19,4
18,20
11,19
5,2
42,8
33,5
44,16
9,30
24,15
10,20
5,24
46,30
2,5
24,9
34,1
2,16
26,5
42,25
23,27
40,15
41,22
27,29
29,15
22,3
36,30
28,24
36,21
23,6
49,11
31,12
33,29
41,14
29,30
4,24
44,10
35,13
45,9
36,9
18,7
48,8
23,22
44,23
1,26
21,17
34,8
18,8
45,9
40,27
24,20
41,5
23,3
9,8
28,3
11,8
12,20
10,15
38,12
29,2
14,13
3,21
42,23
50,22
11,8
42,29
4,24
40,17
15,20
49,10
16,21
47,4
22,1
46,10
24,15
33,22
27,15
43,30
5,8
35,3
19,5
45,5
33,20
37,28
31,16
2,26
7,15
5,24
18,4
33,22
42,4
43,9
9,30
31,11
3,7
17,29
39,15
11,26
29,1
14,15
13,8
25,2
24,20
25,18
30,15
22,9
11,16
47,29
19,16
5,14
27,13
12,7
9,1
44,22
29,30
8,6
41,25
6,8
11,1
20,26
7,19
35,30
0,5
38,15
8,29
40,8
18,16
22,6
38,17
29,4
35,14
48,30
36,25
19,1
11,6
40,29
28,17
26,14
47,28
8,9
39,12
28,27
48,6
39,4
44,8
26,7
50,30
26,20
35,15
39,15
11,13
17,17
46,16
38,12
29,7
1,13
39,16
47,18
25,21
14,15
29,10
38,16
46,20
25,10
38,23
45,13
32,9
16,15
11,23
4,16
0,3
43,19
50,29
30,29
10,25
37,3
32,24
11,1
40,7
45,18
24,13
33,25
45,1
17,19
35,29
15,10
7,29
10,14
10,14
35,15
29,24
20,12
23,28
14,6
30,29
5,27
34,2
19,23
5,12
42,5
29,26
5,5
19,4
32,30
38,6
28,23
25,8
44,11
25,6
45,21
32,30
16,6
13,1
9,16
17,12
4,29
0,11
24,29
49,11
9,15
36,25
33,26
3,13
16,1
28,23
37,27
40,28
20,28
41,28
0,3
43,28
18,17
39,29
26,17
18,1
19,5
10,28
6,8
26,14
15,1
18,15
42,29
21,2
31,20
46,11
26,17
14,30
15,1
28,10
46,25
30,13
1,24
12,26
17,3
18,12
23,7
2,12
0,20
46,3
13,2
9,4
12,7
34,4
38,29
5,12
6,3
27,28
16,11
50,22
27,13
28,20
22,17
8,25
2,10
15,2
37,22
41,27
19,13
46,26
27,29
38,9
29,20
27,18
11,16
10,7
7,6
12,14
0,28
27,22
0,14
19,2
6,10
12,5
25,22
30,19
22,18
28,11
39,14
45,15
16,17
0,27
9,28
50,11
45,11
7,27
12,23
33,5
34,28
31,26
1,17
29,1
24,14
7,29
27,8
24,14
15,23
33,2
42,16
37,11
7,15
18,17
23,10
13,5
39,7
24,28
16,13
37,25
18,19
23,2
42,13
40,26
41,11
35,30
45,5
47,3
42,8
35,28
49,2
38,6
17,4
22,3
2,6
22,20
50,17
48,23
30,3
50,19
1,15
27,17
19,22
41,6
33,6
26,4
34,12
43,6
13,19
44,3
0,5
8,24
40,7
18,11
5,15
20,25
48,22
44,14
16,22
33,20
23,11
18,14
11,29
26,6
9,15
46,22
24,17
43,20
15,23
49,7
46,5
0,19
9,20
44,4
32,28
23,16
4,4
44,6
50,20
10,11
13,14
9,28
31,17
26,21
40,18
45,7
16,28
32,29
12,29
11,17
41,25
25,6
44,26
21,10
40,25
12,14
11,21
12,2
28,7
19,6
10,9
50,1
38,9
50,10
21,17
41,18
17,29
48,1
39,22
10,18
10,23
49,21
42,8
27,6
21,16
32,12
15,29
27,12
7,22
35,11
37,16
31,30
15,1
37,23
12,26
36,8
28,9
29,24
2,20
40,14
27,25
27,6
1,13
21,25
42,18
1,23
36,27
28,30
16,10
45,10
17,10
22,6
38,17
20,20
50,20
3,25
16,9
35,27
7,2
18,15
18,12
45,14
3,14
6,4
46,15
6,14
22,30
18,14
16,15
49,30
37,13
47,30
21,18
39,30
37,20
11,28
12,10
0,22
35,7
2,22
7,20
10,1
20,15
24,1
7,4
9,22
31,30
20,1
21,6
20,21
23,7
41,16
11,23
17,17
29,15
0,4
3,25
33,6
36,21
3,4
27,17
24,8
13,2
37,1
8,8
11,18
47,6
6,24
44,25
45,10
10,7
5,30
12,29
17,22
30,5
47,22
47,22
41,4
12,22
45,1
4,9
2,25
2,23
15,4
41,8
12,8
21,21
13,13
28,11
29,9
43,8
13,27
8,4
44,10
42,30
28,8
11,17
31,15
18,19
15,3
23,19
44,29
44,28
10,5
50,5
9,18
39,23
24,17
38,3
40,11
22,25
2,1
42,23
10,19
15,21
32,6
42,15
37,23
30,29
20,5
6,27
44,11
42,6
12,29
1,22
12,23
16,4
30,5
0,29
12,14
11,22
31,27
41,23
26,5
2,21
36,18
14,12
3,29
25,2
27,9
3,9
21,5
15,2
7,3
44,18
31,21
12,6
4,21
23,29
29,22
32,24
36,9
32,17
21,7
14,5
50,1
32,13
46,25
36,18
12,17
26,7
33,2
7,16
48,28
38,6
42,18
11,21
45,20
9,18
26,6
47,16
18,11
21,28
25,25
43,4
37,15
31,9
27,14
34,13
13,4
9,12
0,29
13,17
16,17
21,29
6,21
9,10
23,13
18,25
43,29
50,19
36,18
8,3
12,15
38,12
27,10
24,29
5,10
44,5
33,1
28,21
36,29
38,14
3,8
35,1
4,14
47,1
33,13
38,24
1,29
35,10
45,21
36,25
40,25
16,27
13,8
33,18
0,25
37,4
23,19
3,24
41,9
35,11
25,17
5,22
7,5
0,4
49,26
3,25
21,11
17,29
44,15
42,13
7,25
47,10
0,7
25,22
19,13
23,27
42,10
16,7
31,24
1,7
16,16
6,3
28,30
16,10
19,23
28,18
45,12
20,23
35,12
32,26
10,18
4,17
45,19
27,13
32,6
7,29
27,12
38,4
31,8
4,27
8,26
23,10
35,6
10,22
21,13
39,22
48,14
23,4
1,18
44,20
8,7
37,30
47,8
43,15
10,19
10,6
24,3
36,15
4,18
0,18
14,26
19,20
49,21
43,1
1,28
8,28
23,14
22,13
23,18
49,23
37,10
31,1
43,1
6,19
19,5
25,27
32,6
34,2
25,14
20,16
46,13
43,27
7,26
40,13
30,24
23,26
20,15
36,3
24,12
14,9
46,12
39,13
47,21
35,10
5,17
32,16
43,21
24,19
31,9
41,1
25,28
37,30
2,6
49,23
7,19
18,8
33,7
35,2
19,10
25,13
23,30
26,22
47,4
44,21
43,20
20,24
38,6
34,11
13,2
18,13
48,28
35,30
45,20
15,28
38,30
7,10
35,11
40,9
11,20
48,26
5,7
48,25
25,14
28,29
30,8
46,22
2,21
34,14
22,25
4,6
19,20
0,9
35,14
19,27
34,19
34,9
26,10
49,22
22,23
11,2
41,24
23,25
2,16
33,12
42,27
15,2
43,12
47,26
23,19
18,9
49,6
34,25
42,17
21,12
42,24
14,10
26,1
5,25
6,1
26,28
20,14
40,13
28,1
48,23
11,6
37,14
15,21
35,25
6,13
18,2
29,8
0,8
13,20
25,28
12,2
38,16
40,9
46,10
42,3
48,20
35,20
46,6
41,16
10,24
33,25
16,14
39,1
47,16
18,21
31,9
19,5
44,24
19,28
43,29
17,11
0,5
16,11
44,19
1,7
25,10
36,28
31,15
6,18
29,10
40,17
15,12
15,26
35,12
25,29
1,9
32,11
2,1
19,17
0,30
7,9
1,11
9,18
7,11
18,25
24,17
27,12
41,14
1,14
5,24
28,9
6,23
0,30
45,10
5,10
43,25
19,17
23,20
1,2
41,28
28,24
44,10
48,20
30,17
13,13
13,4
45,25
49,3
40,25
14,20
7,3
41,30
27,13
26,14
6,9
4,26
14,12
50,21
22,6
11,3
38,2
42,15
42,21
44,5
44,7
35,5
13,12
19,23
23,7
45,2
32,15
6,22
39,3
50,13
13,20
23,15
28,3
37,27
13,25
34,29
33,25
30,16
49,24
11,3
34,13
1,4
20,30
1,30
26,30
34,2
39,24
41,25
39,19
33,26
20,1
1,14
47,3
21,25
4,19
36,6
39,12
44,17
3,15
42,14
30,15
46,3
50,26
42,16
5,9
30,19
45,10
13,29
43,7
13,10
6,8
6,26
11,26
46,24
48,6
33,16
5,19
24,12
50,30
20,20
28,14
18,29
49,7
12,3
34,11
48,2
39,17
12,27
39,15
44,28
18,7
38,26
39,7
40,15
36,16
33,27
8,28
42,30
2,30
41,15
22,5
25,18
27,11
4,5
46,23
35,20
29,27
25,18
5,27
11,3
48,16
1,6
29,14
37,17
12,2
10,12
16,23
30,29
37,8
27,18
11,19
16,30
44,27
2,12
25,15
45,20
25,11
46,14
0,14
49,8
25,14
26,19
29,5
42,9
36,5
16,7
0,27
43,6
31,15
45,7
40,16
3,29
50,5
31,19
31,27
17,10
17,4
28,20
32,29
47,26
10,8
48,26
30,27
50,22
27,1
35,17
4,10
40,24
44,12
9,14
4,25
13,24
28,12
15,18
38,21
17,9
40,6
47,20
33,17
37,4
4,9
49,23
16,5
15,23
31,3
33,27
9,9
6,22
11,22
16,7
24,11
28,5
0,16
42,2
4,13
21,3
23,29
29,2
46,30
17,29
1,30
25,22
39,14
21,19
24,15
39,15
13,7
33,13
20,16
11,22
46,6
32,30
35,16
18,10
22,22
30,10
12,15
46,3
11,1
16,5
35,13
12,8
22,28
3,9
43,8
29,26
31,7
10,22
29,24
26,24
26,27
31,25
19,7
6,29
1,15
29,9
15,16
4,18
19,16
23,28
44,17
48,8
20,26
46,1
28,3
11,28
37,23
17,29
9,22
43,29
43,7
47,1
18,29
34,13
25,21
20,23
40,17
47,12
8,11
48,18
20,27
17,28
37,19
48,11
38,2
32,8
5,10
37,25
0,4
15,11
8,29
43,15
27,21
44,11
10,18
28,7
23,25
32,21
24,19
20,20
37,6
40,21
39,26
36,18
41,25
39,15
31,1
0,2
20,16
41,27
42,4
28,11
9,27
6,1
10,6
12,12
29,20
13,29
11,3
12,30
49,20
21,15
15,29
43,29
12,23
0,23
21,23
11,1
46,2
31,28
32,1
43,22
31,23
9,30
24,21
33,22
30,28
25,11
36,30
4,16
29,18
41,30
2,17
50,16
36,6
32,18
37,13
38,6
9,9
5,21
38,16
18,20
33,26
26,18
25,22
2,6
41,13
48,14
19,16
0,2
0,16
40,18
2,19
27,21
43,25
41,3
40,1
3,1
48,24
26,28
12,26
22,19
11,5
34,14
35,28
17,8
42,27
9,25
4,19
46,30
14,8
34,27
2,17
11,26
46,11
33,29
19,5
3,12
44,24
22,11
22,7
2,29
25,21
49,23
2,30
43,25
32,8
19,11
30,24
17,9
15,2
21,30
18,17
15,1
22,25
4,17
29,15
9,12
27,5
8,5
28,30
7,13
46,30
3,12
41,1
19,19
46,19
17,20
20,28
26,20
25,1
10,16
25,28
26,8
21,3
32,18
4,17
21,21
45,28
30,27
9,19
43,29
41,30
2,3
15,14
22,10
25,13
34,12
13,25
35,11
8,28
22,15
27,1
5,21
47,13
14,8
45,5
23,28
32,21
48,19
4,14
33,23
1,29
14,9
23,25
35,1
37,13
27,16
45,15
32,7
36,17
14,15
17,18
12,24
45,15
3,27
8,17
15,21
30,28
33,23
2,29
10,22
15,27
49,5
11,14
6,13
19,24
27,10
37,6
13,17
43,14
1,23
40,6
26,25
13,30
38,3
37,4
36,15
4,11
21,11
21,8
18,19
1,27
44,14
36,5
32,3
22,9
8,3
37,4
21,8
29,19
12,7
38,4
8,12
37,26
15,23
29,1
0,23
15,3
27,17
34,22
42,6
16,23
45,16
1,2
9,4
39,11
31,5
0,27
34,16
8,5
48,1
47,8
3,15
11,1
32,12
10,11
6,27
21,5
47,6
34,10
23,15
42,20
2,23
29,3
50,20
0,4
17,22
13,22
13,12
46,20
27,18
26,10
3,26
46,2
45,17
6,30
13,25
36,14
48,5
13,28
46,2
30,22
49,24
27,8
14,17
35,20
14,29
2,18
6,19
36,1
0,24
15,30
3,1
18,3
0,15
47,26
34,7
41,1
13,1
7,6
33,26
26,11
15,19
41,30
20,29
44,27
27,21
1,13
49,28
24,4
36,13
9,12
28,27
15,17
21,16
25,20
10,18
14,15
45,27
43,9
23,18
29,6
48,13
7,3
46,20
13,14
10,15
31,18
1,9
38,19
37,8
37,24
33,27
44,10
16,20
23,16
41,13
22,7
25,1
33,9
7,28
11,21
27,13
46,7
47,1
12,29
27,18
20,29
43,20
47,14
32,8
34,21
16,13
3,13
44,6
25,18
5,12
36,13
33,1
34,22
29,7
47,1
16,12
40,12
40,7
21,19
34,15
14,18
41,3
24,6
23,26
26,16
2,8
9,24
5,6
5,4
23,6
32,18
8,27
4,5
43,16
4,13
38,7
32,8
39,28
20,7
23,5
47,23
28,5
43,6
38,1
31,14
9,11
25,18
19,19
25,13
48,8
15,12
16,30
10,3
14,10
31,8
42,13
6,3
25,17
21,16
30,16
45,6
32,9
38,16
33,20
37,17
10,23
33,28
44,10
8,29
17,27
2,10
48,7
35,19
38,12
30,3
21,2
0,13
46,18
35,7
22,5
26,15
48,18
36,14
14,12
21,14
26,3
49,11
27,28
1,7
10,30
7,4
47,3
8,28
10,15
7,18
40,10
41,28
5,19
41,18
4,20
24,26
24,5
20,7
4,23
35,7
48,19
8,21
28,14
38,9
13,9
39,9
43,2
12,3
14,29
37,14
37,12
0,7
39,7
1,11
21,19
43,18
12,8
36,6
34,19
1,12
23,19
38,26
43,19
20,17
9,8
45,28
5,28
39,17
19,26
26,19
9,27
34,24
38,8
36,5
32,24
44,22
32,26
47,14
2,3
48,16
30,11
42,26
20,27
26,23
9,16
48,21
26,5
26,17
39,8
44,30
14,15
34,9
44,18
31,11
35,9
34,28
28,19
12,15
29,7
25,22
18,30
43,21
42,16
4,11
20,29
16,26
30,4
22,3
42,16
33,28
49,11
46,16
28,5
8,6
33,3
23,24
50,22
42,3
18,28
9,6
11,29
18,28
41,8
26,17
21,13
19,3
10,23
32,30
19,26
47,28
22,30
30,22
22,9
22,28
5,25
21,8
15,2
47,7
18,2
27,10
0,17
12,28
41,24
39,7
43,5
23,9
17,11
45,3
22,6
23,23
24,6
42,26
36,26
0,24
0,28
43,24
21,1
29,24
36,14
6,13
18,11
21,11
47,5
17,30
41,28
37,21
2,15
29,21
2,28
4,19
10,24
34,13
42,4
11,26
50,30
6,26
16,25
7,13
48,5
26,26
19,9
36,7
32,17
13,23
24,22
45,28
40,2
28,28
47,19
7,22
31,3
32,14
31,14
49,22
35,7
34,19
30,20
0,22
15,18
44,8
29,15
48,19
9,5
31,6
33,24
42,10
49,10
46,22
6,5
37,20
15,27
26,4
38,6
6,9
31,23
22,1
45,11
46,12
10,8
12,4
5,3
41,17
35,21
32,6
5,4
13,20
14,20
47,8
31,16
44,2
30,20
36,6
27,2
43,30
4,14
26,13
34,6
2,1
19,9
36,29
47,9
25,29
7,16
12,8
8,10
26,12
21,10
11,26
49,15
3,23
19,4
11,6
4,9
11,23
49,17
49,28
32,16
11,13
39,7
41,22
36,27
27,2
13,21
7,17
4,19
3,4
16,8
2,14
13,5
8,6
14,22
15,20
24,17
23,22
9,20
11,29
35,23
32,7
10,13
46,3
50,17
43,25
15,20
50,5
30,15
48,22
39,1
17,1
6,5
2,15
3,24
38,26
39,23
27,13
45,24
7,28
24,23
27,18
19,15
37,20
19,22
22,25
33,7
1,19
13,30
50,6
19,1
35,6
42,23
16,20
28,27
34,23
0,20
16,27
32,29
0,9
2,16
7,29
28,6
39,27
31,10
18,11
38,7
48,5
10,22
16,26
50,19
19,22
25,18
29,16
5,1
29,20
19,1
2,23
5,23
42,8
48,10
15,28
15,14
36,1
41,6
16,24
35,19
22,11
24,13
9,22
35,3
20,14
7,8
41,26
37,22
43,28
13,16
24,9
11,25
11,11
37,2
10,2
43,7
48,11
47,10
43,15
43,1
17,14
42,7
27,21
43,15
14,3
0,11
3,8
50,27
5,27
17,23
9,11
21,16
47,8
29,5
4,15
46,27
19,20
42,12
39,11
10,26
15,29
5,21
32,17
29,21
37,20
37,16
4,9
44,29
44,7
14,13
16,29
4,1
4,1
46,28
26,29
30,18
29,10
41,11
45,14
28,21
34,20
27,12
12,11
17,15
47,24
14,27
16,26
20,7
10,5
20,5
35,16
33,9
19,2
15,17
45,21
28,20
10,8
1,22
10,22
18,6
13,7
12,12
24,10
45,14
26,24
1,15
12,14
48,17
46,9
2,25
28,23
12,16
40,25
3,7
41,14
39,13
22,3
40,1
32,26
12,21
36,2
22,28
1,11
47,1
41,21
42,28
20,15
3,9
13,5
36,5
8,28
27,7
33,24
5,18
2,29
50,26
14,7
15,12
18,4
43,22
36,19
28,22
23,11
29,11
33,7
44,4
39,1
46,3
8,9
14,12
3,1
14,8
2,11
27,16
34,5
31,22
31,25
34,30
1,15
34,22
31,20
23,1
17,23
23,12
22,30
2,10
37,3
49,2
29,2
21,8
25,24
44,10
41,26
22,2
27,19
8,29
9,24
14,8
5,2
8,7
39,9
7,17
14,24
34,10
39,28
28,23
44,4
39,4
21,5
0,17
18,6
15,23
13,11
44,10
20,29
43,9
5,18
43,7
2,13
21,18
13,7
31,30
9,20
41,2
4,25
7,28
34,27
19,7
39,3
10,6
25,29
49,7
37,19
35,14
29,27
6,23
36,23
18,30
19,24
12,24
42,5
4,21
32,5
47,20
0,30
27,9
15,9
43,18
3,29
32,4
12,23
43,29
39,1
47,14
35,16
2,25
3,23
24,9
13,13
42,19
11,12
36,12
37,14
25,30
21,24
22,1
30,30
22,24
34,19
27,21
15,19
43,20
46,24
35,14
2,5
37,27
4,29
33,18
23,8
27,16
17,23
31,4
46,25
50,27
40,17
1,16
4,30
38,4
31,22
11,19
43,1
15,15
12,4
33,1
28,9
16,11
16,27
5,15
17,1
17,3
39,5
24,16
17,21
22,22
21,23
39,21
31,4
40,24
31,2
10,12
43,11
21,8
37,25
2,28
22,1
16,9
15,1
24,29
15,20
5,8
41,2
28,21
6,8
1,12
20,29
49,23
31,8
36,12
1,30
49,13
23,12
46,4
32,7
10,4
5,10
35,5
3,19
13,28
28,14
9,28
7,19
6,12
4,15
22,15
45,24
6,2
2,27
31,20
24,26
42,22
45,7
20,27
29,30
13,22
30,19
30,21
17,12
40,7
38,14
14,3
49,11
2,27
41,11
13,1
21,16
12,21
50,28
43,14
35,2
40,15
6,20
39,16
43,20
16,3
46,17
49,21
9,11
26,14
23,15
34,29
31,13
42,24
31,6
22,28
40,5
8,17
17,25
1,27
31,24
33,2
33,2
4,26
20,2
10,4
38,21
1,30
36,1
46,14
39,11
36,13
48,18
31,24
10,28
9,6
3,2
37,13
31,26
22,7
45,21
21,17
34,6
41,21
13,26
33,22
14,19
42,18
26,13
6,12
12,16
14,9
20,19
27,16
11,16
22,8
11,16
12,22
35,15
27,7
30,9
14,2
1,16
38,2
41,19
40,17
9,20
25,2
20,5
14,6
28,5
36,3
16,6
6,11
49,12
7,30
42,24
4,7
30,26
38,4
40,24
5,30
36,23
36,17
35,10
15,30
10,9
4,21
39,12
40,26
35,23
31,14
7,2
35,15
45,5
1,28
40,28
7,10
44,4
23,6
21,29
2,27
