17,11
7,2
10,8
47,19
29,6
4,4
8,25
20,9
12,17
47,14
0,26
28,14
8,14
44,26
15,6
49,23
22,28
47,1
30,17
39,12
41,10
42,18
21,8
32,18
1,25
7,28
32,22
14,29
26,15
9,16
4,13
34,4
37,23
33,1
6,13
11,29
4,28
10,19
10,17
14,27
15,22
9,15
37,24
44,23
39,27
43,14
41,5
6,19
6,14
6,17
13,22
32,5
3,8
25,22
17,30
2,10
18,2
14,15
1,5
33,16
30,2
39,23
35,16
21,7
7,3
11,8
49,24
41,9
38,3
0,4
50,11
37,12
48,30
46,30
28,28
34,27
33,7
10,4
33,17
44,18
33,15
41,12
49,22
7,2
11,18
16,26
17,28
22,22
41,5
20,17
37,12
8,25
8,16
46,14
49,7
49,15
11,18
21,20
43,27
9,7
10,28
24,28
42,18
23,7
16,8
9,10
9,26
3,29
9,26
15,24
26,21
0,9
8,7
3,27
38,12
17,4
28,10
50,10
47,25
6,5
30,26
27,10
5,5
3,2
11,28
27,7
4,12
50,26
19,27
1,21
28,20
31,15
42,19
46,6
23,4
33,14
23,24
21,3
6,1
7,6
32,8
12,13
36,28
7,11
23,1
45,30
3,28
29,23
36,16
13,27
25,12
31,11
27,7
43,2
8,15
23,18
10,14
25,20
11,5
3,1
9,9
50,25
41,2
28,27
24,23
47,1
8,15
40,21
22,29
22,18
30,2
5,19
11,30
31,9
33,29
28,12
39,19
47,1
15,11
50,16
25,18
33,16
44,17
15,2
36,14
16,21
3,4
32,18
30,25
19,2
38,4
45,13
48,23
49,25
11,18
22,11
47,18
25,4
42,17
21,19
27,18
45,22
25,14
13,29
44,30
17,23
9,5
25,16
34,13
37,3
8,5
33,25
44,10
31,5
48,29
46,7
32,19
9,8
35,10
23,6
41,26
24,30
21,26
25,9
30,2
12,16
31,22
37,22
50,6
35,3
45,18
21,14
40,15
41,2
14,9
36,4
40,30
10,8
40,30
20,28
41,8
40,13
44,2
24,5
43,12
31,10
3,9
50,1
1,29
43,12
13,19
20,6
21,28
28,13
46,18
7,23
25,3
3,4
38,10
32,21
42,19
3,22
2,26
37,30
7,18
20,15
47,10
4,16
2,22
31,27
32,4
32,10
39,14
6,28
39,7
28,8
26,3
6,8
35,1
44,28
35,9
24,2
4,8
15,29
5,13
21,4
48,30
2,3
42,4
46,20
18,20
40,7
22,13
2,13
20,12
15,23
37,25
19,26
36,28
32,3
8,21
40,14
0,17
2,5
43,29
1,4
32,4
33,24
15,1
50,17
28,24
50,14
17,18
16,3
24,21
35,7
28,19
36,1
6,20
44,28
25,18
50,30
3,18
3,9
29,27
47,7
43,30
24,17
32,17
1,1
42,22
17,1
35,21
29,7
15,16
10,7
29,21
6,5
10,29
31,28
14,4
18,4
1,6
25,11
12,24
13,19
29,19
32,8
3,21
41,27
11,14
23,1
9,19
23,10
32,16
28,25
6,10
31,27
6,9
31,9
31,9
40,4
36,9
44,15
17,29
48,23
29,24
23,15
3,27
42,29
24,16
47,7
4,8
35,29
5,12
3,5
9,2
3,25
13,11
23,22
29,22
18,6
6,26
22,23
48,21
46,11
2,13
27,2
34,2
16,9
44,29
26,2
21,26
28,22
48,13
42,26
17,20
37,16
35,22
2,29
31,1
11,17
26,12
23,29
22,24
6,25
38,8
34,5
26,2
41,2
39,23
16,18
4,9
34,27
7,21
4,15
36,6
7,28
47,12
49,15
8,25
7,6
26,18
6,25
34,27
22,7
0,27
29,27
42,2
25,4
45,18
46,14
43,17
41,17
0,23
12,3
12,4
13,28
45,2
46,14
40,6
24,21
2,25
41,12
23,4
44,29
33,8
42,23
38,16
32,17
40,27
35,23
4,28
8,11
25,3
46,10
2,21
40,22
26,23
0,8
23,21
43,10
19,26
15,14
34,15
46,13
1,1
6,11
49,2
49,29
35,21
29,25
47,28
24,28
2,12
28,15
35,16
33,22
47,30
48,24
9,30
10,28
19,24
43,10
45,12
13,6
27,3
9,3
41,7
2,5
19,25
12,19
15,26
1,17
50,27
3,2
47,29
46,19
14,29
29,4
7,26
44,23
45,1
35,4
9,21
26,5
15,4
17,3
44,1
0,22
45,12
7,21
14,21
25,25
22,27
36,8
36,2
36,25
4,14
49,6
5,19
19,6
38,23
13,9
8,24
0,22
41,1
50,18
36,29
2,27
29,19
3,21
35,6
37,4
3,7
10,17
41,12
42,3
40,8
24,8
3,8
26,26
31,10
14,15
35,25
9,21
30,6
36,3
32,1
31,18
21,4
31,21
44,25
26,4
12,17
16,15
15,29
5,29
38,21
13,20
4,4
49,6
25,15
34,18
1,22
27,12
1,25
19,12
35,13
40,28
43,9
37,29
4,25
24,9
33,29
43,4
42,6
22,9
4,28
27,17
22,19
12,14
2,30
50,14
4,7
1,30
18,18
0,28
8,3
11,4
38,13
13,24
39,12
43,21
44,22
34,23
8,24
32,2
26,24
7,7
8,16
28,13
17,1
42,14
19,28
50,29
23,24
50,24
22,21
47,9
18,20
32,25
4,11
25,21
14,14
23,4
14,16
40,29
19,3
50,23
43,28
37,17
41,28
49,28
37,1
34,13
34,20
0,4
6,7
48,17
10,16
20,8
4,24
0,29
25,3
27,8
49,28
20,9
25,17
49,29
6,10
32,5
18,7
26,24
19,29
8,25
45,6
50,27
2,21
9,11
50,20
25,28
13,16
0,25
20,23
10,13
29,13
47,25
17,2
27,21
0,16
39,3
16,29
41,9
40,17
7,20
18,30
36,12
24,18
18,7
0,10
1,17
15,18
4,8
50,19
40,7
37,2
41,16
34,16
22,17
21,29
31,15
6,25
34,3
37,19
20,7
50,3
18,11
9,12
26,29
10,28
19,25
7,17
36,16
20,23
35,3
12,25
26,29
13,7
5,7
9,22
30,6
42,7
5,8
32,21
33,6
37,22
41,20
1,10
36,2
46,15
0,25
16,25
1,8
37,15
12,5
11,18
16,27
27,1
16,18
20,27
29,12
33,11
3,8
17,3
41,5
12,23
4,30
21,27
1,3
1,21
25,14
48,22
28,21
10,24
29,9
23,16
8,27
36,26
44,26
8,16
35,28
20,27
11,4
26,19
25,14
20,3
41,8
39,10
13,1
3,6
36,5
36,7
30,8
49,24
2,23
9,18
20,26
5,6
16,19
30,14
48,22
1,7
16,28
50,24
39,27
28,25
17,5
13,26
43,22
20,3
37,10
34,3
22,24
16,3
19,9
36,8
42,15
45,27
23,6
22,16
24,5
44,30
9,3
20,24
29,28
22,1
26,6
4,15
6,8
5,19
11,27
39,16
41,29
44,7
18,7
23,10
13,16
38,2
16,5
3,23
36,28
42,2
3,11
42,9
10,17
39,17
29,6
14,30
5,24
41,1
42,3
12,17
29,26
38,7
20,20
45,15
19,24
6,3
7,6
43,4
48,22
16,30
34,26
32,6
35,30
8,6
48,18
23,18
13,3
15,9
44,20
32,4
37,19
1,5
22,3
15,24
17,14
15,18
11,19
32,14
20,21
47,5
15,22
19,11
41,25
23,17
34,20
32,27
6,27
49,25
20,18
14,4
26,23
0,20
7,7
34,22
23,11
21,30
35,24
44,19
38,21
49,3
44,7
25,1
0,16
4,21
48,5
9,19
45,24
26,9
12,27
38,16
37,11
35,6
16,1
2,30
14,4
4,11
7,22
25,16
6,10
10,7
16,18
14,27
40,4
41,4
28,14
33,7
41,27
46,25
48,9
10,18
40,26
39,7
27,25
50,9
21,15
36,29
25,2
27,27
50,1
22,6
27,9
13,23
38,18
30,2
8,20
3,19
17,11
4,3
4,22
33,12
35,16
41,1
50,11
50,9
0,23
13,27
23,19
3,7
25,2
1,21
11,28
47,22
25,7
14,24
2,21
30,18
21,27
28,2
50,7
8,14
34,21
19,13
14,9
24,1
3,26
34,19
6,12
29,22
28,27
8,19
21,3
15,15
39,7
47,19
28,24
1,26
33,20
20,6
28,25
26,16
17,8
38,21
38,23
28,27
45,2
25,4
27,22
35,30
26,13
50,15
22,4
41,9
39,2
40,2
1,13
12,22
46,12
2,27
37,4
5,5
35,22
48,12
39,6
3,24
29,28
0,17
28,11
23,24
40,26
13,23
5,26
47,14
11,29
4,12
24,3
11,7
50,2
6,11
48,7
25,7
37,16
36,1
50,30
37,14
42,22
28,19
41,10
1,26
48,10
22,5
12,27
14,3
37,1
29,11
38,4
16,6
38,23
45,6
23,16
31,29
43,8
33,29
42,29
1,29
49,10
22,19
4,18
9,3
1,22
8,19
1,11
24,7
2,19
49,27
29,8
48,2
50,5
33,12
1,6
37,13
49,4
2,11
5,28
12,2
9,29
36,24
3,19
25,10
48,25
26,16
10,7
39,1
38,20
7,24
15,10
8,23
24,7
14,4
25,24
34,8
20,26
50,26
17,25
22,24
11,25
37,5
9,8
35,9
9,21
5,21
0,25
16,9
47,28
13,4
30,8
38,17
43,18
4,22
42,29
22,21
32,2
5,12
43,5
2,25
41,2
9,26
27,23
34,27
26,19
37,9
19,15
5,12
24,15
37,3
1,6
16,27
14,20
32,8
30,11
21,27
46,2
42,29
24,12
7,14
45,11
37,21
32,17
29,2
17,5
48,8
6,26
25,20
41,27
40,25
17,3
18,21
27,24
2,23
49,25
34,14
28,15
13,26
1,4
39,16
17,18
44,1
35,17
9,5
10,24
46,28
1,18
12,13
11,16
50,17
47,15
24,9
4,27
19,14
41,22
31,12
21,25
3,29
47,15
6,13
8,22
37,15
31,16
5,7
7,19
35,17
33,22
17,15
4,3
42,6
27,2
30,1
46,3
22,10
15,20
29,1
40,4
48,24
45,18
18,3
43,15
1,10
3,15
23,17
9,1
37,16
18,4
17,19
16,10
6,29
2,16
1,24
22,20
14,15
9,16
37,28
41,10
15,1
26,24
4,20
17,4
15,7
27,25
20,29
26,17
1,30
2,14
21,28
46,28
38,1
48,25
4,5
26,4
31,2
29,28
42,1
3,29
31,3
12,17
33,25
46,2
2,13
20,14
15,28
22,11
25,20
2,27
21,23
45,1
18,17
35,23
20,19
7,5
17,7
23,16
19,16
16,29
42,15
30,17
30,28
16,23
29,24
25,17
36,17
21,2
0,14
10,24
47,19
16,21
13,19
32,1
19,7
23,16
17,28
6,26
6,1
46,8
50,10
43,10
10,12
10,10
50,21
25,27
1,11
5,17
1,6
3,2
43,16
42,1
1,18
29,6
47,24
0,12
14,11
39,21
48,14
12,13
19,26
40,24
17,24
42,9
43,25
1,5
15,8
42,16
41,6
11,22
42,4
34,23
34,11
28,2
10,25
24,3
33,30
20,3
1,11
6,9
38,9
25,15
19,24
34,9
21,28
31,30
37,1
17,26
3,28
0,10
35,18
49,21
8,4
16,14
33,19
11,10
32,16
5,8
18,15
13,15
21,4
20,17
8,14
28,8
22,17
49,30
5,18
13,9
48,1
19,17
45,23
33,6
43,3
39,18
8,19
39,2
3,29
4,23
0,25
36,11
46,1
26,12
44,19
24,1
11,12
31,18
29,15
33,2
34,1
11,18
4,30
29,11
36,14
47,25
6,3
47,24
26,12
31,20
35,16
5,8
49,1
10,23
36,20
33,22
39,28
2,22
37,3
1,12
38,5
18,11
0,3
13,19
32,16
13,20
36,9
24,6
30,22
8,11
41,10
47,13
34,23
3,12
49,18
40,16
5,5
18,21
26,30
42,14
16,2
9,16
48,29
28,13
32,21
2,17
30,28
42,30
50,22
20,19
5,28
23,21
36,14
25,29
1,16
1,9
40,11
6,2
25,4
38,11
6,13
14,20
45,18
9,12
5,21
48,17
36,17
6,22
21,8
5,3
48,29
1,15
15,28
30,6
12,22
4,6
22,1
49,24
22,14
5,25
22,1
41,21
45,30
28,9
15,25
10,23
20,14
28,12
33,15
25,19
17,21
24,25
43,2
12,1
17,25
35,20
28,26
34,17
43,2
47,21
49,30
50,17
16,13
11,4
22,28
35,4
8,2
34,3
30,6
25,2
8,3
3,3
10,16
18,18
0,2
13,4
49,23
35,2
5,23
39,19
6,4
35,11
31,30
26,18
31,12
31,19
28,20
30,22
0,17
42,1
32,8
29,17
8,19
31,1
29,7
22,8
29,6
30,6
29,29
29,15
11,19
25,23
33,26
2,30
40,28
2,20
25,29
13,1
6,13
28,30
43,9
15,27
8,18
2,10
37,10
14,22
19,4
14,20
2,23
8,7
42,1
48,23
35,2
38,29
39,13
4,19
34,18
13,26
37,2
13,16
26,23
29,13
7,28
24,20
48,23
0,20
16,3
19,3
31,19
9,20
4,14
21,9
31,30
1,6
3,7
7,10
42,16
4,3
20,6
50,13
16,1
50,29
25,7
42,22
44,6
47,17
41,22
44,18
26,9
27,23
0,18
11,10
29,5
3,1
30,5
49,3
25,22
40,4
46,28
43,8
40,24
49,6
16,11
41,9
17,10
24,19
50,29
25,7
26,19
6,3
34,1
0,14
5,23
42,4
46,30
5,13
17,26
13,26
6,5
38,17
6,9
41,14
34,10
16,23
32,27
10,23
46,30
5,17
1,21
43,30
23,11
31,22
2,30
6,16
41,8
38,30
29,18
5,5
46,18
6,20
15,13
28,24
48,7
39,1
49,8
41,17
38,10
8,27
3,3
20,26
27,13
31,27
21,26
36,8
13,24
50,29
17,23
34,5
2,2
21,9
36,9
27,20
14,8
36,6
40,21
39,6
20,24
4,9
40,27
29,30
23,23
43,2
6,24
18,16
9,15
46,3
43,3
33,21
26,12
31,23
21,18
8,18
35,10
4,19
2,12
42,3
41,9
26,22
46,25
36,6
41,21
17,21
4,26
36,13
4,1
22,13
36,25
24,20
45,24
8,2
20,2
5,16
2,26
20,30
4,4
36,3
40,20
33,29
23,1
43,28
43,20
13,29
21,15
1,11
0,30
46,25
34,25
33,7
27,27
49,23
8,21
19,8
35,17
6,9
8,23
4,10
23,21
23,21
19,14
40,10
14,9
10,15
15,21
16,28
8,29
13,30
13,26
1,8
33,4
4,3
38,29
18,5
31,2
9,1
45,19
26,9
49,23
25,17
42,16
1,6
23,20
4,10
34,19
37,20
28,27
5,21
23,1
34,21
46,18
40,8
46,15
43,30
24,22
22,11
17,17
41,4
38,6
33,27
30,3
43,30
6,17
49,28
8,20
33,23
44,12
5,22
10,1
31,25
37,7
39,22
28,12
13,15
1,5
48,29
14,3
27,2
18,21
43,12
21,16
23,16
34,25
19,21
16,24
47,9
42,26
13,23
7,5
3,15
17,5
49,17
35,3
44,13
29,28
35,24
15,11
7,1
42,4
46,30
1,19
36,29
37,6
13,19
12,21
11,24
0,16
40,16
36,1
46,7
18,23
40,17
43,25
15,26
25,4
18,28
37,18
48,3
31,13
35,27
13,15
33,20
39,21
39,24
7,30
5,12
31,23
49,8
25,26
36,9
7,22
26,28
26,22
5,16
38,13
25,5
21,24
16,27
20,27
22,27
27,23
1,25
22,27
15,26
9,25
45,19
16,20
6,3
18,17
16,20
17,12
32,26
32,22
39,16
48,12
27,2
0,18
30,4
32,15
28,17
46,15
45,16
38,28
5,25
3,15
18,4
17,11
37,12
28,9
0,25
8,7
44,23
0,7
46,7
22,5
4,8
17,17
12,2
16,21
37,18
29,16
24,17
27,23
39,16
32,2
4,15
24,22
43,12
10,6
48,16
3,25
2,30
21,9
34,24
3,19
36,9
8,15
28,19
46,6
21,2
36,3
16,23
0,17
30,12
38,24
5,16
34,30
23,22
42,14
36,17
9,22
12,21
11,2
48,20
13,8
29,13
32,15
33,15
24,27
2,2
44,8
8,5
17,18
40,28
7,3
28,1
27,9
11,4
35,9
39,13
30,20
5,6
22,28
35,26
3,26
6,15
11,17
49,17
43,8
50,23
31,11
39,12
8,10
26,20
9,11
24,14
19,12
35,6
41,27
9,28
28,22
12,16
10,20
38,6
37,8
0,25
7,10
31,21
37,3
5,21
5,21
5,21
17,23
22,15
30,11
48,13
13,21
11,10
1,10
35,5
32,23
17,25
49,16
30,12
15,6
43,1
43,24
22,28
42,13
2,15
41,5
19,24
32,11
5,5
19,7
47,23
7,6
4,22
30,24
36,19
47,18
18,3
23,1
40,24
24,24
21,1
41,5
48,8
4,22
35,6
21,24
16,24
29,25
39,21
37,28
30,7
0,13
3,29
7,18
34,18
47,7
8,6
28,7
10,9
37,24
43,5
8,15
16,19
21,7
11,27
47,15
42,3
5,24
7,3
16,11
40,23
21,22
32,3
7,11
12,22
22,1
42,16
25,11
28,26
5,12
47,2
31,25
44,29
21,24
28,8
22,3
26,28
41,1
50,29
6,29
7,3
27,4
17,5
22,26
22,8
31,25
43,27
6,16
6,15
12,3
16,15
23,20
47,1
47,8
26,28
46,30
40,6
25,29
23,22
50,19
46,2
4,23
3,12
40,18
29,3
19,25
33,1
37,1
25,30
20,3
47,25
9,18
9,4
46,11
40,15
39,7
2,26
11,9
21,29
27,9
37,25
23,2
46,21
2,20
20,22
33,14
13,30
16,29
7,16
18,17
48,15
11,7
26,30
12,18
43,26
17,27
28,4
34,22
16,29
23,8
44,9
4,30
8,21
21,1
23,9
49,13
26,8
5,17
3,22
2,14
40,4
17,12
40,15
0,11
40,1
16,16
24,5
41,19
16,3
16,2
28,12
29,23
12,30
20,3
28,17
24,25
7,20
30,23
28,4
25,14
3,2
18,9
49,3
23,2
32,2
1,7
9,27
17,15
37,6
48,4
4,1
34,21
38,6
47,6
31,2
43,17
24,24
47,11
44,5
0,22
8,5
1,24
3,10
25,24
50,1
49,14
16,13
28,28
37,25
6,1
34,11
22,14
31,17
34,25
38,19
35,26
43,24
38,18
42,30
42,25
17,19
22,19
26,17
17,2
16,20
7,13
11,30
45,7
7,21
40,9
44,8
7,23
4,2
37,18
42,1
27,17
45,1
4,29
36,16
43,14
44,3
36,27
12,1
26,4
12,21
13,7
25,9
20,9
49,29
49,21
16,20
37,14
2,18
22,2
50,23
14,10
33,9
31,19
4,2
28,2
18,6
45,26
30,18
39,11
45,1
48,15
27,30
34,25
44,26
23,15
2,20
25,22
47,5
14,14
44,28
22,5
0,29
24,15
42,21
11,2
2,16
2,16
49,3
7,28
24,23
9,5
27,5
12,25
38,12
30,2
48,9
0,16
13,20
38,26
14,24
9,26
16,15
32,12
9,16
46,11
4,4
37,28
49,22
11,23
15,14
24,8
10,22
38,22
44,5
28,2
44,29
49,26
39,10
3,22
46,26
36,22
2,14
40,4
20,8
20,18
36,7
10,20
32,23
0,3
28,29
46,24
41,7
40,12
10,27
10,24
12,14
21,27
28,30
2,28
8,17
31,18
32,29
2,6
2,10
33,24
4,2
2,27
47,9
41,10
7,27
50,22
23,29
1,25
49,9
10,9
43,10
4,28
27,28
33,16
42,23
21,4
14,6
32,18
28,14
40,22
41,5
20,3
33,14
34,5
2,12
10,25
22,4
25,22
8,5
38,28
38,28
6,18
31,17
15,27
39,22
42,7
6,20
40,5
38,4
19,12
1,17
2,14
17,15
29,18
3,23
9,14
42,10
44,6
30,28
7,7
3,7
42,29
2,20
40,16
35,5
5,7
16,7
21,28
1,27
0,16
49,27
24,3
27,6
37,17
35,14
41,13
39,22
41,18
33,3
27,2
44,28
20,21
26,4
9,12
23,18
24,28
23,15
6,8
41,11
13,18
41,13
21,4
4,25
11,19
28,13
8,16
42,23
48,17
14,28
13,21
11,20
19,27
16,13
17,23
25,8
29,15
31,27
37,28
13,15
1,24
27,24
19,15
9,5
0,5
32,4
39,8
2,29
23,9
5,16
14,2
48,8
12,16
0,18
14,1
29,14
19,21
15,24
45,29
34,20
42,30
7,16
19,17
44,18
39,1
14,4
5,13
48,6
42,12
20,21
30,11
40,4
3,8
10,13
25,6
4,3
9,22
21,21
42,22
38,16
22,7
37,3
1,30
25,29
29,21
48,28
18,10
42,2
4,20
31,7
15,10
48,13
27,17
49,10
43,9
5,20
39,8
16,30
24,12
20,6
45,5
10,26
29,22
13,12
0,16
47,2
42,11
3,4
37,15
49,27
1,15
10,18
33,11
22,22
6,25
14,3
12,23
0,16
14,5
28,19
16,20
22,8
32,7
43,13
22,15
29,22
43,23
31,29
1,24
31,2
4,18
20,28
19,14
40,12
20,30
7,10
14,24
4,29
39,17
5,12
10,4
11,3
38,4
44,5
43,21
37,25
10,3
9,17
30,9
11,28
20,9
4,21
16,12
49,4
32,22
9,10
48,12
15,7
6,24
15,8
12,18
25,26
5,10
0,21
33,11
47,13
29,20
0,14
22,5
41,17
37,23
5,17
7,15
17,24
3,6
20,14
44,3
34,2
47,8
14,2
35,14
50,6
15,17
27,3
1,18
33,3
6,7
34,19
7,22
40,21
42,18
46,16
42,5
20,18
15,25
49,15
28,23
6,8
16,5
35,9
3,5
25,3
27,11
34,27
34,25
39,10
18,29
22,30
39,4
15,14
42,11
13,26
0,21
7,28
25,25
0,8
9,9
12,17
9,23
21,30
26,7
40,12
7,14
16,25
35,8
48,6
2,26
50,4
40,29
29,27
28,22
25,7
12,26
25,9
33,11
18,27
4,24
18,13
13,1
42,25
23,18
2,7
25,28
12,7
10,14
37,5
42,16
33,23
35,20
28,29
2,9
46,27
28,14
26,17
37,26
33,7
5,19
14,26
2,29
5,15
36,2
15,28
32,17
24,8
16,3
25,21
14,24
28,6
36,28
26,23
9,19
40,20
7,25
11,8
32,26
34,16
46,12
14,24
6,23
31,4
14,15
32,8
20,7
10,16
11,21
30,18
48,5
42,15
46,7
0,16
16,27
22,2
32,28
33,17
28,17
7,12
40,11
6,30
36,12
22,19
6,3
10,1
38,9
48,12
32,24
40,25
30,22
13,7
44,5
4,15
43,16
41,12
33,3
28,4
45,16
0,10
26,21
4,26
36,10
39,22
32,5
21,23
27,3
31,10
38,7
16,4
15,5
43,29
1,15
30,3
16,8
26,4
38,9
40,15
39,3
16,16
27,27
44,21
14,17
1,20
13,22
20,3
13,1
41,25
29,30
34,19
14,13
29,30
38,10
46,14
18,8
24,16
36,11
49,15
10,13
42,14
20,10
40,10
4,29
18,16
39,11
3,9
45,19
50,5
39,6
41,25
28,19
3,9
43,26
11,10
27,12
26,29
14,2
21,29
10,29
9,10
13,14
50,9
9,5
32,12
15,26
24,10
28,2
50,22
29,14
33,5
33,17
49,30
46,7
32,14
34,13
26,16
50,20
12,3
25,15
25,16
15,28
16,12
42,12
6,25
48,15
21,1
23,2
4,23
23,15
48,16
44,16
16,27
11,17
14,10
47,22
45,14
13,12
47,28
13,12
15,13
8,12
22,27
22,26
38,22
7,4
14,24
38,17
39,14
39,30
4,29
49,25
15,16
37,27
19,23
21,3
0,30
43,19
50,9
23,13
35,12
18,10
35,30
28,30
22,18
50,21
44,27
4,5
34,13
10,3
5,26
13,30
6,21
29,26
18,16
24,10
29,4
0,17
43,26
12,28
13,4
23,9
8,11
23,14
44,13
36,23
33,10
21,21
27,17
8,21
49,23
27,13
5,12
46,30
40,11
16,24
47,11
49,21
42,10
8,3
25,26
1,18
16,13
16,25
13,26
18,23
45,26
24,8
26,3
13,7
20,24
39,14
18,6
49,14
33,2
32,2
23,22
6,2
37,24
29,27
45,6
25,27
49,13
41,13
4,29
44,13
39,6
32,22
43,6
28,19
42,12
15,28
37,20
45,25
13,16
45,8
40,30
40,26
29,29
36,20
13,5
4,25
4,7
0,23
41,28
35,16
44,30
3,29
26,8
28,18
22,21
15,7
45,8
37,21
6,5
21,4
24,23
1,18
30,27
22,7
1,20
41,14
28,24
16,28
24,27
10,19
12,10
19,7
39,6
42,19
39,26
47,2
19,28
18,15
28,15
14,26
33,22
13,1
40,6
49,13
37,27
45,8
21,10
3,9
33,26
49,2
41,11
43,10
0,11
38,26
27,18
32,14
36,27
50,10
8,5
13,13
11,5
21,28
2,2
1,27
3,6
35,2
4,11
27,9
33,22
36,11
38,25
16,8
43,21
30,28
34,15
43,13
41,23
8,18
49,17
27,8
28,18
8,1
11,14
5,18
1,4
41,14
18,19
28,26
49,16
33,19
27,24
2,6
0,16
25,17
14,19
0,3
34,14
50,30
25,6
12,28
10,19
31,13
44,13
34,29
7,26
10,20
26,7
33,18
40,28
13,26
21,20
21,18
1,7
37,14
0,25
40,1
42,15
7,1
6,4
0,9
7,17
46,24
44,15
32,6
35,25
29,5
25,27
43,28
9,14
44,28
45,21
35,25
0,21
46,1
26,20
5,1
16,9
24,23
3,14
13,4
13,11
4,6
47,18
44,30
17,14
19,20
28,21
28,1
20,24
36,3
21,6
23,10
1,8
8,19
48,21
18,28
24,26
26,12
47,14
47,11
25,22
6,19
8,25
40,3
41,11
1,20
42,10
31,24
28,29
48,2
45,24
34,21
34,30
39,22
45,23
30,5
24,19
30,14
44,27
34,8
39,29
10,6
38,24
15,13
49,24
37,9
23,23
50,8
42,20
29,30
25,18
38,12
2,24
46,24
27,5
9,7
34,17
18,28
46,25
3,22
0,15
4,13
17,29
40,29
36,13
47,10
32,25
22,7
4,30
48,7
40,25
46,25
6,16
28,29
11,22
2,6
22,2
24,23
18,17
13,6
36,24
12,28
12,25
47,28
36,6
27,17
34,14
49,9
8,1
28,2
12,11
13,4
7,21
26,14
4,21
41,1
17,26
5,12
0,9
46,14
10,3
3,15
24,14
11,13
23,20
1,24
29,26
27,8
0,28
35,8
50,12
14,11
15,2
7,26
30,6
47,3
32,20
40,26
42,8
12,15
23,9
9,5
7,26
4,20
31,17
29,7
47,23
36,12
15,20
17,12
44,8
33,26
28,7
28,10
48,15
42,24
47,15
7,1
36,21
10,7
7,19
0,27
29,6
17,16
33,10
48,29
21,21
8,9
27,18
13,22
44,2
37,23
40,11
46,2
29,16
5,24
2,22
9,1
2,30
8,26
8,1
17,2
47,1
50,14
44,11
16,2
40,25
29,20
25,26
4,6
29,29
22,17
48,13
22,1
21,2
50,20
0,17
48,29
43,13
19,5
8,13
46,28
37,8
23,17
35,16
12,19
9,1
7,19
18,9
24,9
7,6
3,7
8,12
23,4
50,22
11,7
10,9
31,27
2,27
28,7
25,1
47,24
28,1
30,19
27,24
39,12
23,21
8,11
38,26
45,29
25,2
8,29
44,25
31,2
43,2
9,13
24,11
16,22
32,3
28,4
6,15
3,21
3,24
5,28
4,6
42,27
12,20
10,20
48,4
8,7
44,25
4,28
34,8
11,20
46,5
15,8
41,2
16,17
2,21
8,1
10,14
12,29
47,8
22,14
35,12
35,13
15,22
22,22
32,26
29,15
24,22
44,6
13,25
2,21
24,20
43,7
49,21
36,28
30,30
16,5
36,5
44,12
28,9
23,14
4,12
37,6
41,24
30,5
18,18
36,27
12,20
11,20
38,9
16,9
15,7
29,6
26,22
4,7
48,7
32,16
27,18
11,1
21,15
24,29
31,19
16,2
16,24
28,19
50,13
14,9
37,25
11,2
20,6
4,2
41,30
44,17
37,8
41,9
31,2
36,16
0,26
31,17
7,26
30,13
17,14
14,20
19,22
32,23
43,7
10,22
23,17
20,17
5,29
43,18
32,1
5,22
43,12
14,2
13,30
40,3
20,23
33,18
2,3
33,25
12,20
13,19
42,15
31,30
9,10
23,19
15,25
9,6
7,30
27,8
3,29
20,6
16,10
5,10
32,6
41,7
41,7
17,22
40,30
30,27
16,29
1,11
44,14
8,11
43,24
8,25
16,14
23,4
41,4
43,9
22,13
38,10
33,11
39,9
32,14
40,13
33,2
8,7
24,12
31,9
28,2
13,19
22,1
11,27
45,28
9,17
33,20
31,18
46,4
38,3
49,10
40,6
15,1
11,2
25,29
30,9
17,22
9,26
17,26
12,8
10,23
10,27
33,4
25,12
38,13
7,14
8,7
23,3
14,12
20,12
5,17
37,5
5,18
16,29
47,26
17,21
46,25
44,12
24,24
45,7
21,18
46,16
3,17
5,14
23,28
34,20
41,21
21,5
40,11
49,3
6,27
23,23
30,8
0,29
31,5
4,5
14,28
29,7
35,7
1,8
43,4
2,21
50,12
5,3
28,8
36,29
22,13
5,14
21,4
4,27
27,18
15,16
17,24
5,12
27,7
27,15
0,20
21,11
50,30
10,24
29,9
29,20
18,4
25,27
43,18
17,7
29,28
35,7
19,27
42,11
36,4
9,2
42,15
20,24
23,17
26,16
50,21
30,2
13,6
33,30
49,20
48,16
23,9
4,5
14,24
16,6
12,18
26,29
8,1
48,22
13,30
21,29
39,24
27,5
35,12
41,1
4,15
25,15
49,4
7,22
5,18
41,26
28,2
27,17
43,13
50,2
26,3
5,13
39,13
40,4
14,16
30,26
12,23
3,13
20,7
28,16
7,18
21,28
0,9
22,14
18,14
39,7
39,3
43,1
15,8
9,4
11,24
41,17
33,19
49,2
33,11
31,15
15,29
15,25
3,3
24,17
31,11
6,7
4,29
31,18
37,7
34,16
0,14
38,16
39,12
19,9
16,16
47,29
11,6
34,9
40,28
20,7
50,7
40,4
35,19
29,26
9,3
43,10
4,11
24,5
19,21
25,8
40,5
15,24
19,14
9,6
8,12
7,14
44,27
28,22
26,17
39,23
2,25
23,15
42,22
23,23
32,23
35,22
26,10
27,17
30,23
25,22
10,13
34,9
45,18
3,28
26,3
15,21
6,18
17,26
50,6
46,20
0,22
47,21
32,7
7,18
14,12
32,15
13,4
18,10
41,30
47,2
49,27
0,2
8,12
41,28
14,13
38,27
23,17
26,18
29,7
29,15
23,8
17,1
30,9
49,23
35,18
31,29
27,24
3,19
24,6
43,13
18,2
29,21
23,12
25,17
3,4
6,9
43,5
47,20
39,16
16,29
4,29
24,30
39,10
30,11
30,29
36,7
49,25
28,10
36,29
25,2
28,9
1,10
34,25
17,7
33,7
34,21
43,13
29,12
20,21
34,28
26,13
45,29
24,15
40,5
43,6
39,4
47,16
3,13
37,25
21,7
30,19
2,30
9,7
5,12
22,15
19,10
5,3
43,13
27,17
40,16
19,30
31,29
27,1
38,21
34,6
22,10
16,10
49,26
39,18
45,8
18,20
11,22
8,1
47,4
13,1
39,24
30,22
22,24
38,29
32,12
3,22
45,10
5,9
41,12
24,1
31,23
14,10
13,27
42,27
39,14
4,26
25,3
32,5
46,26
44,11
45,11
41,21
37,23
37,14
8,28
29,7
3,17
46,8
44,6
2,26
27,10
5,16
47,1
30,23
11,20
28,2
31,29
47,29
14,20
32,10
35,23
45,7
29,30
14,4
48,9
27,2
41,16
23,6
2,22
43,17
38,23
16,5
33,21
47,14
19,5
20,21
41,10
39,13
30,19
36,22
22,30
14,22
12,2
16,14
35,3
20,19
50,1
7,28
17,12
36,21
11,14
8,16
16,28
34,11
2,18
49,15
15,29
1,24
0,28
8,30
45,2
38,16
35,18
16,12
22,7
37,3
20,17
12,16
49,7
23,8
50,6
4,27
30,10
25,4
5,21
46,4
16,27
50,7
15,26
24,28
23,20
5,6
41,24
0,15
5,16
21,19
25,7
37,24
14,11
2,17
11,1
24,12
5,1
0,23
2,27
14,11
42,28
47,17
6,23
25,11
29,2
50,9
15,8
12,22
21,16
29,17
32,7
39,8
9,25
7,26
44,28
38,1
31,24
16,26
47,29
39,25
35,5
35,14
10,9
46,13
36,22
5,26
29,21
16,2
35,15
17,2
1,18
41,3
50,17
15,22
4,16
32,13
8,8
2,24
16,27
9,19
10,15
42,21
8,7
44,26
31,14
11,28
36,7
30,23
0,26
20,24
43,28
7,21
27,22
42,6
6,22
13,28
12,23
33,30
23,24
41,5
11,16
42,8
42,15
37,2
10,2
42,7
42,28
35,4
42,14
15,15
48,6
40,4
15,1
22,13
21,10
36,13
45,23
34,14
45,20
44,8
18,21
33,23
39,24
44,24
0,18
49,26
17,21
16,17
19,17
50,21
4,6
48,14
34,19
14,21
28,11
2,26
12,19
27,23
1,10
12,1
31,2
9,14
48,15
16,21
29,12
35,25
9,24
45,4
40,21
18,8
8,18
43,18
3,24
49,21
18,15
26,13
35,26
0,20
19,28
9,27
9,20
45,29
6,12
24,1
22,16
49,7
8,23
10,17
28,7
0,28
3,22
34,22
12,21
19,8
32,12
12,3
19,28
0,2
49,28
27,22
26,19
3,19
2,18
46,27
31,18
47,5
33,22
25,7
3,26
28,6
34,13
30,3
17,20
40,20
11,17
25,20
26,17
24,28
16,5
0,14
16,22
34,21
42,5
26,28
12,30
24,2
26,28
7,6
36,13
6,3
28,9
20,21
39,23
28,18
26,17
38,6
18,1
29,27
47,25
13,18
20,17
40,28
32,12
30,16
22,5
12,4
2,5
26,22
44,18
11,17
46,14
10,15
39,19
16,2
25,26
26,25
47,26
11,4
2,16
34,30
6,14
31,20
10,10
45,10
12,4
18,3
16,18
7,17
9,5
23,4
14,5
6,26
34,30
25,2
16,16
31,23
7,29
40,27
24,20
2,28
22,11
48,18
20,30
17,27
20,10
18,10
22,17
38,15
35,19
48,20
28,17
15,30
37,19
43,20
49,24
47,15
35,5
2,10
25,6
9,14
8,15
0,22
29,16
17,11
50,6
3,4
33,17
7,18
7,17
3,24
50,7
50,11
46,28
7,18
11,13
14,20
45,30
24,8
11,10
26,12
19,9
16,18
28,4
0,21
45,19
46,27
44,22
8,2
28,3
38,27
13,9
10,9
14,3
23,4
24,20
31,18
46,24
25,14
2,20
19,16
36,21
39,15
16,25
30,1
48,4
34,22
31,11
32,2
14,14
27,11
3,21
42,13
22,28
29,7
40,20
11,21
40,17
47,29
32,20
16,25
29,1
20,18
38,22
45,1
6,10
30,23
14,10
34,26
37,21
23,13
11,13
42,18
2,3
14,6
22,26
45,28
7,12
7,10
32,17
1,18
30,26
42,12
1,5
16,20
20,13
42,4
36,3
38,18
5,20
23,8
26,26
27,4
31,19
19,10
10,24
31,8
27,30
0,16
5,14
17,7
26,6
13,12
45,8
46,25
15,5
27,14
46,1
28,27
6,27
11,25
19,3
14,2
17,23
48,30
8,16
28,7
35,2
39,28
27,28
49,28
34,22
33,4
33,29
49,2
25,25
40,10
7,10
9,5
39,23
4,26
48,5
41,7
7,5
48,28
41,27
43,23
50,27
17,29
11,4
7,24
23,4
24,9
45,25
29,19
5,25
29,20
11,29
17,9
26,18
49,1
32,7
3,3
29,1
5,26
1,22
23,17
10,13
23,5
27,11
20,10
33,21
15,6
20,4
27,24
30,25
4,17
3,8
50,16
25,12
47,21
13,16
41,5
13,6
33,26
37,30
29,8
39,2
25,4
30,4
6,9
5,20
39,11
46,3
2,30
42,1
32,30
44,4
30,26
1,29
40,28
34,21
32,10
27,27
20,14
13,18
15,3
11,4
32,2
6,2
22,15
0,26
44,15
1,13
20,7
41,27
9,14
44,8
26,13
36,8
13,16
38,29
30,29
39,25
5,30
4,14
34,9
46,24
45,20
15,5
15,20
37,23
6,25
23,13
38,8
50,5
44,4
10,10
48,5
33,15
40,3
39,23
2,20
7,13
49,7
19,18
39,8
2,28
42,17
47,27
17,10
18,2
31,8
1,9
38,21
15,10
6,10
11,4
19,17
3,27
21,15
25,19
40,19
12,22
22,29
41,22
21,5
1,21
43,2
1,14
49,6
2,6
17,26
9,26
18,3
21,11
34,22
2,9
12,10
27,27
4,15
44,1
7,28
1,6
4,30
10,15
40,15
42,7
9,28
4,13
34,19
34,10
30,5
8,30
44,20
37,15
39,25
26,27
28,17
14,23
25,4
42,24
29,11
38,15
50,13
5,20
50,9
18,4
25,7
28,22
0,8
48,24
33,9
31,8
40,2
33,26
14,22
7,24
33,25
15,19
3,22
7,30
21,28
49,20
50,6
20,25
1,3
28,27
2,30
35,11
11,21
42,9
5,19
0,2
20,9
5,6
18,10
24,10
37,26
0,2
31,28
7,12
33,10
8,28
5,3
47,27
28,6
20,13
9,20
33,15
20,10
1,12
17,22
11,23
34,26
40,5
8,24
29,7
2,10
34,26
34,16
20,21
47,4
48,1
8,12
22,20
8,30
20,4
48,8
9,19
37,1
31,9
32,29
2,4
27,18
39,9
12,24
40,5
29,15
12,27
22,14
20,17
44,2
22,19
27,15
27,13
34,30
40,11
36,10
23,3
11,10
13,4
7,24
31,4
34,26
50,16
11,2
8,12
44,9
49,18
26,28
41,9
45,14
45,3
23,21
16,13
6,29
23,18
15,21
38,10
7,30
49,9
29,3
14,4
22,25
48,9
16,8
41,26
43,26
22,8
8,24
4,3
17,14
47,2
21,18
1,17
37,28
7,18
22,14
49,24
4,30
42,18
31,25
28,10
20,11
30,20
6,19
30,30
37,16
6,22
36,23
11,13
2,6
34,12
29,25
32,18
47,9
48,30
20,24
25,10
41,21
5,30
28,29
46,14
46,5
50,13
49,11
41,1
2,10
29,26
33,17
21,9
32,30
22,24
13,21
42,29
36,7
24,29
23,19
35,13
2,17
0,27
2,12
12,9
29,13
47,23
4,6
8,24
8,9
14,4
39,30
10,30
43,22
36,21
2,12
17,22
14,2
37,28
10,5
4,25
4,17
9,23
21,17
10,22
47,30
4,1
50,10
48,20
0,22
46,9
39,18
25,11
19,7
34,2
17,8
39,12
17,12
40,30
6,8
14,28
41,27
9,17
14,1
42,27
26,30
17,6
12,7
14,5
30,4
27,4
32,26
33,10
40,20
24,25
15,25
34,22
10,2
32,24
12,29
0,26
46,26
49,30
13,8
4,28
12,18
2,24
13,6
38,9
28,4
49,7
45,3
48,4
7,4
38,20
35,12
46,5
30,9
18,15
30,26
37,15
14,4
48,30
13,28
18,7
20,1
38,3
42,3
6,6
15,22
49,27
16,10
20,27
30,1
33,17
34,12
28,23
1,6
29,27
11,28
3,24
39,25
10,20
27,20
36,19
35,30
37,15
49,4
17,9
49,14
2,30
43,18
18,29
35,14
16,9
18,14
50,7
36,30
14,11
25,27
46,26
35,23
1,13
13,25
15,20
33,27
11,12
49,16
4,3
30,28
26,21
29,25
31,8
34,19
50,16
7,2
10,28
8,28
24,30
22,8
11,1
31,3
2,20
30,14
30,15
2,19
3,21
46,27
16,10
4,1
1,23
11,3
16,9
25,8
6,3
30,3
28,8
42,27
1,25
43,17
38,27
39,23
48,25
35,3
40,15
21,8
29,1
13,22
31,3
31,10
36,18
26,25
27,17
48,19
34,19
9,11
12,15
33,9
18,21
34,2
22,20
33,16
24,20
13,26
17,26
7,13
9,15
33,13
6,2
36,24
28,7
34,8
11,9
15,11
41,24
47,9
1,9
22,21
8,12
31,10
22,19
28,5
24,11
8,11
20,11
44,23
29,7
8,16
48,28
11,3
15,20
11,24
16,2
6,30
22,24
31,15
14,22
40,30
2,12
14,15
38,8
11,11
36,7
14,4
9,5
4,9
25,30
44,16
6,14
25,19
17,8
7,2
38,11
28,29
12,20
38,19
0,3
23,5
49,12
45,20
15,25
34,5
10,26
5,27
15,26
30,26
47,14
20,15
45,12
26,27
48,8
39,17
30,21
28,4
11,12
17,23
14,18
41,2
12,19
2,5
39,16
1,21
17,25
45,14
2,21
49,23
8,15
25,17
4,29
0,16
1,26
10,16
26,15
41,21
17,23
2,27
26,15
6,7
7,6
41,17
12,20
35,28
33,21
5,25
21,19
50,23
19,16
3,1
34,19
44,8
39,17
13,16
34,6
13,16
45,13
13,20
36,13
37,5
34,22
41,12
27,15
25,18
27,14
43,17
50,29
13,6
3,26
9,27
15,19
50,11
6,16
43,10
12,23
21,12
30,24
50,11
17,9
30,29
39,19
16,11
34,15
35,23
8,22
19,18
18,20
6,17
18,13
47,27
20,7
32,5
10,14
43,24
7,12
1,28
29,4
8,29
31,14
15,13
7,27
43,20
0,23
41,21
38,6
23,20
12,24
20,16
11,18
17,7
18,25
1,11
28,29
38,17
37,12
38,22
26,10
27,6
30,9
16,6
4,23
14,24
31,5
26,10
2,14
31,15
12,12
4,28
1,13
12,5
29,10
48,9
29,5
0,27
18,9
28,17
47,11
26,4
19,14
15,24
35,22
46,6
20,9
38,29
23,13
13,1
4,26
29,5
26,28
35,23
35,24
15,23
17,18
15,19
24,1
38,11
29,1
41,21
12,14
37,18
26,25
37,29
29,29
43,11
41,7
35,14
3,15
41,14
1,16
50,22
49,26
32,27
41,25
17,30
16,16
15,14
13,16
17,20
25,18
42,14
25,29
34,8
13,16
18,10
8,17
41,7
26,10
39,18
48,1
13,6
12,17
9,24
17,22
19,4
12,28
22,30
18,15
11,24
49,4
27,19
26,22
14,11
43,10
8,15
0,20
3,13
17,29
8,17
20,10
24,3
26,15
0,3
11,29
0,29
31,5
33,22
40,22
6,11
19,18
31,10
19,23
3,10
46,19
43,9
26,13
49,3
18,23
20,5
35,5
16,26
9,24
29,11
29,29
6,20
37,12
32,12
23,22
39,14
8,8
28,15
27,22
26,17
28,14
15,5
11,19
1,7
9,21
41,25
20,2
34,23
35,10
36,30
41,10
0,13
47,10
40,5
40,7
44,5
39,5
40,5
49,28
47,4
50,22
37,24
43,30
17,12
30,1
28,9
18,8
45,27
19,4
9,25
37,9
45,4
14,28
32,19
30,12
21,23
40,2
14,3
8,13
44,25
21,27
10,29
10,7
4,12
22,11
18,10
43,19
42,12
14,9
0,19
25,27
37,16
41,16
39,23
6,11
38,15
38,16
26,29
18,26
27,17
28,30
28,22
44,29
8,5
27,3
46,6
18,26
30,1
26,29
32,8
7,28
39,20
50,17
38,26
16,9
41,17
1,13
18,26
38,29
19,24
20,30
23,30
40,9
49,13
20,24
0,20
40,4
50,23
33,24
10,5
27,16
47,17
47,26
38,26
37,19
4,1
24,25
35,6
21,26
31,29
21,25
36,14
14,12
16,29
12,10
2,1
43,8
5,10
35,26
14,18
38,23
9,6
3,27
34,16
48,10
1,5
11,1
37,8
37,15
19,28
41,17
20,14
3,28
35,19
33,22
14,28
13,5
39,16
17,2
46,20
36,16
6,18
7,24
47,15
5,3
28,16
4,5
27,27
17,21
44,22
44,25
10,6
38,2
15,11
46,13
16,6
48,29
35,9
24,29
4,9
41,17
7,27
41,16
3,25
7,21
24,7
40,23
48,11
7,8
36,3
32,5
33,27
6,30
43,11
31,25
34,23
41,18
37,8
33,8
41,20
37,30
15,4
39,13
3,20
27,6
38,26
50,29
37,18
35,2
1,6
20,19
10,4
20,2
35,21
9,6
22,24
14,26
12,9
5,10
23,12
11,2
2,26
36,4
34,7
8,27
9,21
50,5
21,4
37,13
2,16
41,10
40,5
16,26
3,10
22,9
30,2
21,15
41,27
48,23
9,24
39,1
15,16
15,25
21,10
39,3
24,13
0,29
5,12
20,15
46,6
9,30
18,12
24,29
1,22
30,13
13,30
42,26
0,15
24,20
8,1
38,24
39,16
12,28
42,26
0,13
33,8
44,6
34,15
28,24
7,12
25,1
48,21
50,2
38,22
10,1
10,15
9,28
28,25
5,8
28,30
45,14
48,5
38,10
19,5
6,21
23,17
50,27
46,27
8,14
42,6
47,13
17,15
11,11
50,14
36,21
25,6
1,4
40,11
21,10
9,11
21,4
50,17
45,27
26,6
3,21
46,22
12,6
43,4
39,25
32,7
5,26
0,23
11,27
46,16
5,21
24,16
37,23
1,25
14,3
12,7
24,26
35,6
23,25
45,23
42,16
14,26
38,25
9,14
38,20
14,11
23,21
12,3
15,17
43,8
44,2
4,21
37,2
1,19
34,26
12,27
28,26
9,15
44,4
42,27
33,14
31,20
20,22
0,10
42,17
4,21
44,30
28,14
15,19
14,8
27,2
18,10
33,19
46,7
34,10
47,25
35,7
43,25
15,7
2,26
38,6
9,16
27,26
13,18
17,8
37,19
36,16
26,21
33,3
35,20
8,15
37,8
14,17
50,23
27,28
43,27
28,10
26,13
30,4
21,8
46,26
34,17
22,21
0,30
36,9
1,12
23,25
47,9
12,22
46,24
12,23
6,17
14,30
20,13
38,8
4,17
8,21
35,13
7,14
0,6
46,30
32,21
19,21
7,30
36,24
5,8
16,5
2,27
15,16
29,26
37,6
46,25
31,28
31,29
3,4
43,8
32,17
7,24
14,20
39,11
15,17
45,1
41,4
12,25
27,6
15,22
43,18
44,22
33,25
45,15
0,14
28,18
19,11
32,17
27,2
14,18
20,24
35,28
5,5
31,21
33,21
10,1
27,7
31,30
1,12
0,11
10,13
19,8
20,23
3,25
13,7
8,1
44,16
7,3
46,28
14,8
2,12
8,24
44,29
5,27
18,27
18,21
11,4
12,21
39,20
18,22
50,2
3,13
3,17
12,28
4,22
29,6
28,26
36,10
50,28
14,26
21,9
18,6
10,3
26,11
32,5
5,5
37,30
3,9
29,4
16,23
15,1
4,15
30,14
38,15
2,24
27,21
10,8
2,9
6,22
31,20
29,23
2,30
45,13
31,4
0,10
12,10
4,17
10,16
48,2
22,13
14,14
1,3
10,16
24,12
34,26
15,12
14,11
32,25
14,2
29,30
12,10
19,27
25,20
32,21
46,22
34,16
42,13
7,15
24,16
30,26
23,25
17,17
40,16
21,18
23,23
23,17
11,5
2,7
38,21
48,25
21,24
49,7
42,21
34,5
40,24
15,7
30,16
50,22
31,6
33,12
0,5
5,13
17,28
13,10
40,24
9,23
21,14
31,5
39,5
11,24
18,27
42,6
29,11
49,6
42,9
0,15
12,24
3,15
33,13
35,4
50,23
38,28
34,10
30,5
44,17
42,8
43,6
26,13
22,25
43,23
39,13
39,26
38,16
8,15
50,25
16,1
16,9
9,27
3,1
35,22
2,22
25,11
29,9
50,29
10,5
31,10
35,19
27,13
7,22
21,19
43,22
23,3
36,28
3,2
25,13
6,30
31,26
25,15
45,1
31,21
10,24
23,21
33,2
18,6
38,15
41,18
13,22
34,5
8,1
16,16
27,28
45,12
35,2
9,19
34,9
39,18
2,8
1,7
30,2
18,19
41,16
6,1
20,7
49,15
9,16
48,6
36,24
41,19
40,19
20,14
11,18
5,4
15,30
15,2
6,29
6,13
46,22
9,18
18,25
21,6
9,7
19,22
49,12
39,20
35,24
25,15
46,1
23,7
30,8
33,14
26,26
0,30
1,6
10,8
44,27
45,19
36,2
49,18
48,7
33,11
49,21
28,24
13,23
1,22
2,20
9,28
1,19
38,15
50,5
21,2
24,25
10,24
37,25
49,9
35,20
15,22
38,4
21,13
2,20
30,26
45,9
11,11
29,12
24,17
0,24
48,14
20,28
50,24
44,13
32,3
22,5
16,11
35,28
31,28
3,18
46,27
13,29
35,20
15,25
45,30
2,4
16,9
31,29
0,18
27,4
26,22
20,20
27,15
30,25
6,13
6,30
13,26
13,29
48,28
40,29
24,9
45,28
36,14
47,6
15,1
29,10
30,9
15,23
27,8
29,17
27,5
26,5
36,13
39,18
38,28
32,1
50,1
13,21
48,26
15,28
38,30
23,12
10,10
47,20
16,28
45,10
26,15
0,11
0,6
26,4
46,1
21,18
50,30
34,3
35,4
0,12
32,26
3,1
8,24
15,3
23,26
28,30
44,6
7,23
10,6
14,13
18,12
9,15
29,15
6,14
28,1
17,14
42,21
24,18
3,24
23,6
4,16
15,7
10,14
46,28
3,30
30,18
10,14
17,2
48,10
29,8
42,17
27,9
44,2
5,22
21,23
26,3
31,19
7,25
12,20
26,27
44,11
29,5
39,19
38,20
42,29
30,15
48,30
6,29
9,14
24,26
8,30
4,2
12,28
30,3
29,11
11,12
11,1
23,13
44,23
30,16
5,2
3,10
43,3
21,30
21,2
13,12
27,14
10,30
11,28
5,19
50,11
14,2
33,20
36,10
25,26
25,1
44,22
24,4
43,22
25,22
38,18
34,19
3,26
33,28
35,19
26,7
49,20
13,6
24,13
2,12
34,15
22,30
31,28
35,18
31,18
49,3
22,1
15,16
6,24
23,19
2,19
26,24
45,16
33,10
47,20
24,26
27,29
15,5
21,25
48,6
34,7
45,2
40,16
21,26
47,20
5,22
46,8
17,3
26,26
31,14
2,12
16,22
8,10
28,15
16,25
22,4
49,3
44,21
45,24
16,13
3,12
2,7
23,8
2,27
14,6
14,1
17,14
49,15
25,29
15,14
35,22
21,10
38,10
10,17
42,8
6,29
18,4
5,1
27,2
3,21
35,14
46,30
15,3
11,11
22,24
28,8
32,28
3,1
44,26
35,18
4,10
20,30
1,4
26,10
19,13
12,13
15,24
6,26
1,23
15,30
28,4
15,2
43,28
17,23
10,18
39,28
47,12
5,13
9,8
7,14
45,23
36,2
44,26
40,11
4,10
34,1
45,22
29,23
40,4
19,6
48,14
4,30
5,3
17,20
27,9
0,5
29,29
12,6
4,12
9,9
14,17
38,10
31,22
11,7
43,14
40,30
35,22
21,1
36,4
15,18
28,30
18,30
23,6
26,28
37,2
17,28
19,4
2,7
45,7
47,22
49,5
4,16
42,23
14,2
24,29
44,30
27,8
18,14
25,20
3,12
47,16
6,2
4,14
14,15
41,18
39,18
4,28
34,21
7,5
29,15
16,17
9,24
5,14
29,1
4,26
50,9
21,15
14,14
10,30
34,28
23,16
18,1
42,21
22,19
3,3
48,7
24,17
2,23
21,20
17,26
25,3
3,18
42,26
17,16
19,5
7,22
38,23
42,22
46,22
13,28
15,4
50,30
3,4
13,12
33,13
42,5
33,1
50,11
25,13
44,1
43,16
3,11
19,5
50,10
45,28
48,24
5,14
49,12
7,18
11,5
37,5
7,26
48,15
29,1
37,27
20,15
27,27
7,9
48,26
8,20
34,28
47,3
35,23
20,3
5,13
16,15
43,29
40,16
7,10
3,17
18,5
43,6
50,11
44,16
50,6
7,7
0,22
43,19
41,22
27,21
35,27
41,10
14,23
42,17
10,25
12,21
10,16
1,28
11,15
35,9
22,10
14,3
3,7
30,8
2,10
13,21
40,20
23,8
24,14
28,26
17,11
2,9
24,14
35,5
27,8
49,25
22,20
20,30
24,27
36,23
44,7
4,8
49,14
31,25
1,6
4,14
10,12
39,5
33,15
43,11
3,15
27,7
32,29
39,27
15,16
42,27
39,29
31,19
6,2
15,12
33,26
33,3
42,5
41,21
37,17
36,14
7,5
39,28
47,16
16,13
38,26
36,4
3,17
15,27
44,22
22,18
19,17
1,30
42,24
43,19
20,22
25,12
16,23
49,9
39,16
17,18
49,28
31,17
34,11
9,4
44,9
12,3
30,16
4,19
9,2
34,24
37,26
18,27
16,10
11,29
3,23
11,2
8,18
3,1
25,22
18,26
29,27
22,29
20,30
48,30
46,1
39,13
43,11
0,1
48,30
18,4
41,1
20,15
4,4
15,10
15,24
19,18
10,19
30,18
21,14
1,19
13,5
10,27
5,25
30,22
33,12
16,26
41,25
44,12
48,8
18,1
41,13
47,16
47,8
36,17
17,12
29,16
40,25
6,25
6,11
17,3
9,15
6,12
21,1
28,5
35,24
13,2
26,3
41,5
43,17
36,18
12,3
31,22
17,25
50,24
4,11
10,28
11,8
40,2
46,7
41,1
32,4
30,24
42,20
7,14
29,28
33,14
22,24
17,23
28,14
48,1
9,4
28,17
15,12
28,1
19,21
44,13
25,26
39,12
25,10
13,15
33,18
6,9
29,30
7,6
34,3
3,16
32,28
50,22
27,18
31,29
24,14
48,10
3,7
38,26
19,19
46,28
7,10
48,5
37,27
12,24
17,18
12,30
33,14
11,22
21,26
4,29
34,10
7,19
27,26
14,24
31,3
0,30
30,12
32,19
29,2
10,1
2,19
5,26
17,28
7,18
13,15
27,11
35,1
28,27
12,26
2,27
25,21
50,8
26,27
4,8
21,1
25,8
6,19
0,30
8,20
11,26
10,16
4,11
1,24
11,9
17,13
50,20
39,8
24,18
6,29
0,8
30,1
22,5
31,20
43,4
9,27
13,5
19,22
15,6
3,27
32,9
39,27
36,8
1,27
42,26
36,24
38,26
2,29
19,20
6,1
41,7
35,4
35,12
18,21
37,28
10,11
14,14
3,3
11,3
22,28
46,11
43,18
35,17
15,9
43,11
17,18
30,10
32,27
48,15
15,24
25,24
41,18
18,15
32,1
1,17
25,9
29,4
40,14
24,11
12,8
33,26
28,11
7,24
20,13
9,21
19,1
42,26
10,11
0,25
44,14
17,22
2,25
34,8
47,27
48,26
12,30
9,29
10,30
12,28
27,11
28,13
50,27
33,12
9,19
10,20
10,2
10,1
2,16
5,6
3,2
24,6
38,8
43,19
18,4
32,27
24,22
7,2
49,17
42,29
25,14
28,20
11,14
44,21
25,14
13,4
39,6
21,17
1,1
31,4
16,23
13,2
35,25
37,27
28,17
33,16
7,18
5,19
39,5
16,2
15,9
25,27
40,21
11,30
25,29
46,26
5,5
16,6
39,19
14,16
27,2
33,4
21,3
1,18
28,20
0,26
40,4
45,26
24,15
29,30
5,10
46,17
29,21
35,5
23,18
27,2
48,21
25,10
27,30
43,3
45,4
39,2
35,25
26,16
36,4
18,28
14,22
16,12
1,30
33,25
29,3
0,21
43,28
37,28
28,17
46,2
13,19
26,26
28,9
44,10
40,19
50,25
21,12
13,11
32,30
44,23
48,25
17,3
47,15
2,15
4,7
27,23
43,23
8,8
35,25
23,29
0,16
16,13
26,7
4,13
47,7
5,15
10,21
14,29
41,2
26,4
24,23
27,28
23,8
34,10
4,28
21,24
17,13
43,13
16,20
25,7
14,28
18,10
16,8
47,18
33,29
2,1
24,15
41,29
27,26
50,8
37,18
45,7
31,23
50,7
47,18
45,1
15,20
39,19
11,25
41,25
1,29
10,2
32,10
34,13
15,11
3,5
48,5
48,8
38,4
25,20
36,8
10,27
19,23
45,13
28,4
22,15
10,1
32,23
3,29
23,29
22,20
35,9
13,13
8,15
2,14
3,20
34,24
49,10
4,11
20,4
38,23
26,25
19,26
25,14
24,17
14,4
3,22
50,23
9,29
18,8
21,26
12,13
13,14
31,5
49,19
42,26
9,24
44,12
42,8
4,29
23,24
40,11
12,29
39,20
43,30
50,11
24,11
18,13
29,1
26,9
26,25
14,11
14,7
31,1
11,20
30,16
45,12
40,3
18,28
14,7
31,19
22,27
48,15
29,11
17,17
3,15
0,1
19,25
50,2
49,23
26,29
17,12
18,4
42,30
42,24
27,5
33,11
37,27
14,18
43,21
35,7
8,3
32,16
25,6
47,15
44,29
9,12
18,21
28,22
38,5
34,13
33,13
34,14
18,14
18,17
0,7
26,27
44,7
3,24
29,14
35,8
17,20
2,23
16,6
3,23
4,5
41,22
7,4
15,21
18,9
24,23
42,4
49,16
36,27
16,29
33,22
12,12
37,19
36,19
42,28
22,30
9,10
46,8
49,10
19,16
15,12
17,17
16,8
34,16
45,5
7,19
16,28
20,26
14,11
0,28
0,6
0,19
15,21
28,5
24,8
37,15
42,1
25,6
49,22
36,17
38,21
40,20
46,24
18,12
41,2
32,22
2,16
50,27
19,11
29,27
21,18
25,29
15,25
4,27
37,1
13,8
48,18
26,25
17,18
6,27
5,28
17,19
18,16
49,8
35,20
40,4
19,13
13,2
8,5
47,26
29,11
39,17
25,22
9,21
14,12
1,23
1,5
5,24
24,10
11,22
1,8
21,30
18,5
12,12
23,2
9,24
37,15
0,25
35,1
12,25
35,3
15,4
15,14
41,25
34,10
40,26
50,29
14,27
10,15
11,19
10,1
42,16
32,13
17,4
36,27
45,22
15,24
9,14
29,1
22,14
40,7
23,6
48,12
31,3
3,28
13,17
15,8
31,22
24,23
40,29
44,26
49,28
11,19
50,1
40,28
39,5
13,12
39,22
4,28
11,15
1,16
20,5
39,18
10,3
37,23
28,10
40,7
13,26
38,29
45,16
25,29
42,19
47,19
9,19
2,24
38,18
39,4
0,25
17,8
12,14
16,7
4,28
23,23
27,3
16,2
19,27
1,28
28,28
14,19
30,15
18,17
6,10
26,2
17,4
45,20
9,24
33,26
21,11
40,26
7,23
8,13
18,29
47,4
31,21
17,5
25,29
12,23
40,29
27,6
26,17
17,17
5,14
4,29
3,9
23,12
1,21
42,15
40,26
8,24
37,20
8,2
29,11
49,13
22,14
33,3
38,27
12,22
4,2
38,29
5,4
37,19
37,25
2,21
26,27
24,22
10,5
15,6
49,1
35,2
44,18
45,20
30,16
8,14
1,18
39,27
40,26
17,25
6,30
4,3
15,27
31,19
44,11
44,6
28,3
20,3
12,9
21,3
19,30
30,24
27,25
28,14
18,10
50,15
13,13
6,29
45,7
10,26
21,5
24,11
25,10
33,2
23,14
23,9
14,27
15,28
25,15
22,30
6,2
6,7
43,15
0,9
13,26
23,19
29,10
22,4
45,9
47,29
1,13
47,20
33,14
50,22
16,9
50,9
49,28
39,24
17,29
5,3
11,27
30,18
50,9
24,17
49,3
37,13
20,21
22,26
4,17
24,24
43,14
47,22
3,18
42,28
49,18
7,13
48,24
29,1
5,26
23,23
18,24
29,27
21,2
31,23
24,21
27,25
7,24
6,10
41,26
3,18
1,9
41,19
36,26
42,4
34,5
20,20
8,20
27,3
45,27
8,26
7,18
50,18
29,29
20,16
19,11
8,28
15,26
11,20
8,25
49,6
19,13
26,23
7,15
49,15
25,8
42,12
18,25
4,25
29,3
38,2
48,12
3,6
23,30
20,16
36,16
46,14
37,11
33,11
6,17
47,10
1,7
21,10
20,15
11,17
47,7
37,22
24,13
45,2
31,10
14,28
4,16
5,10
9,10
31,16
0,18
50,27
1,23
39,4
32,9
25,16
27,24
9,11
18,20
13,10
35,19
14,26
39,21
19,14
5,16
3,8
32,17
14,20
19,9
25,11
8,13
37,26
36,14
48,3
13,10
7,13
49,4
49,14
49,11
27,26
17,17
26,19
28,25
21,19
39,7
6,9
5,2
13,29
13,18
32,24
1,19
9,21
41,29
4,4
39,5
15,7
44,3
32,18
45,26
11,11
35,29
47,4
23,9
6,26
35,25
10,14
22,4
12,23
39,6
34,29
12,9
9,7
27,25
6,14
46,8
9,1
1,13
49,19
7,30
17,1
16,17
0,16
33,23
8,29
17,23
32,9
15,1
24,15
19,18
5,23
9,5
41,27
4,9
46,4
35,8
42,21
25,20
32,25
12,20
48,27
44,2
48,5
12,10
49,5
33,15
5,10
37,24
28,13
34,5
5,18
11,2
35,16
15,10
0,15
29,27
34,30
26,20
26,6
31,1
47,23
33,6
20,14
46,12
0,17
36,15
34,10
8,26
15,14
20,3
2,23
17,27
19,17
24,22
27,17
42,16
8,4
27,22
19,15
44,13
24,21
38,24
44,21
9,25
32,28
2,9
10,19
7,5
18,28
31,20
6,27
4,4
27,25
47,14
48,20
21,23
44,28
33,22
37,8
1,11
19,28
29,13
30,10
11,14
42,15
14,27
27,23
3,24
35,19
4,4
9,4
37,21
44,24
36,10
39,10
23,1
8,11
3,3
45,19
9,12
4,8
18,22
34,19
13,24
16,9
39,6
4,29
43,30
4,26
11,2
23,25
34,5
1,29
39,21
25,29
43,2
1,10
19,12
13,13
43,19
24,7
17,11
44,23
7,9
42,27
4,8
45,3
18,13
22,3
12,15
17,2
26,8
17,14
42,26
10,4
33,15
5,17
14,4
13,24
23,12
37,13
41,16
8,3
44,30
13,21
1,23
44,11
1,29
1,7
17,25
28,13
1,5
48,5
41,22
35,12
6,3
20,20
2,14
50,23
10,26
45,27
10,2
30,5
25,28
44,23
20,14
43,14
38,19
48,9
20,17
45,8
34,5
15,15
39,1
30,20
40,13
4,7
21,18
33,9
50,10
29,19
30,8
42,20
46,5
39,20
21,30
47,21
44,5
10,10
38,12
12,18
28,24
39,17
29,6
22,4
20,21
30,25
23,23
14,9
43,21
14,26
37,30
15,22
50,13
20,23
43,16
45,10
43,29
37,19
26,11
38,2
21,27
29,15
34,8
35,28
38,24
14,5
43,11
38,27
23,26
50,27
1,23
9,24
15,22
23,9
41,14
5,21
43,20
11,4
27,28
9,13
45,3
36,10
3,25
6,1
18,27
37,24
17,19
16,11
44,5
14,10
17,27
21,29
46,1
10,9
31,26
3,7
34,30
36,19
32,2
45,1
11,11
21,17
7,5
15,19
18,2
0,26
41,22
12,3
39,7
19,6
46,18
7,10
12,3
22,4
12,20
10,29
48,6
38,11
33,22
14,1
29,7
42,6
9,26
48,15
13,6
13,29
6,29
7,15
15,21
22,5
38,2
36,30
46,13
20,17
5,5
6,20
33,23
49,26
35,2
18,20
12,4
13,6
30,6
50,20
36,26
7,28
32,30
38,10
19,5
33,21
22,24
16,16
5,7
0,30
30,12
31,5
13,2
43,27
12,9
43,9
18,9
33,28
40,17
35,24
49,17
32,4
25,18
36,24
27,23
9,11
36,21
9,14
31,13
33,7
39,2
4,1
48,25
34,11
14,1
6,18
19,8
49,28
12,17
31,2
14,7
45,5
23,7
12,18
49,18
28,1
3,5
50,16
27,26
15,14
50,18
43,1
41,22
3,16
37,23
29,28
24,20
29,19
9,14
45,28
3,11
3,29
1,27
3,5
1,24
6,14
28,14
46,7
37,2
31,30
13,13
18,13
47,12
20,22
6,29
31,3
24,18
5,25
3,9
44,5
49,18
1,4
21,8
38,19
15,1
10,24
21,28
49,23
29,20
18,6
0,15
19,11
47,2
17,26
22,16
13,4
49,10
5,7
26,24
16,3
8,19
37,12
48,29
8,8
29,9
35,17
1,1
8,7
36,3
3,23
1,18
49,12
46,10
20,18
42,23
4,3
6,26
48,23
38,27
4,15
44,20
47,14
21,5
8,1
6,21
41,27
17,5
8,16
24,25
34,30
50,11
31,21
23,19
28,1
41,19
5,30
40,1
42,13
14,2
2,28
43,11
33,14
38,22
35,23
11,3
2,28
43,21
4,28
5,16
44,27
33,23
2,4
24,9
35,5
50,13
44,22
31,5
31,25
3,30
45,8
9,27
3,17
3,21
15,13
19,19
32,9
48,27
47,19
41,17
23,4
17,10
50,10
0,11
41,19
37,27
33,7
20,6
17,27
21,26
33,7
29,11
40,9
4,20
42,19
29,18
45,7
24,6
33,16
49,12
31,8
38,29
16,2
1,14
40,7
30,10
49,8
44,23
10,23
49,15
18,29
1,1
8,22
21,25
14,18
12,27
12,22
13,8
10,22
37,19
16,27
34,29
22,4
3,9
14,3
47,26
36,13
17,1
20,25
10,12
19,16
21,3
30,1
8,2
6,14
42,5
37,19
14,5
34,17
43,2
26,8
26,4
44,8
26,8
10,24
11,12
31,3
48,1
0,19
19,1
45,24
40,18
25,19
22,20
4,8
13,14
26,14
28,12
9,6
20,13
20,1
26,21
43,18
10,12
35,11
6,24
16,26
35,18
14,6
16,8
42,27
41,5
50,13
43,22
7,22
42,7
29,15
12,23
43,10
32,3
15,5
12,1
6,28
15,6
43,24
17,14
34,17
33,10
37,24
22,29
4,18
11,2
48,17
40,3
4,25
4,29
43,29
21,17
12,26
30,24
22,19
14,17
11,16
39,4
17,27
7,26
16,5
10,21
0,25
15,13
6,6
42,23
13,25
35,11
5,29
7,28
48,26
37,18
28,15
11,12
24,28
24,11
49,26
28,1
17,26
9,7
35,18
16,29
30,7
16,15
20,10
48,8
40,9
2,15
45,23
41,1
11,23
43,4
7,6
19,26
33,13
6,30
16,20
50,3
6,30
26,3
9,4
0,16
49,1
2,15
0,19
19,3
15,16
34,19
13,11
49,16
28,9
7,5
27,24
45,11
32,9
31,26
35,14
10,24
48,5
36,15
42,16
10,22
3,7
45,12
30,25
25,6
5,26
40,27
48,18
7,12
15,16
6,15
21,5
44,25
42,11
12,20
1,14
23,2
35,29
47,24
8,12
19,24
13,9
4,11
45,22
8,4
36,25
48,12
44,15
27,1
21,29
10,2
38,12
18,25
50,13
31,12
10,13
49,10
9,8
18,17
42,5
47,14
18,5
39,24
11,28
39,19
37,18
3,6
13,18
17,25
43,19
28,2
11,5
32,26
43,9
6,27
33,23
9,22
21,21
18,24
43,21
13,25
44,23
33,21
40,6
26,3
24,23
48,20
45,20
38,5
11,20
43,24
34,14
19,21
7,3
17,18
7,26
47,21
18,14
33,22
26,17
3,22
8,2
21,6
9,21
43,21
29,8
19,20
5,24
11,2
14,23
9,28
22,1
20,23
40,16
24,8
17,4
49,13
46,22
4,29
39,21
29,8
29,18
44,20
12,5
19,14
34,18
23,2
33,3
15,2
30,18
31,2
6,26
32,25
15,26
9,6
7,28
4,6
24,28
44,30
14,28
47,1
34,21
48,25
49,20
50,14
8,3
46,14
43,29
22,9
48,24
22,11
40,11
16,15
2,2
32,16
22,11
41,7
3,16
16,25
5,4
29,20
20,18
49,4
30,5
2,4
46,21
33,18
50,8
35,20
3,20
15,1
13,3
50,28
35,25
3,1
7,13
9,15
18,13
30,23
44,8
20,20
21,10
41,2
5,30
27,21
40,6
6,5
7,9
7,8
28,23
44,26
28,2
11,17
10,6
9,26
38,17
2,10
5,22
18,2
20,6
44,28
41,20
33,27
17,6
8,3
2,30
37,29
12,13
42,27
21,9
6,12
48,2
49,26
43,8
44,17
24,12
47,30
35,13
43,15
23,30
9,6
29,22
29,6
45,26
35,2
15,25
21,19
43,10
4,22
33,19
3,20
7,10
36,26
20,21
24,16
46,27
24,4
37,26
23,4
11,26
7,1
25,1
40,6
21,18
22,1
42,5
8,9
12,7
32,7
36,18
11,3
39,28
50,30
28,19
38,14
31,27
20,22
25,27
33,8
44,3
29,8
1,2
48,15
45,18
48,25
42,1
30,14
37,5
10,5
12,9
43,1
33,3
2,28
9,4
19,13
32,21
6,28
47,4
29,22
40,26
45,12
14,16
28,10
32,18
1,7
29,16
20,22
19,7
28,28
7,30
47,18
38,2
19,17
44,6
24,6
45,29
10,21
43,15
35,1
44,30
24,8
23,11
41,25
15,18
32,15
10,1
24,16
45,27
40,24
27,5
23,7
41,23
11,19
21,8
1,12
45,6
43,24
9,25
13,15
42,7
37,3
24,2
24,12
29,16
34,30
33,20
10,20
28,22
7,27
36,13
18,9
22,4
8,14
36,29
33,20
40,22
4,24
29,12
9,25
41,16
38,3
35,25
45,10
19,15
36,11
4,20
13,16
28,1
16,24
5,26
13,27
41,8
47,8
33,14
2,28
15,8
30,24
29,24
43,12
25,12
49,1
31,9
37,9
48,19
30,5
18,27
43,1
16,25
26,25
13,20
25,10
34,2
9,5
11,1
21,22
29,21
0,2
15,1
24,18
13,11
46,13
7,30
32,16
12,4
24,2
1,26
8,27
8,18
6,11
4,24
11,26
12,30
49,27
6,1
37,9
36,21
50,3
16,11
0,18
49,1
50,11
5,26
9,27
25,12
12,19
42,11
35,16
17,26
46,20
26,14
34,26
0,23
42,29
39,18
18,17
44,16
10,11
1,19
30,5
0,18
4,12
1,8
49,15
30,22
49,12
32,22
43,13
49,17
34,15
8,27
9,12
36,10
13,15
2,15
42,10
43,26
32,4
41,24
17,4
30,20
11,12
11,7
48,21
48,15
35,4
2,1
10,5
5,9
35,29
41,3
6,2
30,9
7,10
6,23
39,3
17,12
0,17
49,11
27,16
38,18
31,8
1,21
33,27
28,17
11,28
39,2
35,23
20,18
14,2
19,22
36,28
16,26
16,30
45,21
45,17
46,19
24,15
36,5
21,27
50,18
23,25
49,1
23,15
41,5
29,12
17,5
42,25
27,5
46,13
28,8
25,29
31,17
15,12
10,19
44,30
43,4
38,20
19,15
23,19
46,19
31,22
25,10
22,27
3,24
48,6
28,10
10,8
48,18
23,12
36,21
45,17
48,3
50,2
48,17
43,30
18,7
14,6
32,18
35,13
49,4
37,20
20,12
34,2
31,14
22,27
12,3
44,19
11,24
43,13
19,8
39,29
26,6
34,25
6,21
48,2
23,8
5,15
49,9
12,17
34,8
25,22
43,12
29,8
23,23
49,22
29,7
21,20
38,7
12,15
45,15
9,5
24,12
7,20
32,14
17,23
50,20
50,21
22,11
16,11
41,22
33,28
47,23
8,2
32,24
27,12
34,4
30,3
41,28
9,22
44,17
14,2
36,13
29,16
0,10
27,17
47,28
32,3
8,20
16,22
14,23
20,17
32,7
11,20
42,13
20,29
4,27
21,27
29,6
33,25
16,26
21,1
46,12
8,18
45,30
4,25
23,16
34,12
12,4
45,7
6,19
6,1
8,10
18,27
38,1
1,14
35,3
38,3
21,20
6,17
50,9
20,29
18,1
16,9
34,11
21,3
29,24
34,12
50,22
43,16
31,27
9,21
21,4
24,13
11,5
49,12
18,25
29,26
50,24
4,10
22,4
27,21
13,22
39,13
15,15
32,11
1,18
13,5
38,21
50,20
47,30
43,20
20,6
12,29
15,23
7,15
35,11
12,21
10,29
9,3
42,30
36,29
11,2
30,11
19,23
35,1
5,7
8,20
43,15
9,7
2,12
36,10
14,26
34,21
35,28
27,14
5,27
9,3
37,26
21,5
24,2
30,15
29,14
43,11
27,13
22,8
3,5
25,21
43,19
46,2
44,11
48,13
47,18
14,7
20,23
49,2
25,30
21,12
50,7
17,27
49,28
49,6
0,13
12,7
39,8
27,13
43,20
12,25
17,27
10,16
46,26
30,4
39,22
14,22
4,8
5,7
14,12
43,3
7,23
45,30
21,13
17,23
44,29
27,17
31,7
45,9
47,15
0,6
24,27
1,22
15,2
3,26
27,24
9,8
26,17
40,16
47,29
44,17
1,7
28,22
45,21
5,11
31,1
45,17
5,30
36,18
44,11
6,8
26,27
18,5
14,10
46,28
40,14
42,1
26,10
44,18
12,14
36,5
21,1
35,29
1,8
42,13
10,21
12,26
3,2
13,7
26,23
34,21
1,15
50,15
1,30
4,7
22,29
19,6
47,19
14,9
18,18
47,14
47,23
37,28
17,17
37,20
6,9
32,17
0,1
14,28
18,20
41,20
40,25
50,26
0,3
15,6
48,6
36,16
48,22
5,30
27,26
7,14
21,6
37,9
22,2
40,24
35,14
39,14
23,19
37,12
37,8
11,7
18,28
18,20
42,11
24,5
44,17
39,24
17,15
36,2
3,7
17,12
6,19
27,21
36,3
9,1
47,4
13,4
22,28
26,27
11,10
29,24
45,8
40,12
24,20
17,8
11,12
22,28
34,24
43,28
29,24
50,24
29,10
43,22
35,1
28,1
47,9
43,3
39,9
17,12
11,14
2,8
4,9
12,21
1,30
8,18
14,27
37,21
5,28
9,23
50,29
25,4
20,8
22,27
7,14
17,30
50,11
13,23
36,23
50,6
23,5
12,14
31,22
23,27
27,17
20,25
11,21
26,13
21,17
0,4
41,24
5,14
29,6
31,24
1,13
30,1
26,7
33,3
6,18
2,3
10,21
49,6
50,13
3,8
24,11
2,23
12,25
3,20
44,4
20,27
12,27
34,1
12,1
35,8
39,2
29,2
1,12
33,7
6,15
45,17
4,16
18,6
35,1
24,28
26,21
47,16
43,11
48,5
11,9
1,26
19,22
0,9
21,24
49,6
15,27
4,12
50,10
46,16
36,19
14,13
1,21
23,15
26,27
19,30
15,7
9,3
42,26
27,5
29,18
30,1
42,7
34,22
19,26
40,11
5,4
4,7
26,7
13,25
39,26
18,28
2,14
33,23
25,8
0,21
47,12
18,29
1,25
49,3
24,16
8,19
48,29
17,13
30,16
48,15
41,24
19,22
23,19
38,20
46,23
25,14
1,24
33,30
29,27
25,26
25,11
15,6
43,28
8,4
26,9
35,7
9,12
23,1
43,13
4,21
28,17
20,19
33,28
14,23
37,15
17,6
27,29
49,22
2,13
16,25
39,25
22,25
50,12
49,6
13,15
11,7
44,10
36,4
7,2
21,2
43,27
19,5
34,13
34,26
1,29
36,15
50,4
40,30
30,6
38,4
13,2
47,13
1,12
21,21
15,1
29,12
6,6
50,18
31,30
21,6
29,8
3,26
35,22
12,24
45,19
14,16
39,14
34,29
32,24
14,17
11,5
8,10
33,18
45,14
41,8
25,27
36,20
24,22
45,16
16,9
25,3
26,17
3,23
7,17
16,13
30,30
17,6
27,27
39,9
12,4
20,4
47,25
42,7
13,8
45,17
13,22
27,9
13,3
1,29
41,22
13,7
23,7
8,13
34,25
3,28
24,27
41,19
39,17
35,16
7,22
49,15
5,21
10,15
15,19
35,7
30,12
22,15
34,26
31,1
32,24
41,6
19,22
38,21
38,6
29,19
38,17
18,1
16,2
44,6
2,21
50,11
9,2
42,23
12,12
40,22
47,6
21,9
38,15
26,17
1,25
16,29
18,4
33,29
3,5
13,23
12,20
43,24
32,11
19,3
32,19
44,18
19,8
19,16
4,2
50,26
25,23
6,12
23,10
39,6
48,6
21,5
19,5
27,20
25,8
35,25
15,4
38,28
45,28
38,10
0,23
40,13
24,11
48,27
49,12
44,14
34,9
27,9
44,11
43,8
49,20
44,29
15,28
35,19
6,1
26,8
42,6
18,15
0,14
21,2
13,29
23,20
6,24
23,26
31,28
10,4
19,24
11,29
45,2
21,5
3,12
17,24
7,7
38,29
47,5
36,9
35,15
7,15
11,1
41,18
42,4
9,26
5,30
28,15
12,17
30,24
50,23
40,23
9,8
8,7
27,9
47,28
45,13
6,22
28,8
36,12
18,19
20,30
33,23
20,30
17,3
43,2
31,18
31,4
2,6
32,20
34,8
33,14
22,18
31,28
6,13
33,9
14,1
20,17
22,9
43,19
47,12
11,26
19,20
5,10
8,29
5,25
45,27
33,13
13,7
41,10
5,9
23,6
37,7
41,29
29,26
45,7
27,22
28,21
36,27
4,24
42,9
33,30
5,18
11,5
23,18
10,30
17,4
25,10
16,19
47,8
32,26
22,24
5,30
42,29
30,2
22,22
18,29
2,14
10,22
21,21
41,21
40,28
27,12
22,28
15,11
45,8
3,3
4,15
31,24
37,9
15,24
41,10
2,11
17,3
46,13
49,7
35,12
21,19
17,13
30,30
13,4
29,2
27,29
6,17
3,22
16,14
19,14
14,8
7,12
43,18
12,24
46,15
34,6
49,22
30,22
47,12
29,17
38,6
2,26
19,3
19,21
17,21
15,4
18,16
33,1
43,20
35,22
39,7
30,22
16,4
32,16
40,24
6,23
31,12
45,22
9,21
29,23
45,15
25,22
39,25
19,24
26,4
39,16
12,11
17,8
9,21
9,13
5,20
6,17
40,29
4,13
50,9
39,2
36,27
30,1
18,10
26,29
5,9
24,26
15,9
49,23
34,22
43,24
19,2
33,26
8,6
13,20
35,4
43,11
6,2
29,26
47,23
35,12
46,14
32,27
27,16
7,28
17,7
0,16
7,27
50,20
44,13
27,3
8,18
6,14
22,10
40,7
47,4
1,26
16,27
25,22
45,27
39,21
13,25
23,8
11,16
24,8
14,1
50,18
5,3
36,27
11,11
47,13
31,18
10,19
15,17
8,28
25,25
20,7
13,7
5,14
36,3
45,26
47,17
17,18
2,15
25,20
39,30
12,1
38,15
44,22
20,22
29,9
41,23
13,4
50,2
46,29
31,12
31,9
43,8
7,23
31,2
21,9
21,18
41,1
35,28
27,5
45,30
35,3
14,9
28,22
22,25
36,28
47,14
19,24
1,21
18,22
27,1
34,3
23,1
20,28
23,17
9,15
23,11
11,3
40,9
21,2
2,22
39,16
49,26
14,9
35,12
1,30
8,30
39,2
47,15
5,3
28,4
38,15
29,5
47,27
7,25
44,16
4,18
33,23
25,18
22,26
48,16
23,6
23,16
48,29
43,12
34,2
44,24
0,4
35,22
26,25
14,8
48,10
2,26
47,18
4,2
31,9
21,22
26,30
8,11
1,27
37,18
10,21
29,12
41,8
2,23
30,26
30,12
4,15
25,9
38,10
33,12
7,7
3,18
44,22
5,16
14,27
23,9
41,5
4,8
12,20
7,7
41,10
8,1
1,18
13,4
22,2
35,23
33,11
39,10
39,28
47,13
29,21
42,10
39,15
14,6
23,21
35,14
20,6
2,6
10,20
14,20
29,20
46,23
45,1
0,6
39,22
23,18
46,19
49,5
42,6
44,9
36,21
4,27
32,10
26,28
33,30
4,21
32,14
20,12
45,15
43,16
32,16
0,17
25,11
37,21
3,3
50,6
17,22
19,6
11,19
49,21
1,16
2,12
7,13
16,16
40,25
32,18
6,19
15,8
22,15
11,28
9,2
38,30
23,18
30,28
40,2
50,28
49,11
27,30
13,22
8,28
23,21
50,26
21,18
8,20
14,15
16,7
21,12
26,13
39,24
19,1
1,10
12,2
10,17
48,14
17,23
10,2
29,2
0,25
29,1
40,21
14,6
4,14
48,12
18,17
35,27
28,26
32,14
12,18
45,28
19,28
1,20
2,6
36,4
20,26
9,25
0,19
39,1
19,7
30,27
49,23
2,18
43,6
42,10
4,1
25,20
33,23
25,1
14,27
17,15
17,14
30,28
23,16
37,15
47,5
16,11
14,13
5,21
43,24
31,20
45,14
27,13
20,21
10,15
6,23
50,9
13,30
36,14
29,15
47,25
42,11
14,27
11,8
40,19
7,3
42,7
23,16
4,23
15,16
25,17
35,26
45,20
46,24
42,26
33,23
39,23
45,11
15,23
6,17
40,4
30,12
29,11
31,11
23,17
34,25
21,3
36,6
50,9
15,23
34,25
7,9
30,12
37,15
35,15
10,23
41,11
44,23
24,20
49,14
33,30
33,5
33,6
30,18
48,30
29,19
28,10
45,21
22,16
10,7
36,1
26,20
49,5
23,7
8,28
50,30
1,25
4,10
47,12
30,12
39,21
45,9
21,21
35,18
44,25
10,10
14,12
12,23
20,22
3,9
40,20
11,2
37,5
39,9
15,3
37,24
25,6
6,27
25,4
39,11
12,12
21,10
4,29
41,5
28,7
45,18
41,24
24,30
25,5
6,6
23,22
23,19
19,23
26,7
11,3
12,22
36,14
50,25
42,13
17,29
43,3
5,21
24,9
45,16
24,9
38,13
24,9
44,28
42,14
35,29
6,14
36,18
47,4
41,24
32,19
4,2
26,14
33,30
15,21
12,7
15,21
39,8
33,22
35,20
19,19
40,3
46,2
43,19
49,20
13,15
27,13
22,25
31,7
13,8
2,6
28,3
11,11
0,5
15,16
4,28
42,24
35,23
4,5
23,4
24,11
16,26
23,8
40,18
17,15
23,23
5,4
50,1
41,8
20,6
41,22
18,17
6,20
17,18
10,20
9,23
10,3
43,12
12,17
12,24
42,27
5,24
11,28
12,17
17,22
3,21
15,9
24,10
40,23
41,11
7,10
6,20
12,19
47,15
32,18
37,22
48,21
0,22
49,17
18,4
49,10
41,19
21,14
27,20
45,6
31,22
43,7
16,9
50,18
15,22
4,3
24,3
10,4
31,19
11,24
35,21
22,15
12,15
46,9
16,10
36,23
6,20
9,13
16,1
25,20
16,21
47,23
50,18
14,28
36,23
32,27
11,19
23,15
29,27
36,9
36,13
16,14
18,1
25,3
13,16
45,12
17,21
34,6
31,5
37,12
0,22
21,12
13,6
40,10
6,18
48,23
29,3
31,2
13,4
22,3
45,11
10,26
6,28
4,26
31,11
22,13
3,23
46,16
35,8
47,13
18,25
40,2
45,15
24,14
10,6
30,15
44,9
6,16
48,29
42,3
30,7
42,27
39,15
13,25
9,16
38,10
40,13
12,24
24,13
5,1
10,8
41,29
50,29
48,21
7,10
31,13
5,5
45,3
10,5
15,16
16,14
41,11
5,15
17,10
29,5
25,27
6,9
35,11
35,22
16,19
0,7
14,26
49,14
44,26
10,17
31,24
18,25
27,21
32,9
44,6
44,26
13,28
35,2
46,2
10,2
19,1
1,30
44,18
1,15
7,20
9,5
10,9
31,9
38,5
30,10
42,4
0,5
11,16
37,1
36,29
35,15
7,22
29,6
11,25
38,17
6,12
44,29
38,8
3,21
22,27
33,28
15,29
20,21
39,9
41,15
17,19
38,17
47,24
50,30
47,4
2,27
27,15
43,28
34,12
4,7
45,25
12,28
37,8
46,14
29,2
3,30
35,18
20,28
24,2
8,4
22,20
27,29
13,13
49,14
24,19
34,13
46,15
15,23
8,25
38,9
41,20
36,12
23,17
15,23
19,9
30,1
12,16
48,25
43,20
15,29
8,21
16,3
31,13
29,25
11,30
38,19
3,9
37,9
45,18
16,1
39,9
45,11
13,28
29,5
47,17
28,6
44,6
40,3
23,26
32,18
4,15
22,6
26,20
9,12
40,11
47,5
3,3
32,20
7,16
31,24
28,13
21,24
34,22
33,2
31,10
44,1
42,10
7,26
4,24
46,5
27,22
35,19
48,4
2,12
20,17
12,26
12,28
14,26
27,13
50,25
29,17
9,18
5,27
28,13
0,16
35,23
35,16
4,9
17,12
33,15
14,2
34,27
40,8
48,26
6,23
42,27
22,29
14,11
20,25
34,7
0,5
26,3
19,20
44,9
15,4
13,9
38,18
16,19
7,24
19,23
31,6
1,10
10,18
47,4
15,1
34,18
8,18
23,12
4,10
8,8
36,18
40,6
0,27
32,5
7,22
24,7
23,29
36,12
25,16
9,13
26,4
40,19
17,5
6,5
43,18
6,27
36,19
24,27
45,11
7,3
5,16
2,7
10,16
18,13
45,19
18,13
18,13
47,10
35,24
0,23
37,13
12,2
21,9
24,15
2,29
49,26
33,10
3,27
11,29
25,8
17,10
25,26
22,1
10,8
50,27
47,6
4,10
50,18
47,24
47,5
49,9
21,1
20,8
12,9
33,11
20,28
1,29
45,11
36,11
37,17
20,5
5,19
9,30
31,29
11,29
16,19
9,28
34,11
11,21
19,14
11,27
9,22
16,19
26,23
1,3
27,27
35,14
45,22
32,15
30,16
38,29
8,1
26,25
45,25
1,24
6,6
1,22
2,12
16,2
24,24
19,7
27,8
35,3
5,5
48,11
29,2
28,15
11,27
32,23
19,8
26,1
28,4
12,12
4,27
40,20
26,29
37,17
10,30
35,26
42,2
13,7
1,4
41,4
44,30
36,3
0,8
27,10
27,28
40,27
33,26
44,21
49,11
11,22
1,13
33,2
33,16
49,24
5,11
38,10
29,25
49,20
6,12
37,3
35,14
45,27
28,9
7,24
19,10
49,19
44,14
0,21
47,24
37,9
8,4
38,10
43,18
34,26
21,25
27,1
22,2
36,23
32,12
12,1
26,13
22,8
37,14
50,3
38,14
35,14
48,16
35,17
29,15
28,17
25,15
39,14
35,8
12,26
47,7
23,30
26,28
7,22
37,8
46,20
43,17
48,30
3,24
45,8
43,3
22,22
32,30
46,19
32,25
30,17
7,7
3,25
42,6
2,6
7,12
13,24
9,5
33,16
17,28
39,6
13,28
50,2
17,12
19,2
44,15
24,8
24,27
38,17
26,4
49,22
5,4
24,3
12,9
5,15
43,29
50,11
0,10
12,1
23,10
9,7
29,5
34,17
44,29
31,26
22,23
41,20
15,12
5,23
11,12
50,14
46,26
10,10
39,27
33,26
1,29
45,8
44,2
41,16
7,1
9,29
41,16
47,8
20,11
28,17
0,18
36,22
7,29
50,12
25,26
38,3
47,12
36,17
25,19
49,4
40,2
18,15
40,21
3,24
20,25
22,18
21,21
17,18
29,22
15,14
25,3
14,30
50,19
35,30
20,29
44,9
8,20
50,1
37,13
13,2
11,30
5,26
12,27
35,15
8,26
41,17
4,6
37,1
1,6
49,25
11,6
17,9
1,7
3,27
3,23
30,2
30,5
35,30
2,19
41,5
22,10
18,20
0,27
41,3
21,26
14,27
17,13
3,8
30,5
31,2
32,24
38,19
6,7
46,11
8,14
7,10
41,1
29,13
39,15
39,19
12,22
12,10
50,8
30,19
25,16
39,16
42,11
49,9
35,7
27,3
12,12
30,10
29,18
20,11
26,27
50,22
49,30
2,4
14,2
29,30
32,9
40,25
30,30
31,3
25,10
9,25
12,21
35,28
13,7
18,15
2,12
13,25
26,12
29,18
5,25
21,13
49,26
21,8
11,5
2,25
46,4
28,3
5,23
26,2
9,13
17,8
36,14
47,27
39,16
50,24
50,16
5,10
48,7
20,15
11,17
42,20
39,6
3,2
4,27
22,15
47,22
23,30
13,12
1,3
26,9
12,19
43,8
15,2
42,6
11,17
43,25
18,14
44,12
4,24
5,21
4,29
0,22
15,1
1,22
16,28
20,2
32,5
24,19
24,8
50,17
19,15
32,20
16,12
32,16
38,16
28,19
45,15
46,7
26,1
3,29
12,7
30,10
42,21
8,22
14,12
5,28
26,22
10,12
41,13
26,24
15,25
1,17
10,23
34,7
4,30
19,29
39,1
19,19
17,12
23,28
43,7
39,25
9,17
45,14
10,10
44,2
17,12
16,10
49,20
23,18
6,10
1,5
6,21
39,20
1,4
4,15
8,12
16,12
47,6
36,10
34,18
41,25
37,9
49,3
34,7
31,12
11,13
1,12
3,16
10,9
36,12
42,17
41,27
48,9
1,3
10,15
33,25
17,11
29,13
30,26
22,29
8,10
40,18
16,30
18,11
26,21
5,1
9,8
27,14
28,25
26,3
2,4
20,8
3,8
9,17
35,6
9,13
49,20
26,8
23,22
4,8
10,14
31,10
3,12
16,13
20,22
20,19
33,9
50,16
46,25
43,3
42,1
35,11
42,21
33,1
43,24
6,28
0,7
39,22
7,22
50,30
12,20
8,13
8,19
34,10
14,28
41,16
24,9
46,15
44,14
47,19
6,24
8,21
14,14
18,30
21,23
4,3
42,20
16,27
36,27
31,21
50,24
8,17
28,28
15,2
32,14
1,24
35,24
8,7
17,4
38,25
29,14
0,12
34,8
47,22
11,18
25,12
3,27
26,27
5,20
30,3
12,14
42,5
20,15
17,27
7,21
20,20
10,16
25,15
7,7
32,27
22,3
1,15
50,25
37,16
27,16
27,12
46,3
11,11
33,7
24,5
45,9
32,23
14,18
27,24
32,9
11,25
23,19
22,22
44,22
7,10
11,23
39,12
43,1
33,6
9,21
27,23
33,27
27,14
31,10
13,10
18,4
9,21
34,22
48,28
47,30
8,8
20,16
20,1
5,21
28,2
39,19
12,30
13,24
28,16
33,4
28,27
41,27
33,12
47,25
4,6
8,27
15,11
12,10
15,9
17,29
39,23
13,21
11,4
21,10
33,22
36,4
24,25
4,14
2,9
5,23
13,13
0,21
30,15
35,28
28,3
12,24
35,10
26,12
32,13
3,21
13,6
23,19
27,14
23,18
32,2
48,2
21,22
13,15
11,28
19,18
45,22
32,17
10,30
28,15
35,20
13,12
50,9
50,12
22,19
7,21
20,24
6,1
22,22
49,22
31,13
28,5
2,14
34,10
19,16
8,11
1,2
36,27
0,2
26,11
36,28
18,9
45,30
15,17
23,13
16,10
32,11
29,11
28,29
44,15
33,21
7,30
49,5
10,28
8,24
6,29
40,18
20,4
42,13
41,25
12,27
27,28
50,13
8,25
16,4
20,18
20,2
21,5
0,28
4,10
19,13
25,27
42,8
1,3
16,28
43,24
42,10
38,13
5,26
4,8
3,16
23,9
34,13
4,4
6,5
27,18
21,18
18,30
7,9
1,22
22,19
20,19
33,15
37,14
36,29
43,16
16,16
28,15
45,7
31,27
13,6
27,14
42,19
26,17
26,24
8,30
14,29
23,4
17,17
38,8
14,11
39,15
27,24
31,10
38,17
19,13
33,6
32,24
44,9
6,3
15,26
17,7
36,3
8,24
38,26
16,4
44,23
23,7
42,24
31,21
42,22
26,25
9,28
32,15
42,11
11,11
0,15
9,16
28,10
2,2
37,14
26,28
43,2
36,4
30,27
10,2
11,16
25,20
15,19
45,2
20,12
11,26
45,18
1,9
15,21
11,4
9,28
8,17
2,7
31,23
4,23
27,17
48,4
19,21
32,17
8,20
39,2
49,20
0,23
35,4
17,12
12,17
7,28
14,1
34,1
48,29
0,1
42,25
22,7
39,25
7,15
38,10
47,3
47,14
11,13
32,10
36,7
42,23
20,22
23,10
31,16
15,25
43,5
30,17
48,8
35,9
32,5
45,30
2,23
25,29
28,28
43,14
10,6
28,11
39,11
3,20
12,22
26,11
24,22
4,30
40,1
3,29
30,30
19,20
44,6
18,20
27,23
0,26
0,6
35,8
50,16
24,7
46,15
18,12
18,19
44,16
38,19
21,29
21,5
6,4
4,17
14,26
8,7
23,19
26,4
43,13
40,4
6,30
7,16
27,4
33,23
24,14
38,16
25,28
22,18
37,29
19,5
26,1
22,7
28,16
49,13
22,1
27,3
9,30
1,7
40,12
48,21
11,25
39,1
1,6
0,22
10,29
25,7
24,23
8,8
34,14
42,25
38,1
39,17
47,29
48,27
29,28
35,5
0,10
30,15
26,7
22,15
22,5
38,12
8,7
14,4
23,11
5,1
30,5
19,2
18,15
12,15
26,6
33,7
16,14
33,28
14,2
47,8
49,12
32,13
27,29
8,18
19,9
5,3
44,25
15,4
4,19
13,21
43,9
14,17
21,3
26,25
43,15
8,20
8,5
15,19
38,30
50,10
15,9
23,30
34,23
5,22
45,17
20,6
3,18
19,16
16,2
14,8
17,12
21,23
14,30
8,23
24,23
19,7
29,2
40,27
8,19
16,12
41,20
34,10
20,11
23,9
15,20
11,3
45,28
9,11
29,28
37,24
27,9
7,23
17,6
16,10
41,5
4,30
14,15
20,27
13,12
25,19
31,8
3,30
22,12
47,5
32,13
45,23
12,22
18,11
13,24
33,1
23,6
34,19
17,17
33,2
24,23
49,26
20,12
19,15
10,14
12,13
27,27
9,22
38,26
28,21
18,17
15,16
38,27
21,2
0,2
47,5
40,23
12,1
39,27
32,29
16,29
38,2
43,16
42,11
36,30
22,14
3,26
26,11
38,2
39,27
3,20
7,2
0,22
9,1
20,28
0,1
43,22
24,26
13,24
46,14
31,28
7,2
11,26
33,17
41,14
37,29
50,3
50,18
46,27
44,30
20,12
16,6
28,28
23,24
50,30
6,1
41,3
21,10
14,10
27,1
29,29
39,29
24,7
22,22
50,4
8,2
46,2
11,13
1,12
26,7
2,10
50,5
49,11
30,27
15,12
45,13
10,18
14,1
24,22
32,30
48,1
22,15
49,16
29,15
43,5
48,2
38,12
37,18
50,11
21,25
31,13
12,23
11,3
42,22
45,23
24,22
20,1
16,24
8,5
48,3
41,1
9,22
41,11
3,14
17,5
12,4
41,10
17,2
25,15
29,25
39,22
45,23
9,9
36,13
9,4
46,18
40,15
35,27
12,20
49,28
7,14
0,26
10,27
36,11
29,23
14,26
4,29
48,1
20,20
49,6
13,19
44,17
35,30
23,17
5,20
4,12
7,23
31,28
39,20
27,13
12,27
28,25
7,11
19,18
36,28
18,28
46,20
11,7
20,26
34,5
21,27
7,13
45,12
36,25
32,7
15,12
29,17
17,30
4,30
18,26
21,25
15,30
6,16
41,10
36,6
33,20
40,21
27,11
11,4
49,25
44,2
14,6
26,19
20,23
2,13
24,16
5,29
9,3
35,30
23,23
26,14
49,23
1,5
28,2
9,12
15,16
0,26
5,19
7,30
36,16
42,13
38,13
35,3
0,27
33,4
6,29
45,24
47,28
45,5
25,30
11,16
28,15
12,2
8,20
47,9
33,14
16,24
44,15
22,25
13,12
25,2
32,16
29,24
6,23
5,7
29,25
35,27
4,25
27,13
32,10
13,6
6,16
5,2
48,11
39,14
27,25
40,19
7,22
9,17
11,10
29,30
44,24
29,23
1,14
28,2
42,17
24,8
17,17
5,22
0,20
22,15
32,9
12,13
46,9
33,27
34,19
37,25
20,6
4,30
5,24
8,29
18,26
19,9
28,4
2,19
28,4
6,2
8,22
26,15
27,14
36,14
33,5
44,1
37,22
8,6
44,2
36,25
10,15
22,9
45,6
23,25
4,9
36,28
38,12
7,22
2,19
14,9
18,14
15,21
29,3
16,16
14,28
4,1
6,26
48,2
26,15
0,23
18,26
8,9
29,12
26,21
11,18
18,8
4,18
11,28
17,25
39,8
6,9
7,3
12,15
9,11
32,20
26,24
38,16
28,22
47,23
4,29
19,10
19,24
5,28
12,14
49,15
17,25
32,7
37,29
25,27
39,27
50,19
28,26
49,15
10,28
23,3
4,10
48,26
39,11
22,30
18,8
50,30
10,4
39,12
20,19
20,19
35,6
9,18
40,7
44,18
1,12
31,15
29,24
36,30
6,7
48,28
50,13
0,30
13,21
30,7
6,5
49,29
29,26
8,14
43,25
0,27
1,21
33,12
42,17
48,15
24,20
8,11
36,24
33,17
36,3
2,13
21,7
38,30
5,5
48,18
14,6
16,13
14,23
47,10
31,5
16,4
22,22
41,27
3,9
31,14
36,9
6,12
10,4
18,12
26,30
5,18
12,25
18,7
46,2
4,18
19,29
27,24
27,3
49,22
47,13
37,18
20,23
30,20
8,8
17,13
8,1
29,18
11,24
25,12
25,25
22,28
15,13
19,7
25,12
38,1
27,23
36,4
46,21
37,12
19,17
1,16
18,1
40,12
1,6
0,1
41,6
35,10
32,2
37,13
48,14
9,24
4,13
17,9
15,2
11,19
49,25
44,18
44,15
25,10
22,10
16,3
13,8
34,28
6,17
24,14
44,9
49,6
6,8
45,26
41,28
47,17
14,1
17,19
20,25
20,26
36,3
33,28
13,8
29,21
5,27
42,2
16,8
1,30
36,22
46,23
1,16
50,14
5,4
16,4
18,13
2,20
45,19
27,7
12,27
4,23
29,9
11,7
24,25
32,21
24,16
27,14
18,18
22,7
7,28
43,22
18,1
19,8
45,6
48,21
22,9
10,10
19,24
47,23
44,22
26,28
9,14
43,8
3,30
17,13
20,23
19,16
3,17
18,8
45,4
43,13
43,16
20,27
18,22
41,9
30,25
1,16
25,25
18,26
16,5
16,7
41,1
38,13
43,5
1,10
9,15
41,23
1,11
4,24
19,7
3,15
38,7
30,24
31,13
30,10
41,13
24,9
13,13
46,11
50,19
34,30
35,6
5,21
22,7
37,28
46,25
44,4
45,14
40,7
21,22
32,11
4,28
47,18
48,26
8,9
35,9
15,26
1,4
4,1
7,20
37,22
17,1
41,30
41,28
7,6
33,1
18,8
14,26
37,18
39,3
28,27
31,6
5,6
37,2
9,25
28,13
33,16
15,18
39,27
12,25
47,5
49,17
42,30
18,6
5,2
31,24
5,29
37,19
15,14
29,27
17,21
50,9
29,11
3,21
47,24
50,17
16,21
47,24
6,5
17,2
26,6
10,1
14,11
4,26
50,19
8,11
27,10
0,25
15,13
44,18
1,26
2,2
27,5
14,3
24,26
50,21
35,1
35,2
0,7
9,15
12,11
0,10
22,4
35,29
27,7
47,18
22,5
38,15
25,6
45,25
10,19
16,28
34,17
44,16
24,23
23,11
35,19
19,24
44,19
31,5
50,23
46,29
30,24
42,9
35,3
5,14
5,28
22,14
31,1
40,13
4,1
13,1
42,23
20,24
33,4
30,1
29,16
6,18
7,26
32,5
8,8
10,6
19,23
12,27
1,12
25,18
26,12
39,21
21,16
14,27
38,29
47,15
48,3
10,23
46,9
32,11
7,16
22,9
9,8
29,27
6,7
7,2
3,16
39,27
47,26
36,8
5,16
17,21
33,9
37,16
21,26
16,15
13,2
34,3
50,23
47,22
20,9
48,12
6,1
46,26
13,5
23,26
47,8
14,24
16,8
11,19
11,17
43,10
42,5
47,29
18,15
3,15
29,24
37,13
5,4
42,10
48,6
6,28
26,10
39,27
10,1
36,26
13,5
35,25
47,2
8,8
30,16
12,27
11,21
39,29
9,29
42,28
35,27
28,5
25,15
11,24
6,20
0,28
32,28
17,27
7,30
29,3
46,3
1,27
50,5
16,5
29,26
36,18
0,21
4,9
44,12
43,12
39,14
15,9
13,21
6,16
24,14
36,19
11,24
29,22
6,3
16,12
25,24
2,13
43,21
4,8
36,24
24,2
48,4
23,2
26,9
3,14
44,27
22,10
46,4
38,19
27,11
28,2
12,11
23,20
45,19
14,25
38,24
7,30
45,28
31,13
15,12
29,28
47,14
18,25
18,27
13,22
2,9
37,17
0,17
1,16
5,24
46,8
33,3
5,23
12,16
21,3
4,25
1,7
44,21
40,28
1,14
28,7
37,26
13,27
47,4
43,29
19,4
30,13
4,26
36,5
29,7
24,16
48,2
40,22
50,13
32,8
7,11
23,10
9,2
39,2
6,29
41,17
4,14
15,16
20,27
45,25
7,11
36,28
33,13
9,27
50,1
16,23
36,8
34,3
22,8
45,4
2,14
22,9
25,25
37,11
26,13
32,5
9,3
39,17
36,4
6,29
25,21
1,23
5,17
35,17
17,15
8,19
33,16
25,17
36,12
0,13
2,1
28,4
26,5
48,25
38,4
11,7
31,19
14,3
9,27
36,20
34,27
9,14
27,30
5,3
42,2
38,28
34,21
32,14
9,3
11,18
5,8
29,25
43,21
40,29
7,10
2,7
44,21
44,28
8,14
45,28
30,24
49,14
19,3
41,10
36,26
46,2
39,13
43,5
42,21
33,15
39,19
24,27
24,17
35,24
41,30
20,29
37,7
2,2
31,29
38,21
15,8
50,27
33,13
4,14
2,11
27,25
43,3
38,16
32,13
27,30
32,27
43,28
29,3
48,20
12,13
42,30
18,22
11,18
4,2
10,28
5,1
50,18
38,13
26,18
10,23
44,23
3,13
20,9
48,5
15,27
11,22
50,2
48,16
11,23
47,29
34,8
42,24
13,4
45,18
15,1
34,3
10,23
22,7
50,16
3,12
44,17
6,2
6,19
49,6
35,15
46,13
9,14
21,27
13,10
29,3
43,6
35,12
28,24
7,11
29,18
5,24
23,30
49,28
48,2
35,24
0,25
48,1
24,11
39,18
21,12
22,15
33,27
25,17
44,12
11,4
2,30
18,29
33,27
27,20
25,30
35,14
2,3
2,20
38,14
16,26
9,9
39,3
30,22
0,9
39,17
6,5
29,8
44,23
49,19
40,15
40,26
39,19
40,3
11,1
33,4
28,1
23,25
7,29
23,20
42,7
12,14
5,9
0,12
1,14
2,28
5,17
28,21
37,4
22,27
37,12
18,7
30,11
50,16
8,20
32,13
34,22
47,24
33,28
26,1
26,21
16,10
21,24
40,25
5,1
35,4
12,7
45,27
42,13
42,26
16,14
41,19
29,2
4,17
48,20
38,13
41,18
17,29
17,30
2,6
41,30
17,23
47,18
2,28
15,10
3,24
47,2
9,13
49,25
35,14
29,6
34,23
24,18
43,28
48,5
2,22
4,13
8,6
36,30
25,18
20,22
32,2
26,30
42,13
24,15
25,4
23,14
15,18
36,27
7,28
9,19
21,6
2,2
31,14
27,2
37,16
30,29
25,6
41,10
40,2
12,8
18,1
11,20
6,12
29,17
49,13
38,21
42,21
44,26
23,21
31,22
32,5
14,6
31,10
14,17
39,10
28,18
2,28
38,25
7,10
41,1
27,9
38,12
47,13
38,13
12,11
38,3
0,16
21,20
46,7
2,13
18,30
29,26
20,5
2,12
42,14
46,7
10,4
5,11
30,5
31,6
15,30
50,21
5,21
45,22
44,15
44,29
19,28
26,10
4,28
38,13
40,8
45,20
5,1
4,14
38,12
9,23
4,25
8,3
19,3
38,16
5,13
31,23
34,26
4,3
41,14
43,24
32,20
47,1
18,17
1,15
10,20
7,8
16,24
6,28
22,11
37,11
14,20
23,10
32,1
6,13
3,3
28,27
43,26
36,17
26,25
16,11
18,23
29,30
9,9
17,17
27,7
7,25
0,9
47,21
45,13
18,8
41,10
15,27
6,27
46,12
33,28
21,12
48,16
35,15
4,18
31,11
34,24
22,18
25,12
41,15
2,2
0,3
45,24
24,30
25,5
15,2
22,12
12,23
49,15
39,10
44,10
1,3
48,20
36,2
32,18
46,29
21,10
44,26
23,6
30,8
24,2
35,4
5,18
8,5
44,8
36,3
30,30
17,5
18,13
38,14
10,10
27,3
42,7
35,20
9,2
37,15
43,28
32,7
8,13
22,25
31,26
11,26
47,11
32,20
27,14
35,4
17,1
10,30
44,5
26,29
16,19
38,3
4,4
14,6
49,16
46,29
8,20
43,9
16,12
50,27
19,15
49,16
45,25
45,30
15,26
28,24
19,12
35,4
15,16
43,24
14,28
37,20
7,23
8,19
32,5
25,11
8,28
46,10
24,17
28,25
42,7
17,13
35,12
28,29
19,8
27,3
38,29
41,16
14,13
5,23
33,7
25,29
9,19
12,1
18,25
26,24
37,9
4,17
24,26
27,4
41,13
4,17
13,27
19,9
12,4
36,14
36,9
22,29
15,26
39,14
18,14
22,23
0,4
39,24
47,22
22,4
29,25
15,4
33,21
28,12
1,4
47,25
30,14
35,3
0,2
35,3
23,14
36,29
49,30
3,30
44,22
11,18
19,22
3,6
26,8
25,27
8,14
47,8
9,28
4,28
35,24
18,8
38,23
16,30
1,8
19,10
10,27
14,10
3,26
16,20
43,18
17,29
46,21
15,26
47,25
36,14
32,3
3,28
37,7
16,26
38,26
5,25
31,15
26,21
2,23
19,11
6,30
48,13
19,19
33,11
16,2
26,26
36,26
31,7
48,20
26,25
26,16
38,8
32,8
41,2
37,1
30,15
17,22
36,28
0,11
0,16
26,2
16,7
41,10
12,10
20,30
19,4
42,10
27,15
45,25
39,1
18,27
7,12
11,19
24,21
42,20
18,9
35,10
13,25
35,30
28,10
13,30
46,28
11,12
44,25
26,18
1,10
14,8
16,23
6,13
33,8
11,11
21,3
43,10
5,28
35,2
38,15
16,14
11,10
40,10
9,7
39,3
3,16
28,2
15,18
14,8
43,29
38,20
18,2
13,9
25,7
33,15
23,29
15,13
3,27
39,5
27,30
49,1
30,6
26,25
27,30
32,24
35,17
39,9
4,18
3,14
45,13
23,5
44,26
15,13
12,26
32,19
35,3
49,5
24,26
18,29
34,7
35,4
19,29
1,13
24,20
16,25
43,16
1,10
21,29
27,5
16,19
1,5
37,5
13,4
19,26
49,8
1,20
20,22
3,8
22,24
16,30
40,11
45,29
34,5
35,26
5,25
15,20
36,14
15,24
20,13
40,17
4,7
28,12
31,19
12,15
31,10
38,27
28,20
34,16
5,10
9,28
43,17
45,24
15,17
9,2
46,13
19,13
40,19
41,5
38,9
21,27
11,11
10,2
12,14
8,11
30,5
7,13
32,30
47,22
1,13
36,12
47,28
34,8
29,29
20,26
39,16
38,28
39,8
32,9
33,6
13,22
46,9
32,30
2,25
27,7
30,14
11,29
14,18
15,11
46,22
47,28
25,11
40,30
26,19
40,18
13,29
14,9
34,10
32,30
15,4
16,22
38,23
6,23
28,23
23,10
29,6
24,21
3,10
46,11
25,16
6,5
12,12
22,20
47,16
42,16
26,10
19,13
45,12
13,4
20,6
35,14
14,10
31,14
40,6
27,19
33,15
8,4
39,1
14,12
23,13
49,5
12,16
26,15
25,22
33,2
18,4
48,1
48,29
1,10
44,8
3,16
14,16
18,11
27,3
8,14
41,1
36,11
46,13
10,24
2,17
15,2
30,18
6,24
47,2
3,3
21,30
25,29
48,17
49,2
7,12
3,27
46,5
31,29
37,6
0,28
43,3
12,26
10,19
22,28
19,27
49,4
15,27
18,13
0,8
3,15
33,16
23,4
20,3
25,24
29,23
14,21
13,13
20,29
47,10
49,9
2,17
27,17
12,15
42,16
13,27
7,18
49,3
30,12
13,24
16,21
3,21
16,25
28,23
40,12
30,10
25,21
23,10
45,6
7,22
15,26
19,15
15,28
27,14
45,14
0,15
32,19
17,7
19,28
7,7
37,9
42,5
15,10
48,4
27,5
28,2
7,15
21,26
3,14
25,15
13,13
38,15
43,20
4,15
45,28
15,22
40,3
2,21
21,10
24,25
41,10
32,18
6,28
38,18
6,24
42,21
19,23
32,28
36,17
43,20
43,11
4,7
31,11
9,9
5,22
42,21
8,25
41,22
8,23
50,24
14,30
14,21
21,22
5,30
21,12
47,5
16,13
48,25
45,19
6,1
43,21
4,20
5,18
34,7
14,15
13,6
38,25
17,12
30,24
3,23
9,17
27,10
20,18
50,8
42,28
4,27
35,6
35,14
23,13
28,4
25,22
5,12
6,11
30,7
28,23
24,6
18,18
50,24
24,16
6,22
18,10
24,30
18,26
23,28
16,7
44,23
6,22
31,2
2,7
48,3
6,30
35,2
47,15
41,11
9,19
30,6
2,29
48,26
4,21
29,18
34,8
37,10
11,1
2,1
48,18
13,12
36,7
6,17
11,16
35,14
7,14
19,20
22,11
42,4
48,15
13,12
39,8
17,6
13,26
8,3
22,16
41,21
7,23
37,24
43,30
22,10
11,7
21,9
3,6
26,14
42,19
36,7
14,5
36,6
20,5
35,22
4,14
24,7
2,18
44,9
4,8
21,3
44,30
8,18
47,21
5,23
20,11
3,8
9,21
22,16
5,5
46,5
33,6
20,20
6,16
34,30
11,5
41,22
21,17
18,15
1,25
9,6
6,5
19,19
22,9
28,10
23,29
19,5
35,30
18,14
17,19
37,1
18,9
7,16
14,25
22,25
41,13
13,29
18,8
8,26
24,8
28,12
2,22
19,1
46,11
27,17
42,10
0,15
49,12
18,23
14,29
39,16
41,3
46,23
43,13
36,4
10,13
14,21
48,4
45,12
37,23
14,13
20,22
28,15
24,28
23,3
14,2
28,18
31,28
25,16
32,30
23,5
22,1
28,24
49,2
3,22
45,7
43,30
21,28
10,9
6,14
30,2
4,8
24,3
29,7
17,11
14,6
44,13
2,11
12,26
2,25
15,23
26,7
45,5
42,13
48,2
43,21
49,20
14,12
49,30
2,3
10,2
23,16
44,8
46,1
43,29
25,28
39,12
35,1
13,6
20,17
20,1
45,20
44,4
44,18
26,11
3,25
47,8
35,23
7,20
6,28
21,2
14,17
1,26
40,8
22,16
2,28
35,26
29,25
43,13
49,17
19,15
30,30
34,6
43,15
44,21
22,4
38,2
17,28
13,29
38,8
50,13
44,22
47,15
10,26
34,11
7,28
46,21
34,12
35,27
49,19
19,27
42,15
43,11
12,2
50,19
47,16
13,27
6,30
28,14
0,23
18,28
49,5
2,12
13,15
11,24
12,18
1,21
16,20
40,12
37,28
19,7
29,3
36,23
17,1
18,26
11,3
40,11
33,20
14,14
13,30
45,7
9,28
13,7
45,22
26,16
17,21
14,10
6,28
16,30
23,12
27,20
22,26
27,9
18,2
1,19
24,11
36,29
33,21
48,1
39,6
37,27
0,14
40,1
48,15
20,14
2,30
13,14
10,2
8,13
29,6
3,25
3,10
31,16
10,16
19,20
12,23
1,24
7,19
45,13
41,2
17,8
14,26
15,9
11,11
29,27
42,5
15,17
31,1
49,8
40,13
36,6
47,24
8,17
22,4
10,27
37,8
22,25
34,1
31,15
21,11
43,26
49,21
32,15
44,3
34,23
6,13
45,7
3,29
7,17
30,26
41,12
39,17
24,23
13,24
32,4
39,27
47,28
14,5
42,9
6,8
46,3
16,29
40,16
47,25
24,19
6,21
45,29
17,14
0,23
21,22
1,16
4,27
10,20
24,9
22,18
40,8
40,18
45,4
41,19
11,24
14,5
46,19
15,27
2,21
10,29
4,14
46,10
28,6
36,12
18,17
41,21
20,16
50,21
35,27
50,9
46,5
12,4
13,7
13,9
10,5
41,12
13,4
6,23
49,11
31,10
9,14
47,5
36,1
46,10
19,23
2,19
26,28
25,23
19,19
5,10
21,11
30,6
26,12
33,21
0,21
47,4
21,28
8,9
49,10
50,13
13,7
24,21
13,18
28,13
24,12
40,21
2,21
17,27
8,9
13,6
28,22
35,14
7,9
0,12
34,19
6,25
12,1
8,8
39,29
38,23
41,15
18,2
11,15
9,5
2,10
23,19
24,10
16,5
30,19
18,28
38,9
45,5
35,7
31,29
32,17
22,23
3,1
37,11
29,29
12,22
17,27
41,6
11,9
4,10
36,20
21,3
9,24
44,13
27,28
50,19
17,25
37,19
35,24
48,5
36,17
1,30
14,28
7,30
28,3
17,1
50,12
9,7
41,16
1,15
48,25
5,18
19,20
28,3
43,27
36,19
15,16
29,22
40,10
30,11
20,20
43,29
27,23
43,10
39,26
37,11
17,27
19,23
14,3
7,27
15,19
42,28
41,20
38,3
1,6
47,28
12,18
7,7
1,6
48,27
34,12
34,20
23,24
41,21
10,22
38,16
28,1
8,15
19,15
47,24
46,7
40,21
46,13
22,6
47,7
39,21
47,8
26,29
40,10
37,30
46,26
47,3
36,3
16,3
19,10
26,3
23,18
12,30
29,7
45,5
44,23
15,18
41,20
5,27
37,16
4,2
46,5
28,9
32,30
2,9
32,23
24,28
41,10
43,11
35,16
42,30
8,4
27,2
5,30
23,17
29,3
9,12
48,6
49,22
1,7
47,30
22,13
23,19
46,10
33,18
0,22
35,7
0,6
5,26
21,25
19,11
32,12
25,18
50,13
40,3
1,30
2,10
48,19
36,13
9,4
22,2
22,24
34,2
48,28
44,28
35,26
38,10
35,14
18,19
25,1
35,2
11,15
33,3
8,6
31,15
6,24
43,9
34,5
28,9
26,9
40,3
43,15
39,28
14,18
36,6
5,9
4,20
38,19
20,29
30,9
13,11
25,29
0,5
36,22
10,26
47,16
12,10
20,29
6,8
8,3
48,30
13,8
35,16
6,6
40,12
11,30
10,9
12,6
3,23
31,6
8,8
48,16
41,6
12,8
15,24
41,30
16,2
38,1
22,30
48,16
14,10
24,23
17,15
20,21
50,19
36,29
32,30
25,17
47,14
23,11
29,15
34,4
45,21
22,11
34,12
10,9
1,15
43,3
10,9
13,14
39,4
33,13
39,17
44,29
1,19
11,17
38,11
35,8
8,15
13,18
22,10
45,19
30,28
44,20
43,7
39,2
39,18
42,22
38,21
43,11
19,14
8,14
31,14
47,25
49,13
26,4
1,9
31,18
19,17
14,8
8,3
13,9
1,25
21,11
7,5
15,4
47,24
33,27
11,5
15,30
19,17
30,12
39,2
1,29
40,19
14,23
30,17
43,13
37,25
17,12
38,19
9,14
43,12
0,13
24,27
18,15
20,5
39,17
20,18
15,19
30,10
40,12
42,6
40,9
50,26
31,13
30,10
23,25
3,5
27,19
29,18
47,16
21,10
36,26
37,14
33,26
25,22
8,28
8,6
20,27
40,21
21,6
49,27
46,7
12,21
38,20
44,15
1,9
14,30
31,22
15,23
26,29
2,28
16,11
34,30
48,22
32,15
28,6
50,26
49,23
18,15
5,9
43,21
1,4
48,14
1,8
26,15
49,28
44,4
17,30
31,26
9,12
15,12
38,6
29,4
21,2
10,21
38,23
4,5
21,26
11,7
45,10
27,13
38,16
23,28
12,11
18,14
31,17
44,18
42,6
22,22
20,21
33,30
42,9
37,13
36,18
46,22
6,9
15,8
12,19
41,18
4,13
48,5
37,3
27,6
19,8
22,10
27,14
22,23
16,19
42,9
10,5
33,30
39,1
8,14
47,15
6,22
28,1
50,12
22,29
24,1
20,24
11,21
14,30
11,18
45,10
17,28
35,14
49,29
1,16
24,9
46,7
33,20
15,17
7,7
37,5
22,6
15,3
7,11
0,21
8,12
9,28
36,16
12,3
45,3
48,9
37,9
39,18
24,18
35,12
38,8
26,5
20,5
18,20
25,28
21,28
32,9
4,25
20,26
46,29
24,16
16,4
43,5
26,2
10,8
29,8
22,29
27,16
5,27
41,28
11,1
41,11
44,17
5,5
14,26
17,25
39,5
42,6
12,15
30,15
46,25
34,4
29,6
34,4
26,15
48,15
32,9
0,3
38,13
46,23
19,8
23,17
2,19
44,26
19,5
40,20
8,11
21,8
23,3
25,7
22,29
50,7
17,11
22,14
35,28
19,3
16,15
26,1
18,26
27,10
0,17
19,12
15,19
34,30
3,29
9,16
31,1
14,27
28,29
2,19
27,24
49,20
44,8
21,24
48,13
33,10
16,21
28,27
33,17
17,9
25,24
30,4
2,27
10,2
41,8
9,10
3,3
33,24
41,5
39,18
37,24
48,26
50,11
45,12
3,12
37,30
40,9
16,21
29,7
32,21
41,25
15,1
27,16
42,7
22,20
23,1
43,8
26,7
13,13
48,28
45,10
18,18
17,10
8,8
46,22
35,10
17,26
8,1
34,7
22,13
25,30
33,25
31,5
48,22
6,27
43,4
35,29
32,2
23,13
10,24
30,28
4,7
49,10
3,18
6,1
43,2
11,24
25,30
41,13
9,23
26,30
35,9
25,24
5,25
16,16
28,15
18,15
49,10
46,13
14,25
45,26
12,12
34,7
22,23
20,20
28,24
38,19
26,24
12,9
20,5
37,17
17,24
37,5
28,1
12,7
1,2
27,15
33,30
39,5
24,30
15,26
49,21
20,12
9,5
25,12
19,6
26,21
29,7
39,25
18,7
27,1
24,21
43,11
40,9
30,25
20,7
3,7
48,4
47,2
4,28
47,23
25,2
46,6
14,15
16,13
31,9
26,11
31,13
18,1
1,28
23,6
30,20
5,23
45,7
13,9
47,2
27,17
30,12
46,22
22,12
29,6
15,7
14,28
6,3
7,8
26,17
49,9
43,23
20,19
10,29
30,25
0,12
36,12
30,15
31,21
44,11
43,11
38,24
32,29
24,2
19,6
34,13
2,5
46,27
22,23
12,25
5,21
35,17
21,20
45,7
7,23
36,1
2,13
35,19
45,24
19,23
34,14
32,5
5,25
47,17
18,6
8,20
0,15
34,18
19,17
18,10
31,29
30,16
21,10
19,16
1,20
45,18
41,10
36,20
36,28
28,12
29,21
34,27
33,10
49,21
4,15
2,22
47,8
10,17
19,10
15,7
31,27
16,19
46,24
17,6
14,1
1,21
39,17
21,7
43,8
47,16
34,12
17,11
19,23
29,4
26,27
15,18
26,15
3,30
38,9
9,23
40,29
12,2
38,8
21,16
36,21
3,1
26,20
41,22
31,10
41,15
41,28
49,30
22,9
38,28
5,2
38,29
13,29
1,17
3,28
5,25
19,17
0,23
34,20
0,7
11,30
31,21
15,18
0,17
41,25
27,26
50,21
6,9
46,15
34,17
46,19
47,17
37,10
38,4
47,6
41,12
24,9
16,18
34,27
17,17
9,6
29,14
1,18
49,13
5,17
38,13
28,20
42,15
10,28
39,6
15,6
29,21
39,21
36,19
22,4
11,10
7,2
36,3
14,5
23,12
30,3
9,17
8,13
48,2
26,24
41,11
0,23
47,10
36,25
10,12
20,10
28,22
17,8
49,15
42,3
46,4
48,21
25,19
1,29
26,20
42,22
35,25
17,17
47,1
43,6
32,14
31,20
37,11
22,17
35,4
19,16
10,4
32,26
50,6
26,25
0,28
1,4
40,26
15,6
25,25
39,10
9,10
19,18
1,21
8,28
24,26
32,28
33,26
15,27
39,28
39,20
27,23
34,1
31,12
17,26
47,13
34,29
10,11
6,17
34,7
41,15
8,22
5,29
38,12
2,25
34,21
27,25
8,12
39,3
9,10
23,12
10,27
37,22
37,16
17,22
22,29
34,1
50,2
30,22
50,18
31,20
26,3
21,17
18,16
42,19
29,9
22,15
41,12
34,12
21,4
43,7
19,2
8,1
27,20
26,1
36,9
36,1
13,28
2,9
44,13
38,4
40,5
16,17
43,22
21,1
21,8
3,2
15,20
8,12
16,19
47,28
17,19
35,21
32,14
48,12
46,14
24,17
17,3
4,28
37,3
49,30
47,26
12,15
5,12
30,13
45,4
37,18
25,14
27,7
49,29
13,28
33,24
20,10
45,6
19,29
8,27
20,23
21,8
41,28
45,8
1,29
4,13
48,28
16,3
46,2
41,5
36,14
1,8
24,15
1,6
43,7
23,10
22,19
16,14
12,9
43,23
27,13
32,10
24,3
0,25
10,20
43,14
8,8
47,8
10,14
43,17
42,20
7,13
11,9
28,29
24,18
37,24
47,28
26,9
25,17
50,2
29,20
36,6
1,17
16,29
27,24
24,4
10,17
16,29
1,3
45,20
46,24
2,17
40,4
20,9
17,16
18,4
37,4
39,12
28,26
39,8
27,13
14,19
15,3
18,25
23,17
5,26
37,3
17,13
15,10
33,2
17,21
28,14
31,16
23,18
19,20
20,17
45,22
39,3
14,25
18,2
7,14
20,27
26,29
17,21
3,27
44,28
1,14
27,26
30,1
1,16
49,29
13,5
21,8
34,4
15,14
24,7
37,21
19,21
16,17
25,30
16,9
36,26
48,9
34,5
5,14
21,6
10,27
43,8
7,20
29,30
7,28
35,21
42,30
8,27
28,20
46,7
31,10
10,13
48,29
46,1
27,3
2,30
29,16
13,30
34,11
8,27
17,2
14,4
34,26
33,21
45,27
17,17
27,18
16,26
17,29
14,28
42,8
7,15
25,26
7,7
29,12
23,17
39,21
30,28
29,7
49,25
9,19
7,24
2,6
29,1
1,12
31,23
34,2
22,28
42,17
45,12
6,17
33,1
2,12
21,14
9,11
2,26
41,11
16,24
46,14
28,15
48,27
43,6
30,4
32,23
42,22
27,26
50,10
1,7
15,15
27,16
18,26
12,16
4,29
48,5
38,30
26,25
17,23
4,16
4,10
25,19
45,9
45,11
13,26
29,27
19,25
35,28
17,3
36,21
23,22
41,13
5,15
24,18
27,5
6,25
48,9
41,6
34,9
22,28
23,25
39,10
45,24
43,28
37,1
34,15
26,1
45,28
44,29
44,26
19,21
46,27
9,19
10,7
5,17
43,9
6,21
42,28
37,25
34,14
30,1
38,9
20,19
35,22
37,28
23,21
11,2
43,25
12,25
34,1
22,1
40,3
22,1
39,13
39,29
4,29
11,24
37,8
11,29
30,1
10,30
42,10
35,23
47,4
10,12
37,20
39,8
41,28
44,8
22,27
38,29
8,15
40,29
33,14
5,20
0,18
4,22
20,17
9,29
37,12
31,4
50,16
1,10
41,25
13,17
28,8
7,21
6,3
23,29
50,23
1,19
30,8
31,5
19,21
41,1
16,28
34,23
42,25
21,11
25,12
33,28
22,18
1,2
14,12
42,18
27,20
20,11
26,14
46,15
32,12
23,11
37,10
10,21
50,10
6,5
3,21
42,17
41,7
25,30
21,12
2,16
26,1
25,19
12,1
3,15
19,29
34,18
36,3
5,3
48,7
24,2
14,2
41,17
34,18
1,8
42,1
1,22
12,8
10,13
19,7
20,12
26,26
29,15
36,7
37,25
25,28
50,24
39,9
43,2
36,9
47,7
48,27
15,13
48,23
46,23
38,13
35,13
47,14
42,2
6,3
26,29
33,18
26,1
28,2
46,15
14,15
36,23
43,15
2,19
15,30
12,7
18,17
47,21
16,22
34,12
12,8
16,12
12,22
14,12
26,20
47,2
20,9
27,26
42,15
30,17
10,14
40,16
18,14
8,24
22,8
37,11
40,1
45,11
22,11
15,8
5,14
11,30
43,20
17,5
17,9
13,22
35,29
42,2
18,4
24,15
0,20
13,3
40,8
20,16
35,4
10,30
49,12
20,10
8,6
1,2
9,23
24,12
27,28
3,1
17,21
37,20
7,29
40,12
9,16
48,9
11,7
34,13
37,16
40,11
40,13
7,14
43,14
9,11
43,29
11,15
46,30
38,17
17,3
38,21
29,26
16,10
48,17
24,10
37,27
19,11
32,7
44,19
13,26
11,30
22,16
23,7
25,25
10,26
40,4
41,6
14,24
26,12
13,18
4,13
48,17
16,19
40,15
8,28
29,1
37,15
21,5
1,22
42,14
24,22
17,2
40,30
12,29
46,9
43,27
8,16
16,28
4,21
30,16
13,23
8,17
6,28
19,19
49,30
2,19
45,27
25,1
8,16
49,18
34,29
32,16
29,19
46,1
1,1
3,23
16,27
28,13
41,10
20,23
10,21
27,17
9,2
2,5
35,18
30,30
45,17
31,17
27,16
19,27
40,8
26,17
13,14
35,25
8,1
30,15
14,17
19,12
31,18
21,9
46,26
22,10
13,2
48,17
30,27
4,8
3,16
46,12
32,30
28,22
39,9
11,27
11,9
40,27
25,29
9,6
15,4
24,22
42,15
47,6
12,27
46,6
22,23
40,22
34,5
2,14
0,8
24,22
23,7
23,20
30,22
0,8
13,1
26,17
43,7
50,4
37,10
28,8
31,6
37,4
39,21
23,27
43,8
21,26
16,29
24,1
8,1
6,20
10,10
38,19
12,9
22,20
35,27
12,11
35,5
18,24
14,19
28,11
37,13
36,24
45,20
6,27
41,6
12,20
4,3
23,17
11,2
48,3
29,24
11,29
9,22
45,30
47,3
26,18
11,23
35,24
44,16
37,9
26,4
25,2
37,17
40,9
42,15
48,29
13,25
30,5
49,4
25,1
6,12
40,14
19,6
4,12
12,8
12,2
11,4
15,29
2,1
16,15
40,23
45,24
44,7
21,7
48,9
27,10
28,3
13,21
21,6
4,30
4,6
10,7
18,4
13,12
33,1
26,25
41,13
39,26
40,18
13,5
42,6
39,24
15,7
38,27
40,17
41,22
25,17
11,5
10,19
2,21
48,20
19,14
39,10
20,13
5,26
29,14
4,17
48,24
11,25
26,6
33,30
19,15
31,28
3,20
39,29
25,13
33,12
42,28
41,22
18,7
25,4
15,28
48,26
49,20
43,15
34,23
20,3
40,1
8,16
11,25
1,22
17,4
50,11
26,29
49,6
5,13
27,29
19,4
23,24
13,25
30,23
48,16
9,12
37,12
1,25
30,23
27,8
17,29
24,15
29,28
38,11
21,9
6,12
3,9
12,7
3,28
24,14
21,27
50,1
3,29
34,5
29,8
18,15
41,22
9,24
19,19
26,12
38,9
27,16
10,1
30,4
18,5
47,1
36,10
18,30
32,18
14,17
49,5
41,22
11,1
34,14
50,23
0,10
14,23
22,12
0,14
28,10
28,14
5,30
41,8
14,7
22,12
8,6
46,23
43,1
12,30
41,2
7,26
39,23
18,12
22,20
23,28
37,30
43,10
7,6
38,21
6,20
26,11
16,13
4,7
50,3
17,29
40,8
42,20
24,19
3,23
40,18
31,16
41,28
41,23
50,17
31,23
48,30
0,12
49,15
36,11
46,29
3,20
25,3
21,20
35,3
15,12
15,9
25,30
2,27
32,5
47,28
19,16
9,1
16,11
42,3
32,14
9,18
32,22
13,19
40,24
20,12
2,11
8,13
18,22
40,6
48,15
24,12
30,29
19,16
40,23
40,13
13,30
14,12
11,2
19,10
34,12
14,4
17,14
3,10
16,15
32,30
23,29
23,6
15,14
26,28
4,23
38,19
36,3
9,24
20,3
21,9
45,9
42,22
26,2
39,7
39,12
26,25
23,20
15,26
7,2
27,1
48,16
2,23
2,6
1,15
17,14
1,19
17,28
5,18
20,11
10,23
17,8
38,29
40,1
9,21
27,4
45,21
10,14
8,30
18,27
31,6
33,9
3,29
15,1
17,12
35,7
13,21
22,30
36,10
33,1
15,1
10,12
39,26
34,2
3,10
31,29
21,7
48,19
40,21
34,25
48,30
18,30
15,16
28,23
44,30
46,7
42,26
43,23
34,8
8,7
15,30
19,20
46,22
35,15
3,14
19,5
18,30
24,11
33,1
43,24
18,1
35,24
30,3
38,27
30,3
28,19
28,4
6,18
30,15
1,6
2,19
25,25
24,26
33,5
7,2
33,20
36,13
11,10
46,12
45,6
34,13
8,2
41,20
29,6
6,12
42,6
9,14
19,29
9,29
33,30
13,9
13,11
6,27
28,12
13,8
36,26
30,21
38,25
42,7
46,11
25,28
49,10
47,7
20,26
37,24
3,21
24,17
3,23
15,25
15,17
24,28
12,22
23,26
4,19
38,27
39,12
8,13
22,9
40,12
6,30
9,1
33,7
31,1
7,13
41,2
38,18
33,19
34,11
0,21
43,24
15,14
38,2
3,22
25,6
35,22
34,28
33,11
22,10
35,3
8,27
0,13
10,23
31,16
11,9
47,15
23,18
6,15
29,7
1,19
24,14
4,27
44,5
14,24
44,24
29,3
40,2
47,27
9,16
39,1
43,19
43,7
33,25
37,22
43,9
40,7
33,3
39,7
2,24
46,28
10,29
17,21
19,9
6,26
17,27
4,2
39,13
16,30
7,14
36,27
33,30
20,12
43,14
15,12
48,29
13,30
26,18
39,2
38,28
25,23
34,29
3,25
22,4
37,23
0,27
37,23
13,20
22,21
50,25
6,10
18,2
33,9
41,15
28,19
13,12
3,6
4,21
25,26
10,3
14,6
50,1
14,9
48,10
14,28
42,7
13,21
12,27
35,15
11,30
34,27
38,30
37,6
21,18
18,21
3,21
42,28
0,16
8,11
8,3
48,21
29,26
31,2
42,23
33,4
17,19
13,5
25,27
50,10
45,8
18,20
41,16
38,7
22,4
5,16
4,26
15,8
35,28
47,26
20,11
39,18
13,8
20,6
20,19
20,11
15,12
31,20
11,25
9,28
9,20
1,29
18,22
44,21
13,13
29,12
31,6
16,9
33,30
22,1
32,15
0,18
18,25
14,6
28,26
8,3
0,10
50,30
31,9
36,13
21,14
42,8
41,8
40,11
15,8
50,25
15,2
27,19
17,20
28,1
29,10
24,19
35,16
37,5
49,5
24,7
29,4
29,14
32,30
18,4
16,8
20,22
21,3
42,23
21,19
38,29
22,25
34,27
37,26
10,21
20,25
23,12
0,18
4,13
18,15
46,28
21,28
10,2
22,6
37,11
49,3
36,21
43,25
46,30
49,13
9,9
49,17
21,17
38,15
30,21
14,8
7,21
4,29
12,29
27,29
42,9
25,2
22,13
46,5
6,6
2,24
41,24
11,29
14,25
36,30
0,25
37,16
19,2
7,24
39,11
21,17
0,13
37,9
46,22
41,24
9,2
31,28
12,21
46,20
35,25
47,19
6,30
14,19
45,2
11,8
7,15
31,16
24,1
16,15
32,2
19,25
41,6
43,22
16,8
45,18
19,4
6,26
24,22
19,8
36,22
41,14
25,7
25,26
6,19
46,6
20,6
11,19
7,3
29,11
50,12
15,6
38,14
33,20
36,26
46,27
47,9
48,18
34,7
7,7
30,6
34,18
22,11
24,1
35,18
24,23
16,24
20,26
17,6
6,27
39,22
11,10
39,5
43,26
38,8
50,20
18,14
40,6
11,11
49,25
38,9
36,6
2,2
16,22
48,29
42,29
13,10
32,28
15,8
35,30
2,18
2,30
39,23
36,9
28,30
48,7
14,17
43,26
33,11
15,28
49,27
36,26
29,19
43,15
10,19
16,13
41,26
11,22
8,10
32,30
27,21
5,1
25,18
8,10
30,12
25,7
15,8
30,27
0,3
34,1
9,25
42,18
16,15
0,26
33,10
7,26
29,12
19,12
22,28
25,30
22,25
24,14
40,9
41,24
3,8
31,8
35,18
27,18
23,12
12,24
42,16
21,6
0,1
48,28
20,9
38,4
17,10
21,19
5,6
30,23
0,11
42,2
1,19
44,2
35,13
21,25
40,2
17,21
14,9
36,4
24,17
9,5
32,15
0,25
46,8
43,12
12,1
3,28
8,3
13,22
11,12
13,14
49,17
48,17
17,20
0,16
48,30
38,23
1,7
2,30
22,13
30,29
25,12
32,9
44,11
3,6
17,28
8,28
50,1
38,11
6,13
48,27
29,29
4,12
6,5
7,11
50,17
42,4
41,21
6,15
45,2
20,23
18,6
26,3
31,15
48,15
49,30
34,7
0,23
43,16
35,16
18,6
1,23
34,19
47,30
21,25
1,27
42,26
8,18
40,11
28,9
12,27
3,14
15,3
25,25
3,12
7,24
47,7
0,21
2,7
13,28
34,19
35,28
8,21
1,22
49,8
12,24
32,1
37,29
16,6
7,11
22,27
28,11
39,10
33,14
11,15
9,9
17,20
26,10
6,28
43,15
35,12
5,21
35,3
23,24
8,8
4,16
9,7
49,12
27,3
43,18
21,29
27,24
30,17
35,25
35,28
47,20
40,14
18,5
25,12
44,18
15,9
37,17
44,29
30,16
33,24
28,2
38,28
49,8
40,9
50,18
21,19
9,7
12,12
37,6
18,9
13,30
44,11
38,9
33,18
49,14
12,29
48,18
20,18
47,11
33,18
1,17
35,14
30,11
5,2
6,9
28,17
40,19
39,5
46,10
7,4
24,3
23,29
30,9
18,21
10,20
30,14
39,26
41,17
7,9
6,12
29,19
15,3
42,18
47,8
44,23
9,8
24,10
41,24
41,18
25,25
13,18
7,15
39,5
27,24
14,20
18,5
25,6
26,14
9,6
17,3
29,10
36,6
38,22
18,6
37,25
0,13
26,20
26,12
6,1
31,7
11,10
33,17
46,5
35,20
14,24
16,13
18,15
1,1
37,18
12,29
21,15
43,24
4,18
0,1
45,25
21,18
26,10
45,29
0,18
28,29
30,29
44,17
31,3
23,29
36,16
39,15
9,24
0,23
31,25
8,30
44,16
50,4
44,14
44,22
23,18
33,19
26,9
4,11
37,17
30,12
27,15
9,4
8,11
33,26
45,30
48,3
48,27
2,6
41,26
18,14
17,4
46,13
34,29
21,7
7,15
39,10
32,1
28,5
26,21
22,1
40,29
44,4
24,4
34,27
29,28
30,8
36,10
34,20
33,11
40,19
34,17
15,26
35,19
22,20
49,8
7,24
19,15
12,25
34,15
30,12
5,10
43,2
18,30
50,11
7,7
41,10
34,18
42,8
50,30
4,12
41,11
1,14
25,2
8,15
1,23
14,28
18,22
2,21
50,27
49,9
14,12
9,18
24,19
16,20
44,10
3,9
3,13
27,14
3,23
9,25
39,1
23,29
38,12
16,27
15,14
47,8
24,15
30,1
25,26
2,17
17,19
49,7
30,16
48,23
44,12
10,5
38,13
45,13
29,12
34,4
2,26
17,28
17,10
39,28
10,10
1,18
27,21
39,17
17,29
2,17
35,1
48,11
47,5
44,9
24,16
31,11
24,10
38,2
35,18
14,28
20,22
9,25
3,28
35,5
8,23
13,29
8,16
34,20
48,15
5,18
28,6
34,27
45,14
45,3
37,30
10,7
11,19
35,7
16,6
30,25
19,30
28,21
6,14
40,24
31,23
13,3
45,19
25,20
15,25
14,30
43,16
5,20
35,21
44,26
34,19
28,4
44,1
9,1
12,14
44,23
23,26
30,2
30,2
47,20
21,16
33,4
1,9
17,11
0,3
32,3
46,3
22,2
46,6
11,3
5,11
33,24
49,24
16,26
26,28
3,19
40,24
38,27
22,18
27,4
21,6
39,3
30,27
9,23
3,16
12,29
39,10
14,3
28,29
2,16
46,22
8,22
18,26
37,25
31,23
30,3
44,4
35,21
20,25
12,28
9,10
32,10
35,19
29,2
43,16
25,2
9,11
14,28
31,19
34,2
40,17
14,18
32,25
42,3
15,12
39,12
41,3
23,30
40,1
32,18
15,1
46,5
18,22
43,4
38,5
18,28
20,11
42,18
21,23
6,12
15,8
13,24
12,3
31,19
45,11
44,25
5,11
25,2
14,4
12,8
7,25
18,3
16,11
28,11
37,21
0,12
23,22
36,10
12,21
24,4
28,15
12,3
32,25
26,14
21,27
0,26
12,13
38,14
27,26
47,19
30,2
47,30
32,7
11,5
12,10
13,14
40,22
41,26
27,12
33,20
32,18
4,11
40,27
19,13
28,10
2,23
11,6
6,22
6,11
24,1
15,14
39,7
27,19
3,21
11,29
1,28
34,1
46,18
43,13
17,15
44,6
50,23
6,15
40,18
47,11
10,23
48,20
19,5
3,13
24,5
5,16
43,16
22,1
9,16
39,22
41,14
5,1
7,9
40,6
33,2
10,9
15,22
28,27
6,8
48,20
26,3
36,11
26,20
34,23
11,23
10,21
11,18
23,16
42,13
14,17
41,23
27,9
17,3
16,26
20,24
4,3
15,26
21,17
11,5
38,19
14,25
46,28
19,18
18,1
8,25
11,8
1,25
13,20
11,7
2,2
7,23
37,21
36,12
0,2
41,16
34,26
45,27
6,18
30,7
6,29
50,14
6,15
43,11
49,21
26,28
2,1
27,9
30,23
9,5
4,19
39,22
24,17
28,26
16,16
40,28
45,1
36,27
48,16
38,1
16,18
26,27
37,20
5,4
46,16
50,12
49,23
11,2
21,6
23,22
0,22
29,15
30,20
23,23
8,27
25,2
26,15
12,4
37,3
29,30
49,20
38,8
28,22
40,20
42,29
47,26
33,2
30,29
37,27
21,12
28,27
20,25
2,22
22,20
23,21
48,2
18,29
13,19
15,25
32,25
36,3
2,20
26,3
11,30
21,17
21,10
12,3
31,16
23,11
13,13
1,19
0,10
7,28
33,11
47,17
13,16
23,11
6,9
32,3
16,19
25,25
50,7
46,23
6,18
9,25
2,16
14,27
23,6
24,10
31,6
5,30
22,16
36,26
45,11
38,27
47,3
50,9
21,14
5,13
21,10
27,10
21,25
13,4
27,28
8,17
18,1
39,15
45,7
37,21
0,12
0,30
22,14
30,10
39,24
3,11
2,24
47,5
25,4
43,26
25,18
12,16
8,18
34,21
44,23
47,5
25,3
48,29
14,26
3,27
8,15
3,27
43,26
1,17
35,11
29,11
46,6
32,14
4,20
4,14
43,20
22,24
30,18
5,2
25,11
33,19
0,18
45,12
5,16
5,12
42,5
17,7
35,9
28,29
14,20
14,5
31,30
2,16
27,18
45,15
29,11
49,9
27,8
11,7
17,23
38,9
33,12
47,22
46,11
49,8
43,7
43,14
0,19
38,24
7,4
45,26
6,24
36,22
13,18
27,29
26,9
4,13
46,11
47,1
1,11
27,23
31,14
31,3
28,27
15,25
2,11
29,19
31,18
34,13
44,26
38,6
27,20
23,8
4,5
23,28
7,1
13,24
13,16
25,7
17,9
24,23
33,19
0,4
48,10
20,13
15,1
23,4
11,30
25,23
34,25
16,19
24,6
41,23
1,6
28,3
41,20
39,28
1,6
6,17
16,12
24,6
40,14
42,5
6,3
12,27
36,1
8,16
45,16
20,1
6,7
25,12
39,10
5,21
12,13
49,26
34,29
0,9
47,7
5,13
12,3
33,12
43,14
40,28
37,9
20,15
29,20
23,24
32,8
25,12
30,15
50,8
31,5
17,1
17,1
3,21
22,7
44,4
36,14
18,17
5,13
36,21
50,5
44,14
30,3
4,20
11,4
26,20
37,11
31,18
24,10
16,14
47,15
40,9
8,5
25,12
49,21
15,10
44,29
21,9
5,25
27,17
8,17
39,24
10,4
47,3
8,12
14,9
27,7
30,9
43,29
4,19
5,20
50,27
32,21
19,14
21,27
6,4
47,11
22,20
1,17
39,16
11,27
30,1
9,11
18,6
15,3
38,20
7,28
13,25
5,10
22,17
21,4
6,28
32,4
28,17
5,2
40,3
34,2
5,16
44,25
49,11
46,14
16,21
13,1
40,19
1,16
20,16
41,20
5,27
19,27
39,26
20,3
9,19
19,11
31,16
27,11
13,18
17,24
20,12
46,20
17,7
23,26
17,14
40,30
23,13
11,14
4,16
47,5
13,28
11,23
5,22
21,10
7,12
13,26
5,17
28,1
9,14
43,21
29,25
48,24
24,23
18,14
14,25
36,26
48,15
5,5
20,23
43,3
20,12
5,4
48,15
50,28
12,17
32,28
15,5
42,29
19,29
18,16
47,10
29,9
26,9
10,28
21,20
44,22
36,6
9,11
28,19
33,21
21,13
25,3
41,14
30,2
38,29
23,5
5,30
16,20
20,4
5,14
15,12
44,13
40,7
33,18
40,29
0,26
1,11
28,22
46,1
40,14
41,24
23,12
1,25
9,27
38,5
27,7
20,25
49,22
34,11
36,9
47,29
46,18
7,13
0,13
49,10
46,12
13,11
21,19
10,28
40,12
47,3
19,7
7,26
1,8
11,14
12,7
0,16
26,28
12,16
34,14
50,2
17,30
40,5
41,18
30,28
11,27
32,4
15,7
36,28
28,2
8,14
13,7
42,23
25,2
4,14
5,5
50,11
1,2
14,3
13,30
14,25
35,11
2,13
7,15
24,16
37,15
9,4
39,23
18,27
2,29
23,3
6,17
17,26
40,3
15,25
33,16
17,21
47,6
2,13
39,18
7,6
12,1
8,6
26,22
43,2
21,30
45,1
42,1
10,29
33,24
23,22
1,19
17,5
2,13
10,7
49,27
27,26
1,22
7,5
4,25
40,2
33,11
41,7
27,30
18,25
11,12
12,1
26,29
5,7
4,10
14,4
42,27
45,30
21,30
25,26
30,19
8,5
45,30
1,14
0,23
34,10
33,23
32,6
48,11
31,26
0,7
21,30
48,23
16,26
46,7
46,23
15,28
10,2
19,1
35,3
35,4
44,19
49,29
14,1
16,23
40,5
31,25
10,18
13,8
43,23
42,23
45,19
8,24
44,2
23,18
45,9
46,2
20,27
42,19
37,10
8,7
37,11
49,22
26,4
36,19
41,18
30,27
44,14
23,12
36,5
22,29
8,7
29,12
12,9
22,9
32,11
22,11
49,16
17,30
2,30
22,5
25,27
10,29
16,22
38,14
1,24
34,25
9,21
13,2
26,28
6,26
37,8
50,5
19,13
47,23
12,16
6,5
2,25
33,12
42,30
28,19
45,21
38,15
18,26
37,16
42,15
1,19
28,20
24,16
48,19
32,6
31,4
44,3
27,11
45,7
21,3
29,4
11,7
32,29
28,7
44,30
14,12
42,17
39,7
18,12
49,23
32,20
8,3
12,7
39,10
17,2
39,16
37,23
23,1
21,17
4,9
19,28
20,20
45,16
9,18
8,14
14,2
16,25
16,25
42,15
31,1
36,12
48,20
37,8
29,13
9,2
7,1
22,23
50,26
41,13
48,3
26,11
29,23
46,15
48,1
25,28
47,25
9,19
14,15
26,22
40,11
33,14
7,12
19,22
19,7
18,28
9,13
14,16
8,2
12,16
23,6
39,12
16,15
11,14
14,2
4,5
17,28
37,14
43,28
27,26
24,3
7,15
18,21
14,30
18,29
25,23
3,1
27,8
38,10
8,28
25,30
8,30
4,24
30,5
9,26
28,27
27,28
36,16
0,9
45,19
13,25
48,6
38,28
23,14
10,9
11,1
40,26
35,17
24,10
26,12
30,18
45,29
36,2
45,9
3,18
23,18
45,19
41,30
22,26
46,29
0,2
27,14
47,24
30,12
11,5
9,21
26,2
9,2
49,4
22,18
27,28
46,8
31,5
19,24
22,5
8,12
40,9
21,29
7,16
15,28
9,20
44,28
9,9
15,18
30,25
37,2
36,14
43,24
24,29
42,13
17,29
3,1
24,26
31,17
45,17
47,28
15,8
21,1
12,21
1,1
32,11
25,8
1,15
42,19
49,23
17,28
22,21
21,11
50,11
20,21
35,4
3,22
47,19
24,8
43,4
6,3
9,29
2,30
50,17
22,15
32,18
7,15
8,8
40,5
38,15
33,1
29,16
3,28
8,21
50,29
3,3
38,20
46,13
19,25
22,27
40,9
19,2
7,5
23,25
6,3
11,20
24,15
8,17
31,29
37,13
31,15
50,21
23,12
6,16
16,6
10,28
18,6
20,25
44,6
21,30
48,13
3,6
44,27
0,14
12,22
4,17
22,24
43,11
1,15
4,23
19,8
43,22
42,19
21,12
16,27
15,3
17,9
14,15
44,15
9,3
24,25
15,17
22,25
30,21
37,23
5,13
33,21
38,21
13,10
7,10
18,23
20,17
16,19
2,14
40,30
9,8
20,4
36,13
24,30
45,20
22,1
17,2
45,26
16,4
32,23
4,9
8,24
3,19
35,6
38,9
41,28
34,19
36,19
34,18
47,21
39,19
30,16
37,17
16,24
24,26
6,18
10,10
49,26
10,9
39,9
26,7
36,28
23,6
10,3
34,19
16,15
46,2
36,25
50,29
25,19
25,8
44,14
47,28
16,22
45,25
5,17
18,22
33,4
4,5
18,15
44,15
20,7
41,27
6,28
17,12
49,1
21,1
26,11
5,21
34,18
33,13
21,19
4,29
10,2
6,24
24,15
14,8
0,26
9,20
14,11
6,15
19,10
12,3
9,7
37,2
31,10
7,2
40,3
50,8
2,20
42,18
45,19
4,23
33,8
9,21
7,10
8,6
29,5
12,8
21,9
3,17
27,3
23,12
13,24
27,19
16,15
31,20
14,7
25,7
15,20
16,6
45,26
7,21
38,6
2,2
35,25
36,9
15,23
22,15
41,23
45,14
27,2
47,18
39,9
22,15
26,15
23,8
2,2
14,21
50,9
45,6
13,30
25,20
44,17
16,1
13,30
18,16
41,24
2,28
46,29
9,11
4,21
1,1
36,17
25,18
2,19
21,29
22,16
15,30
0,18
37,15
32,25
15,14
29,22
45,24
46,11
17,30
10,19
45,1
19,29
19,9
27,29
49,12
5,24
36,22
34,7
38,22
3,30
35,21
40,29
24,4
47,10
45,30
3,26
9,5
50,21
47,26
19,28
2,25
23,1
44,25
42,20
48,6
25,20
25,10
11,18
16,16
20,5
50,11
30,22
3,10
29,23
26,11
19,5
1,14
16,16
1,15
42,4
29,5
20,14
20,19
17,2
14,26
48,12
9,7
16,30
14,7
50,4
7,29
10,8
21,25
1,2
17,30
23,21
11,2
49,4
4,28
13,3
38,1
27,23
46,27
20,28
18,10
28,4
2,14
18,22
18,2
13,8
21,1
15,24
26,8
44,12
19,11
16,11
11,21
42,28
18,28
11,24
11,13
29,4
15,3
38,1
21,23
18,12
17,8
0,13
7,10
7,11
47,20
13,1
45,6
38,7
48,2
42,8
4,28
9,9
49,20
45,14
13,2
36,22
21,18
32,26
29,19
36,21
0,2
17,1
43,30
30,10
43,21
42,27
38,3
7,5
3,8
13,15
37,26
35,16
49,26
24,17
7,24
28,13
16,18
19,27
17,3
14,17
37,9
25,1
50,6
31,21
38,28
8,16
2,16
19,20
33,6
49,13
16,20
40,28
17,21
15,28
11,1
36,27
28,9
8,18
9,1
42,30
35,2
32,2
43,17
26,3
20,1
31,23
24,14
42,6
44,7
5,30
42,4
6,22
37,6
4,19
16,23
26,4
20,12
2,22
19,13
44,8
50,19
2,4
35,25
49,4
12,13
25,27
29,26
49,27
19,25
12,5
42,15
30,14
6,21
12,10
30,24
1,20
40,29
44,27
18,19
18,15
0,1
30,14
0,6
18,2
24,6
6,14
38,6
2,24
40,9
39,25
19,17
16,11
46,7
32,6
46,20
21,27
35,24
13,28
27,7
10,12
3,26
34,30
18,11
5,18
16,7
32,7
28,13
16,21
29,2
37,7
21,17
2,9
21,9
39,12
3,2
50,21
43,24
22,22
2,12
18,23
50,27
39,7
32,8
38,12
33,2
6,22
12,25
30,20
26,16
43,16
30,5
36,3
19,10
48,15
41,20
48,29
23,8
46,15
15,4
44,24
22,2
23,15
43,20
10,17
38,30
27,9
48,29
17,7
14,2
17,21
42,17
32,28
33,22
22,18
23,6
27,12
47,23
3,5
23,6
28,22
11,10
44,30
25,22
49,11
17,11
15,11
2,27
28,30
46,7
47,24
34,8
18,2
35,15
11,20
9,22
15,29
12,28
47,22
6,25
15,26
37,9
29,11
27,16
48,12
40,25
36,10
9,4
5,28
37,9
17,2
2,5
41,23
45,1
6,25
43,20
19,7
30,17
32,7
48,8
24,13
41,16
11,14
32,2
2,14
27,21
19,9
6,21
13,2
9,26
13,10
0,15
34,13
33,10
49,6
8,23
24,12
0,19
47,9
9,3
6,10
9,18
14,23
34,10
45,25
45,15
4,20
39,19
5,30
37,5
16,29
30,30
26,15
21,17
48,27
21,9
31,29
15,18
34,25
27,5
20,6
16,6
18,18
32,3
45,6
37,15
41,22
0,5
25,3
32,26
42,19
4,7
7,7
19,5
11,8
14,14
12,3
15,5
35,4
19,6
11,25
12,19
11,6
23,5
43,3
37,7
10,6
15,1
23,1
20,4
29,10
12,16
12,15
46,14
30,21
29,12
20,21
47,11
33,10
4,22
27,27
44,16
24,16
38,24
22,14
22,30
23,10
14,2
14,14
32,5
6,22
49,7
14,4
32,16
7,22
32,7
46,15
19,25
34,30
24,26
20,7
3,14
0,9
45,18
49,19
3,22
10,24
10,8
13,9
37,3
5,13
49,8
39,30
25,2
44,7
45,20
43,7
1,10
6,7
29,13
43,10
19,15
18,11
22,4
27,10
26,3
21,28
28,12
44,27
10,30
40,28
20,22
1,20
29,10
2,4
18,10
13,25
47,11
13,21
49,21
35,6
18,22
47,19
42,14
36,9
10,9
35,24
36,16
7,3
26,4
36,14
48,13
38,13
32,7
31,3
4,5
42,7
26,28
43,4
2,15
19,18
21,30
46,25
37,3
10,23
30,1
19,8
47,27
14,8
18,17
10,6
19,29
13,11
33,11
1,16
33,20
12,5
22,2
30,22
14,23
40,12
35,17
34,5
28,12
7,24
27,6
0,11
38,6
33,27
17,19
44,22
4,3
4,1
36,9
30,10
38,25
40,12
38,16
21,25
13,1
46,21
46,21
15,15
41,13
20,8
33,22
16,16
27,12
43,29
44,26
37,10
34,30
26,18
34,25
32,22
22,11
15,22
24,17
25,23
30,5
29,21
26,1
9,6
35,11
41,23
5,1
9,11
42,18
44,3
12,10
5,11
18,21
20,22
20,20
22,16
24,7
43,5
12,3
42,29
26,6
19,19
8,29
7,22
44,14
42,9
32,10
38,19
22,20
6,17
3,29
44,29
46,10
37,20
22,7
48,9
35,28
44,7
10,11
9,13
49,20
4,1
29,27
35,25
28,21
32,9
3,9
39,27
34,4
27,26
35,22
41,30
34,5
47,23
5,15
23,28
45,4
35,8
2,22
4,17
38,27
23,9
50,26
46,20
12,14
24,19
34,10
38,27
39,23
30,28
42,4
7,7
7,13
32,29
39,23
33,11
42,8
47,9
23,28
50,1
11,12
43,14
45,19
6,29
4,19
27,12
43,22
30,11
41,6
47,17
10,11
42,26
43,6
35,18
49,26
50,1
29,25
32,21
45,21
45,27
7,5
45,27
31,7
20,24
43,8
10,19
25,28
39,18
19,28
11,5
49,29
47,1
8,30
2,23
12,1
22,28
46,1
48,8
22,30
18,1
34,10
46,22
31,25
4,30
40,14
6,17
8,18
29,20
8,3
26,12
42,4
32,24
19,25
3,22
29,21
50,27
15,15
20,4
19,30
38,9
36,6
24,13
14,7
18,19
45,13
4,18
23,6
40,22
15,21
45,14
43,25
29,19
5,5
8,14
24,4
10,24
29,20
23,25
9,19
25,4
39,21
36,4
36,4
43,28
41,3
38,19
46,28
33,1
18,29
47,15
19,2
33,29
34,2
17,12
37,30
30,27
38,3
0,24
46,16
12,21
47,11
9,29
12,2
16,1
6,2
46,5
49,10
49,9
0,28
8,29
22,11
16,9
31,24
7,2
24,4
24,28
36,21
22,20
24,13
16,29
47,1
3,11
22,7
30,4
15,14
35,19
25,21
10,1
28,29
46,24
42,25
19,5
6,12
15,18
30,10
30,7
32,9
10,8
43,18
20,23
41,25
0,4
25,24
11,3
16,12
42,23
21,28
37,13
8,24
6,25
0,17
42,1
42,15
35,22
42,11
27,22
36,14
24,15
37,18
5,18
44,29
44,23
23,15
23,27
10,20
36,19
6,22
19,6
5,3
19,20
17,25
46,2
23,15
0,12
43,2
32,6
2,29
47,26
2,11
39,15
28,3
11,10
47,30
33,23
7,3
26,2
1,14
35,18
1,27
16,19
22,28
32,30
44,18
40,23
1,3
43,11
25,21
41,26
10,11
6,23
5,3
27,1
14,19
29,11
12,21
42,14
27,9
44,13
1,24
45,8
50,14
41,4
49,10
38,22
21,2
26,8
6,16
36,8
9,12
47,9
28,2
21,4
38,24
4,25
6,15
49,2
27,24
23,20
36,20
40,28
30,12
18,28
14,10
39,23
11,1
14,6
36,3
8,25
32,2
1,16
5,10
45,13
18,25
13,17
46,30
12,1
48,11
27,23
27,7
32,16
16,9
18,14
27,24
12,8
28,28
30,30
5,11
2,13
23,30
21,15
43,4
3,2
32,6
42,14
16,14
34,8
38,17
26,12
16,23
34,5
20,26
34,12
5,30
44,6
39,9
17,11
40,24
28,15
32,6
45,23
18,22
30,8
38,27
42,11
34,25
11,9
2,28
3,9
49,12
13,30
22,4
17,15
36,10
10,29
33,27
32,30
16,24
34,10
33,17
26,24
39,12
8,4
19,19
24,28
21,2
23,30
2,14
11,4
15,18
15,2
28,26
35,30
22,15
4,10
5,13
10,5
49,15
33,21
11,24
39,11
13,18
40,21
45,18
14,12
10,2
6,28
43,18
39,5
50,25
15,28
7,15
21,16
46,7
0,22
23,5
40,17
15,5
4,16
0,26
41,27
45,20
0,29
24,23
28,26
41,19
14,8
35,10
23,11
20,12
29,27
45,18
34,3
15,11
31,10
2,28
19,30
22,29
30,8
29,26
39,6
18,15
7,24
6,22
6,24
7,24
45,3
21,9
49,13
3,3
28,7
44,15
32,13
20,4
10,17
7,27
8,20
32,30
34,11
32,26
20,8
28,29
41,9
39,10
19,6
6,8
7,15
14,11
34,16
9,7
9,5
36,8
4,29
48,7
38,19
22,11
22,21
47,4
50,10
5,24
31,1
16,29
5,8
41,4
35,18
12,29
50,11
40,15
32,17
29,11
25,7
36,22
45,14
31,24
30,19
33,9
49,24
36,4
29,3
8,1
2,10
9,20
5,23
45,29
33,18
25,28
13,3
39,19
44,27
22,12
5,18
32,14
13,18
0,30
39,20
17,17
36,1
21,30
20,8
47,27
4,14
25,20
34,11
5,3
7,18
35,8
10,16
21,20
0,7
32,20
45,2
37,3
18,5
2,22
22,23
29,9
38,21
40,3
19,27
12,11
41,27
26,5
20,17
26,26
34,16
34,30
45,14
2,24
45,25
9,30
6,14
46,15
23,7
28,26
33,15
40,19
35,3
30,15
7,2
24,2
24,30
4,6
27,24
8,21
30,24
29,14
14,9
16,13
47,19
31,1
22,20
29,12
18,1
26,18
40,3
6,21
23,7
26,18
32,16
48,11
36,29
2,30
20,30
32,28
46,23
24,29
16,28
26,6
15,2
24,20
20,6
46,6
47,30
4,4
15,7
32,23
42,15
3,30
18,30
30,16
23,20
0,16
36,7
41,26
21,28
34,15
1,6
49,8
0,25
43,17
25,30
32,18
43,22
41,9
34,9
47,24
11,6
7,18
6,18
33,14
10,26
39,16
48,20
27,3
35,14
2,13
16,10
32,1
7,26
46,6
49,15
10,3
2,4
2,8
34,30
48,3
15,18
3,14
21,1
28,25
5,17
9,16
47,22
38,21
8,16
13,5
3,8
29,1
28,30
47,5
30,5
34,25
38,26
29,10
33,17
29,17
50,14
39,18
39,25
47,14
20,4
49,3
23,1
0,13
28,4
4,23
1,7
41,9
30,16
41,30
6,11
14,5
15,21
42,23
50,23
26,1
30,28
22,8
38,8
1,27
37,10
3,25
4,17
25,16
2,28
24,23
49,10
13,17
29,15
26,29
12,25
5,19
33,16
16,27
39,27
26,11
33,24
7,10
14,21
49,3
28,12
25,26
44,25
10,20
32,14
47,23
27,30
16,12
46,18
2,4
28,13
48,15
4,27
12,25
31,8
50,9
32,25
17,25
28,24
35,9
14,19
45,14
2,23
48,6
42,5
23,23
3,10
0,1
9,25
45,8
21,8
1,5
25,7
40,30
47,7
40,13
6,9
8,24
0,29
14,10
35,21
43,21
0,3
35,3
9,28
17,3
5,11
25,24
40,25
34,29
24,25
47,21
25,22
50,23
38,25
0,9
29,16
12,14
18,19
10,22
21,8
46,4
3,25
1,22
9,2
10,29
46,30
30,4
45,19
18,25
46,23
39,22
5,22
1,2
50,20
32,5
25,17
17,16
23,18
28,21
27,14
25,17
13,23
46,16
40,24
33,27
11,13
10,3
1,23
29,25
34,19
29,6
22,24
29,2
42,30
36,23
12,20
24,7
31,28
16,30
35,23
40,29
3,14
38,1
5,25
37,12
40,6
20,20
44,20
49,6
20,19
39,1
42,3
7,6
14,4
10,29
39,23
18,1
42,29
12,8
33,29
19,28
48,3
49,23
15,1
39,3
39,17
44,28
44,23
7,10
30,3
2,22
10,6
39,15
35,13
20,20
41,16
27,7
41,5
50,6
4,4
43,16
27,27
46,11
13,23
38,10
29,9
32,2
42,15
17,1
42,20
9,24
17,3
44,8
23,8
2,20
50,4
37,3
10,25
42,10
37,15
36,4
18,23
21,3
13,30
42,28
36,3
27,26
20,9
18,18
11,15
36,1
5,2
19,18
8,1
28,25
47,25
49,13
34,30
14,30
33,28
42,2
48,25
31,8
21,29
21,2
21,26
