21,12
39,5
50,15
24,11
13,20
28,3
48,26
18,21
5,16
44,28
14,6
47,29
42,17
41,26
37,26
5,19
50,12
32,1
36,21
44,14
42,26
48,29
2,13
47,13
23,17
33,20
15,26
48,15
4,7
45,30
49,22
45,11
6,19
23,20
30,12
26,4
13,26
26,20
50,24
6,26
37,25
36,6
25,21
13,3
26,11
28,18
9,13
43,20
32,7
28,11
7,2
33,12
39,7
19,7
7,12
1,17
44,1
23,14
42,21
29,29
18,12
29,22
2,22
47,25
9,19
8,25
45,5
16,6
43,3
41,1
41,25
29,26
40,9
1,22
5,3
33,2
18,2
45,2
18,23
49,18
9,26
22,21
11,10
38,22
30,2
11,24
35,9
14,20
20,6
46,14
15,11
36,26
5,7
29,26
26,20
1,22
23,21
2,15
36,19
28,28
0,25
17,11
14,16
19,8
47,27
3,4
19,8
8,2
36,15
12,2
35,30
40,19
41,12
17,29
5,9
49,14
0,17
37,17
17,11
7,27
8,16
6,2
18,3
16,17
43,3
42,22
3,10
40,23
0,23
13,12
12,1
40,30
16,12
27,19
37,18
4,2
41,20
47,8
19,17
37,7
20,8
3,19
22,13
41,16
28,8
26,4
6,27
37,22
33,4
29,1
40,7
26,20
14,8
31,13
13,25
27,24
13,28
23,3
33,21
43,23
42,16
43,23
38,17
15,26
3,7
35,8
39,1
27,27
50,10
24,12
33,18
35,26
22,15
34,30
29,30
38,7
16,26
45,29
39,17
3,15
43,17
36,10
4,29
17,6
7,13
33,27
34,7
26,19
16,4
21,4
37,27
47,29
39,14
7,26
6,4
3,8
12,15
36,4
4,17
17,19
49,7
36,7
40,16
48,21
45,18
1,2
9,29
11,10
0,7
6,1
23,13
1,28
32,5
39,25
25,7
29,2
40,30
39,25
11,24
41,23
12,12
12,3
36,30
0,2
31,24
42,28
40,2
33,23
23,14
43,11
39,24
31,9
12,10
49,20
14,19
22,13
11,27
49,8
20,4
7,21
13,6
32,23
29,25
45,18
14,11
6,20
44,23
5,25
49,19
33,10
21,10
41,6
6,8
29,1
4,16
28,4
8,12
29,9
33,22
16,25
19,17
46,2
30,6
26,19
46,5
30,3
1,1
29,1
46,10
1,21
17,21
30,9
29,17
10,24
22,30
41,19
27,8
38,26
5,22
41,10
3,14
8,24
50,23
47,27
44,13
27,15
13,4
9,7
28,8
37,4
24,27
25,19
49,20
47,15
42,10
20,8
35,24
3,11
28,21
32,21
49,5
19,18
7,25
12,13
40,9
3,16
1,14
41,4
0,6
39,9
41,6
7,18
25,13
20,24
29,12
23,2
22,9
21,17
20,12
43,13
32,10
4,1
30,22
25,30
38,21
49,5
31,24
28,7
11,4
3,29
4,25
40,15
14,8
40,18
8,9
2,8
29,12
33,19
24,5
21,11
40,17
47,15
22,28
12,15
5,17
44,28
35,23
24,25
9,27
45,5
23,1
13,28
45,20
4,3
26,5
42,22
19,2
43,15
44,19
44,4
10,21
6,10
15,7
34,29
22,28
41,21
49,6
23,19
11,18
15,24
45,24
20,29
15,14
44,14
18,10
9,28
2,29
31,10
45,8
15,22
0,16
42,10
29,21
42,22
9,27
24,1
47,10
19,14
5,23
4,1
1,17
35,13
11,29
29,9
27,4
41,11
3,16
28,28
9,8
0,3
38,19
47,19
8,12
8,24
0,10
23,17
18,3
45,3
13,7
4,8
9,9
30,27
38,28
0,5
11,7
33,10
22,6
19,8
24,29
43,14
6,23
35,17
20,19
35,4
24,9
18,29
6,7
33,6
47,30
47,14
30,20
49,27
19,11
22,23
28,14
30,13
17,29
15,24
8,27
8,5
0,2
32,25
45,19
39,24
10,23
9,27
3,19
1,27
23,15
32,13
13,14
17,24
45,7
30,5
41,21
14,20
42,12
4,13
18,5
50,25
24,15
31,30
3,1
19,6
48,22
10,3
42,14
11,4
44,2
44,9
3,26
47,29
43,11
12,27
41,17
16,28
9,5
6,21
8,24
14,17
30,1
3,23
0,17
25,28
17,4
12,19
22,17
37,9
49,4
31,13
39,27
35,30
42,9
37,17
22,16
7,26
24,4
39,30
0,15
45,7
0,8
22,16
45,24
50,17
28,3
34,6
31,18
39,4
42,27
22,10
24,6
49,21
28,22
46,10
14,13
7,13
9,6
15,10
36,17
41,29
27,16
21,4
43,5
27,23
23,17
29,17
7,23
20,12
34,24
46,17
34,4
23,8
4,6
48,15
33,5
3,2
24,21
39,18
40,21
43,16
23,24
13,24
15,25
6,21
2,17
32,27
3,30
6,20
19,11
12,8
5,9
43,9
13,12
5,7
28,21
50,17
21,25
50,3
24,8
9,30
47,30
46,7
34,21
40,4
42,16
25,8
24,18
42,25
9,12
0,14
18,26
8,30
10,10
7,8
45,25
15,5
47,12
15,22
0,19
16,23
7,8
31,12
11,29
18,24
24,12
7,28
45,17
45,9
12,29
44,24
42,29
25,1
48,29
12,26
25,4
20,20
43,12
40,7
14,5
50,21
41,23
36,23
12,26
26,5
43,30
14,16
29,22
33,7
41,25
3,20
25,12
50,26
46,8
26,18
11,21
48,12
44,16
40,17
11,9
36,21
27,24
49,29
16,17
35,17
40,22
29,25
14,29
17,28
23,19
7,28
46,16
30,25
4,3
45,12
38,13
41,25
30,7
40,19
3,20
39,2
32,24
18,16
42,30
49,21
23,25
29,4
11,2
50,15
44,7
8,14
0,7
24,28
21,16
39,20
16,1
19,5
9,16
4,17
11,26
10,14
14,27
28,29
16,23
17,21
17,11
27,9
28,7
49,6
25,16
35,11
22,4
18,1
8,9
13,29
16,24
24,1
13,14
13,25
30,6
44,18
13,28
7,17
0,9
25,28
43,9
29,1
47,23
15,14
10,14
46,19
5,29
47,24
1,4
37,6
48,9
33,28
11,15
49,2
32,17
22,22
39,16
5,6
25,27
44,20
42,30
14,8
49,8
32,2
13,13
2,24
15,17
26,11
13,10
9,20
31,19
44,3
50,26
38,14
49,5
37,7
32,29
1,5
50,17
11,13
20,25
37,14
5,21
10,18
44,19
0,8
10,10
34,26
48,3
7,11
50,22
37,4
21,1
15,26
8,19
50,3
32,10
49,4
10,29
21,29
9,12
10,25
39,1
7,17
22,2
48,5
10,6
3,17
17,4
2,20
14,16
25,19
30,19
31,12
47,17
21,18
13,21
26,6
39,5
1,7
19,7
15,26
6,11
50,14
6,14
48,26
37,26
18,23
46,4
45,14
10,26
8,13
5,9
17,15
33,8
40,25
24,8
37,2
32,19
50,4
24,8
4,30
49,1
45,19
45,5
12,16
12,26
20,5
28,5
13,1
19,20
15,17
39,27
39,23
38,2
15,20
23,19
8,30
7,2
14,15
35,6
16,2
0,19
5,6
8,7
26,23
12,25
9,2
6,30
3,16
18,1
7,28
1,26
2,17
37,27
11,28
47,3
32,8
32,9
33,23
20,10
41,28
14,22
42,13
11,5
26,10
7,30
45,13
24,18
46,27
22,5
5,28
49,26
46,18
26,5
47,15
46,5
33,3
33,25
22,29
46,3
16,24
17,9
20,18
12,6
29,18
44,30
3,16
31,28
45,13
5,1
31,6
17,18
50,3
1,20
14,26
36,3
31,28
0,23
2,23
21,22
21,17
9,8
22,25
42,30
19,13
43,30
4,17
34,27
46,7
45,16
48,2
15,15
16,27
31,22
40,10
46,7
28,18
41,2
19,13
41,13
15,16
16,25
9,30
6,29
13,27
49,28
4,12
50,27
2,20
43,5
2,8
29,8
34,20
37,16
47,18
19,17
35,28
44,16
28,5
17,4
28,17
36,13
0,2
1,17
25,24
22,14
3,8
25,17
17,19
5,10
48,15
20,17
1,21
2,28
9,7
40,1
45,30
1,12
28,3
17,16
32,13
39,10
3,20
7,22
21,2
16,17
3,25
27,9
0,23
17,19
39,10
31,20
4,23
0,30
2,18
23,21
21,19
28,10
5,2
40,9
0,29
15,1
31,10
13,30
38,7
6,14
19,6
43,6
37,10
7,8
26,6
18,22
49,12
49,5
35,29
11,15
42,29
34,1
9,20
19,7
38,8
42,30
43,30
29,28
5,1
19,24
32,9
30,1
33,24
3,9
15,11
3,24
26,22
7,25
9,14
15,24
21,23
0,27
2,19
26,4
21,30
12,27
49,11
27,15
39,19
25,5
7,5
24,24
14,25
44,20
14,10
50,28
29,22
27,24
35,15
28,8
12,13
39,28
42,10
46,15
30,28
29,30
1,28
9,9
24,30
12,22
10,24
28,6
9,28
6,24
25,18
31,22
40,1
22,30
44,3
35,18
13,5
4,22
47,24
25,11
13,22
20,19
28,16
18,1
43,28
1,28
26,22
22,1
19,16
25,2
36,14
47,19
21,12
15,11
38,25
26,8
18,23
46,28
36,19
49,3
34,21
36,5
8,16
32,21
11,29
20,7
32,6
20,1
38,21
33,19
7,6
46,6
36,17
9,30
13,16
44,12
27,23
36,11
2,2
14,18
30,14
42,20
33,12
2,3
47,26
50,21
6,6
28,26
43,14
24,5
2,15
21,23
47,6
47,30
33,22
23,18
12,22
41,1
12,5
8,10
49,11
23,26
29,11
22,22
19,11
7,6
37,27
26,24
38,16
7,5
28,4
34,9
23,14
15,24
34,23
45,20
42,8
42,15
30,22
50,20
6,29
8,24
25,20
30,1
22,15
45,9
29,23
15,15
41,12
39,19
1,23
28,10
18,24
35,7
4,29
21,13
5,22
10,28
9,27
15,28
25,20
49,15
17,3
29,12
10,22
15,25
0,4
32,21
38,7
29,9
45,26
22,14
11,9
32,26
14,9
50,3
41,10
11,17
8,15
16,14
26,17
48,21
18,17
18,19
1,22
46,4
25,11
18,8
5,30
45,25
20,30
30,17
2,13
19,16
31,11
13,13
29,8
4,22
38,23
18,13
17,15
2,27
22,11
9,10
43,13
14,4
28,13
45,7
16,7
24,23
39,26
36,8
41,12
7,25
29,24
42,16
33,15
18,6
16,6
47,25
33,11
46,14
49,25
5,11
21,25
2,22
10,13
15,26
45,27
15,10
5,8
4,11
16,23
45,4
26,13
18,19
27,2
9,10
50,1
46,1
11,24
35,17
23,27
49,24
49,10
26,2
41,26
5,1
19,30
29,22
22,2
25,6
7,3
16,2
35,19
39,26
46,9
45,29
29,15
1,13
26,6
44,10
5,10
5,23
2,14
21,30
25,11
37,21
10,30
40,19
43,19
12,2
24,11
21,27
25,22
19,25
12,6
29,22
22,6
19,14
27,11
39,24
42,11
2,28
34,23
28,28
39,2
41,8
15,25
25,14
50,18
15,15
12,1
3,2
5,16
15,15
32,5
49,1
43,11
26,19
3,30
27,30
0,10
24,22
16,24
27,27
0,8
13,23
29,17
36,27
9,25
34,11
23,11
8,19
42,1
30,9
26,13
13,1
9,16
21,28
49,22
5,21
4,7
48,5
2,30
29,10
17,6
46,20
6,6
30,15
23,13
4,30
37,5
22,13
42,19
38,17
32,5
19,12
25,2
31,4
1,8
21,8
31,5
26,6
0,12
13,27
13,6
28,15
21,29
28,29
47,14
44,12
34,26
5,18
6,27
32,7
47,3
32,25
35,14
24,4
4,7
47,29
26,21
27,18
14,25
46,1
8,1
6,1
46,20
6,11
14,1
32,19
30,20
15,26
49,29
36,19
22,30
48,7
41,17
6,25
9,6
48,22
39,14
5,21
34,22
29,7
50,3
20,5
7,9
16,22
14,19
8,8
12,30
19,16
45,2
15,12
38,11
16,9
0,3
50,29
31,16
24,5
9,16
28,26
46,29
14,5
31,24
30,4
48,21
28,15
5,14
13,13
10,25
11,17
38,1
10,15
31,24
35,16
7,12
10,2
8,24
30,7
11,12
10,18
44,3
16,1
1,18
46,3
25,13
35,9
21,7
45,15
4,24
27,15
19,21
29,16
46,17
0,29
2,1
40,3
35,7
7,7
24,22
26,10
50,3
3,14
5,17
27,5
34,20
36,23
4,14
17,1
15,22
36,4
1,9
40,12
43,21
47,15
49,9
48,13
6,23
35,2
48,18
1,13
32,14
27,14
31,24
5,25
43,24
45,21
44,6
23,25
18,16
34,8
42,2
3,27
25,5
29,5
26,24
38,8
47,22
17,24
30,17
9,14
44,17
21,30
45,17
43,19
22,15
33,5
45,26
48,16
1,29
42,11
36,12
44,16
9,11
28,25
6,29
29,6
44,6
25,8
35,13
16,17
32,29
22,26
25,19
35,22
12,2
47,22
8,25
12,1
36,1
3,24
43,9
1,9
27,6
6,24
8,6
43,26
2,30
26,13
38,7
36,24
3,1
17,11
8,10
11,28
12,11
9,2
32,7
26,18
32,6
46,8
26,23
46,25
11,3
6,3
10,12
14,21
38,6
41,22
23,2
41,26
29,20
16,13
25,21
7,13
41,9
11,15
33,11
23,28
23,18
23,8
34,6
9,15
34,17
23,2
45,20
44,3
34,16
22,21
26,24
33,13
40,20
9,21
37,15
36,22
40,22
8,1
41,11
21,3
35,26
13,12
23,16
37,6
15,28
29,10
1,14
10,12
41,10
32,20
26,17
35,5
2,24
47,7
19,3
45,29
40,5
6,11
3,1
22,29
13,22
20,14
6,14
19,15
43,12
12,18
36,29
38,18
22,24
4,3
40,16
13,12
0,21
6,21
15,24
16,25
9,7
32,23
15,18
45,17
30,20
12,13
21,28
14,21
42,4
1,19
18,4
44,5
10,20
21,23
31,15
22,26
27,8
46,15
20,16
44,28
37,1
26,10
5,21
23,22
32,1
29,8
20,19
46,2
48,8
10,3
25,3
30,30
44,7
4,6
13,18
33,4
38,7
25,25
28,14
24,6
39,28
24,23
15,26
37,6
3,7
30,16
29,20
39,17
35,26
14,5
6,1
22,25
50,6
38,4
46,2
20,24
29,28
33,12
26,16
2,19
37,12
23,1
35,23
7,26
30,4
6,24
46,25
24,14
0,4
22,9
46,19
23,14
9,10
7,5
27,25
22,3
31,15
47,1
29,2
12,3
20,17
9,25
24,1
46,23
30,18
25,14
46,21
46,4
15,14
13,21
40,7
46,4
45,15
20,8
49,28
34,10
19,30
48,28
32,19
36,3
48,30
24,24
43,15
12,14
48,27
7,8
44,11
2,4
8,10
34,23
2,28
17,29
48,26
38,15
30,27
0,13
8,17
25,20
6,1
34,18
35,27
47,16
22,25
9,20
14,2
25,2
9,18
16,17
40,2
22,28
45,9
28,27
11,12
48,10
2,11
28,10
40,13
45,3
13,2
21,30
39,18
13,15
22,23
13,14
32,15
34,5
34,11
9,27
10,20
46,1
21,3
15,30
10,5
46,2
9,11
11,24
44,1
14,28
24,1
49,3
11,20
2,13
21,29
35,17
45,11
6,13
9,18
42,25
6,2
34,9
13,13
21,24
27,14
46,11
49,12
12,27
11,21
48,4
6,12
41,15
13,9
8,2
11,9
34,4
47,26
18,9
46,6
49,12
4,14
34,28
19,4
37,6
10,16
12,12
4,16
9,3
33,28
26,30
17,30
33,19
10,30
4,29
46,20
37,8
35,5
3,11
6,5
39,26
43,18
32,8
37,1
39,26
46,27
29,26
26,19
50,28
25,30
30,22
16,16
30,8
8,23
19,13
32,18
5,14
39,21
14,5
3,4
24,16
43,1
22,19
20,6
20,6
16,10
42,19
0,5
18,9
5,11
18,7
12,17
46,4
9,8
14,15
37,26
32,19
35,3
46,21
24,1
47,22
38,9
48,7
1,27
47,6
31,24
13,28
18,7
24,11
24,20
48,7
26,15
24,4
20,13
4,6
40,17
48,15
1,14
2,5
50,17
3,14
13,27
6,18
1,18
39,23
49,10
36,29
3,7
44,27
33,12
43,10
27,1
3,28
30,16
17,26
15,27
13,9
39,30
13,13
27,6
17,6
34,19
28,27
5,14
17,10
2,21
38,2
42,3
18,3
19,25
13,16
40,1
5,12
29,1
21,26
50,20
47,27
14,13
48,30
23,16
44,2
46,30
5,1
5,24
23,18
10,7
42,17
22,6
38,13
37,10
4,19
5,28
34,1
3,26
21,16
30,10
8,9
16,20
41,5
22,16
4,24
13,2
47,19
43,4
45,20
40,22
24,30
38,7
26,23
1,13
31,2
26,7
9,27
4,28
38,6
21,12
32,3
35,30
33,23
16,18
35,21
9,18
41,14
2,28
20,3
25,20
4,23
4,21
28,10
7,17
44,4
24,4
31,9
5,16
8,7
45,10
37,6
47,29
10,19
16,20
18,6
18,10
8,28
13,20
21,5
38,13
21,20
47,22
21,9
25,25
30,3
4,29
1,27
2,15
33,29
27,2
37,26
19,12
24,13
6,4
26,8
15,11
5,13
18,1
22,9
7,13
33,13
2,30
34,18
18,23
39,9
31,24
27,14
1,18
37,26
0,10
18,18
18,3
32,11
45,4
7,14
35,16
11,30
7,21
30,25
48,18
21,28
5,5
17,3
19,13
38,17
20,12
45,10
38,13
9,23
27,11
32,29
28,16
12,19
21,21
37,30
18,16
28,6
40,19
9,3
45,27
24,17
22,21
26,30
38,4
16,19
3,9
47,27
48,1
19,3
6,24
10,30
2,20
18,28
17,26
29,8
49,19
1,18
4,3
47,26
44,22
6,28
10,29
1,17
14,28
29,3
21,20
47,21
20,5
10,3
5,24
5,18
20,22
36,16
35,22
0,24
5,1
45,19
18,30
3,21
16,26
22,15
17,6
20,23
19,19
48,28
10,7
10,21
40,26
48,8
3,19
28,20
38,4
27,14
36,10
11,21
3,14
38,18
37,10
12,8
31,7
28,30
14,18
44,27
32,10
20,27
49,23
47,3
40,30
34,9
43,16
5,17
47,10
34,28
29,13
13,25
39,29
16,1
21,12
1,29
35,23
36,8
49,29
30,22
12,2
1,15
45,21
8,23
11,7
9,3
7,19
1,27
0,19
11,12
7,2
48,10
41,17
3,30
45,5
24,27
21,2
41,28
25,14
23,17
25,27
19,26
20,5
37,2
6,13
18,2
17,8
39,5
40,9
42,14
45,20
40,3
41,10
14,13
6,21
5,6
22,23
15,10
45,7
23,8
3,10
1,19
2,21
47,17
29,2
31,8
26,1
17,4
16,25
3,14
20,13
26,20
37,26
0,21
45,6
23,26
21,27
11,18
29,19
41,2
27,25
12,3
6,19
19,29
42,11
6,7
1,24
11,14
48,13
50,19
21,23
43,17
8,2
5,13
29,1
20,4
8,17
46,19
15,12
21,25
14,28
9,28
5,6
17,14
26,6
11,10
42,24
24,16
16,29
24,4
9,5
32,20
9,6
0,11
40,25
31,6
20,30
30,5
47,17
49,28
11,25
6,22
14,27
12,9
38,9
4,16
38,11
2,29
5,14
24,18
13,26
9,19
16,15
11,12
42,19
16,18
31,16
24,8
15,30
7,20
36,25
36,12
9,12
1,25
34,27
31,19
50,1
8,30
39,23
44,4
42,26
46,24
45,2
44,8
30,6
14,19
1,6
50,19
41,17
26,26
34,14
19,1
6,19
34,19
49,27
1,28
7,12
7,25
18,28
37,23
39,24
19,1
31,21
21,27
48,7
25,2
17,29
34,23
12,26
22,27
24,28
48,27
22,5
28,30
40,10
18,1
37,30
18,1
17,18
16,21
28,5
28,17
31,15
12,8
43,24
33,2
10,11
14,7
5,24
4,9
48,28
28,28
45,25
29,1
19,16
36,26
19,6
15,24
38,25
44,30
35,9
11,20
26,6
18,25
49,15
44,5
40,23
29,10
45,10
38,6
4,26
44,15
43,30
50,6
29,14
0,27
2,12
22,25
26,19
5,17
31,20
23,13
32,18
38,29
25,26
5,30
29,18
16,10
6,6
0,16
1,1
47,24
37,10
24,24
44,28
1,23
15,7
40,28
6,20
29,8
38,8
34,29
15,14
41,18
34,19
9,12
21,18
16,9
14,20
4,2
47,13
45,27
28,5
37,25
27,9
25,16
40,4
1,9
19,5
45,24
5,18
50,2
25,25
33,3
49,10
41,4
42,3
21,30
6,4
39,19
21,25
39,15
7,4
43,9
45,28
42,5
17,23
2,26
20,28
25,12
8,30
48,27
5,27
12,8
15,6
36,30
15,12
37,5
20,6
13,3
0,18
8,9
15,28
11,30
14,18
43,28
41,18
16,29
41,26
44,17
8,30
22,23
1,14
38,4
11,26
0,19
17,24
16,2
32,4
15,25
8,9
49,28
10,9
31,29
5,23
10,21
49,3
49,22
1,3
45,15
33,2
16,4
40,29
21,3
30,13
39,21
1,21
42,3
24,30
19,29
41,15
37,13
1,16
37,15
29,23
5,21
17,23
49,11
47,7
37,6
13,24
3,19
16,13
18,16
13,29
12,23
7,20
21,8
31,22
3,14
50,23
16,19
35,17
12,16
1,18
3,24
34,18
20,21
18,17
20,24
29,16
35,13
34,6
25,25
25,22
11,20
7,22
21,4
36,4
2,16
49,22
12,8
7,23
13,17
43,3
37,4
13,20
43,13
42,19
44,17
8,11
32,20
16,2
22,12
9,25
48,16
26,29
33,1
49,14
20,24
50,13
18,23
24,6
46,5
26,20
23,24
4,18
32,18
16,7
33,4
1,7
9,11
38,23
28,12
24,20
1,6
43,4
19,22
18,8
9,14
13,28
49,30
26,5
29,5
22,13
17,28
36,11
34,28
42,2
50,21
41,8
47,28
33,12
1,16
32,28
13,25
1,1
31,25
26,4
4,8
1,27
28,11
14,1
48,21
40,8
23,13
18,2
11,15
26,6
17,13
5,12
3,3
34,1
5,6
15,28
31,3
14,1
36,16
14,2
11,23
24,14
20,28
15,30
1,14
33,17
14,22
50,25
29,18
50,17
50,26
38,21
48,13
9,1
5,30
31,3
36,26
12,30
24,15
34,22
22,5
16,23
13,17
39,7
10,24
29,23
5,30
2,27
8,10
24,16
23,28
9,17
9,22
10,18
12,5
6,16
16,13
47,24
12,20
38,24
45,11
35,18
11,14
1,2
1,1
39,9
10,11
34,18
50,8
28,16
7,13
23,16
42,12
28,12
39,4
9,29
23,10
40,24
38,16
48,28
40,20
6,16
0,19
28,9
21,21
50,5
4,25
24,18
47,22
0,12
37,13
20,18
5,13
5,21
50,2
13,22
42,29
39,22
35,9
28,19
6,5
18,3
32,29
47,18
32,8
15,2
20,30
24,26
21,24
8,12
31,14
47,21
44,12
17,30
6,16
9,15
49,2
44,29
6,17
44,3
31,8
30,28
28,24
50,12
11,7
1,4
42,26
9,24
7,27
19,9
32,2
11,25
28,5
50,24
43,20
38,23
26,5
27,26
48,11
35,12
48,8
36,13
10,16
5,23
38,11
36,26
18,29
9,18
24,29
6,16
19,21
31,3
19,8
27,8
12,20
4,2
47,8
10,5
34,27
26,17
12,29
1,23
28,6
45,18
10,7
45,25
17,19
1,22
7,13
4,12
10,8
10,15
12,10
25,23
32,15
1,21
12,11
44,14
48,12
17,10
11,20
17,3
4,8
33,18
40,9
38,9
15,27
8,1
40,29
34,15
35,8
18,26
29,9
4,4
16,26
31,28
15,26
41,16
39,12
23,23
49,12
17,4
17,19
25,2
33,17
0,19
22,13
22,4
3,14
21,21
32,10
32,1
5,18
15,12
45,13
18,14
46,8
37,18
41,29
5,2
37,1
35,22
16,29
7,5
24,13
14,20
19,13
35,3
49,3
21,29
34,20
28,2
6,28
45,23
9,3
33,21
13,28
20,12
1,1
30,4
9,13
2,6
49,1
50,3
23,16
4,28
17,11
45,27
39,26
14,12
17,2
0,16
41,17
46,29
6,19
10,9
18,7
12,16
37,13
18,15
9,27
5,2
5,17
49,29
42,4
18,18
27,23
12,24
45,21
31,26
16,7
10,18
40,10
49,17
43,1
18,4
48,12
27,10
25,6
14,19
10,28
25,2
24,1
12,1
6,9
40,26
35,22
13,4
8,11
36,4
11,4
30,20
16,18
41,23
36,6
27,4
38,29
1,18
11,13
7,16
32,24
7,27
4,30
40,21
38,3
20,23
17,25
36,5
43,1
24,23
4,25
31,16
34,27
41,21
7,15
39,25
47,3
35,24
49,12
19,9
0,18
17,4
23,9
48,29
17,16
31,20
9,19
44,17
23,7
35,3
21,8
36,22
49,28
21,24
35,28
32,16
27,27
22,17
14,29
5,14
23,18
21,12
29,26
40,20
18,8
38,3
48,10
29,15
26,17
42,13
23,18
22,8
23,13
32,15
18,19
33,23
29,1
29,4
39,1
34,10
0,13
32,7
22,10
50,29
25,1
14,16
46,27
35,12
41,8
13,30
33,9
48,12
47,10
42,21
34,5
37,25
28,21
1,13
48,21
47,18
9,4
33,3
18,11
8,17
4,16
43,25
18,13
33,20
39,21
31,9
48,14
8,1
27,5
5,20
35,20
7,18
27,25
46,9
3,17
27,8
10,15
39,10
17,21
50,8
27,3
24,5
18,27
38,5
33,25
38,14
18,11
27,7
5,5
35,4
3,29
12,17
37,9
23,27
19,14
10,1
34,10
7,17
32,27
6,8
0,7
25,11
27,29
24,16
1,2
6,26
20,19
44,29
2,20
24,2
37,28
1,24
22,10
12,5
42,3
46,15
2,3
47,26
30,9
13,15
36,24
1,4
35,24
36,28
20,8
18,11
9,6
24,9
34,5
28,30
4,21
20,10
30,20
46,26
9,3
45,24
12,22
40,13
5,7
41,17
28,16
21,19
12,21
21,25
17,26
11,9
21,20
4,29
15,3
37,29
44,20
36,20
25,4
14,21
16,4
13,5
34,7
11,22
30,10
34,29
18,26
23,29
14,20
29,5
30,3
12,21
3,15
28,18
18,15
5,26
10,8
41,26
1,26
4,4
34,26
46,25
25,2
20,4
40,30
5,14
16,18
6,24
50,5
18,7
6,13
12,2
17,25
32,21
41,19
49,13
34,1
9,2
30,5
22,4
39,29
28,22
22,8
48,5
45,20
36,8
38,7
0,18
38,16
24,3
26,15
40,17
14,26
15,9
50,6
5,27
20,4
27,12
22,13
29,14
39,28
14,25
17,23
43,13
45,3
21,10
32,9
22,17
6,5
24,20
26,29
35,12
41,17
35,20
10,13
46,17
7,21
31,1
0,25
23,19
28,4
35,10
42,8
31,29
10,9
39,17
18,20
16,15
15,19
42,26
43,21
40,1
27,3
48,13
16,11
46,29
44,1
32,4
49,23
32,12
6,5
12,5
3,26
34,3
35,3
26,8
25,19
32,26
48,20
27,6
28,17
35,14
21,17
10,16
15,14
31,19
6,9
17,27
44,18
33,28
48,1
23,2
29,26
23,13
9,18
49,8
45,27
25,17
29,16
2,10
32,13
26,7
41,18
49,7
35,22
8,25
15,9
9,5
39,15
2,28
34,6
10,7
31,18
41,22
45,27
28,15
29,15
42,15
2,20
18,3
36,3
35,26
21,16
0,8
24,2
5,13
32,13
49,12
29,28
24,25
33,18
34,25
49,4
42,1
0,30
25,6
16,3
32,12
28,25
29,16
15,17
17,23
49,19
27,24
5,4
27,3
34,30
36,24
32,23
19,6
4,16
38,8
18,8
34,16
43,24
35,7
32,21
29,2
4,24
21,3
24,30
22,13
40,15
21,12
28,11
5,19
10,26
6,12
15,18
44,4
4,3
19,26
8,11
19,6
19,9
3,27
45,29
5,28
1,30
48,8
41,21
22,18
33,30
8,28
38,25
0,24
24,5
16,6
15,26
43,27
35,22
38,15
46,23
42,7
32,10
5,30
48,24
42,25
11,21
36,25
14,10
22,6
27,16
0,30
25,24
11,15
7,25
45,16
5,11
5,15
48,16
22,18
43,8
49,25
31,12
43,30
38,27
3,13
24,4
15,5
6,1
15,30
3,11
35,10
40,27
44,25
49,15
15,15
35,3
20,24
39,2
5,14
25,24
16,25
28,17
8,22
6,8
35,23
12,21
41,14
48,16
5,8
39,11
28,12
7,1
18,28
22,28
28,20
14,30
8,18
14,26
43,26
0,19
34,23
38,18
5,30
3,27
1,21
4,10
15,25
28,12
38,25
35,17
45,2
25,14
31,27
21,2
36,8
7,17
32,21
1,13
23,20
14,26
22,5
43,15
10,7
4,11
36,6
19,23
39,12
25,23
38,5
3,20
44,9
6,2
10,21
42,2
22,18
27,27
32,12
49,27
33,9
33,15
32,28
34,12
4,5
14,16
38,24
19,29
47,1
13,19
5,11
19,11
50,2
3,3
2,8
14,9
30,11
20,25
39,14
31,18
6,29
44,29
20,6
42,2
0,1
19,30
24,13
0,4
35,24
25,14
40,7
19,19
34,3
11,30
30,24
20,23
32,22
3,27
0,12
4,30
6,24
8,21
46,30
9,26
14,17
13,15
29,19
48,21
29,1
43,30
0,13
15,20
25,5
14,30
36,8
50,24
24,24
36,9
45,12
41,14
46,1
12,27
43,15
34,20
30,29
14,11
23,24
0,13
16,12
38,7
50,4
34,4
46,25
0,11
42,10
25,23
45,7
45,24
5,1
10,29
43,19
19,3
19,21
31,24
18,30
28,9
19,16
29,27
6,26
25,15
15,25
9,17
9,19
9,26
41,18
20,14
28,26
45,19
30,19
33,19
3,29
31,26
9,18
26,28
12,12
50,1
8,25
50,3
39,29
7,8
40,12
10,6
16,28
25,12
26,23
41,22
9,9
29,15
36,1
23,7
44,13
11,28
25,8
40,3
1,2
15,12
45,6
43,27
0,26
2,17
46,20
19,21
22,28
15,1
32,10
33,17
18,26
3,30
21,12
18,15
49,27
34,8
12,18
31,9
11,11
0,8
30,15
25,3
14,9
47,29
36,23
21,8
48,19
7,5
49,30
4,4
33,28
7,10
46,27
19,28
35,1
8,17
6,4
13,7
44,4
13,14
19,5
9,27
38,15
5,23
27,14
50,29
10,11
21,23
44,12
22,3
29,16
40,15
14,19
5,12
21,2
16,24
3,23
8,6
2,11
0,11
49,30
33,16
49,26
41,16
23,9
26,25
3,9
17,2
22,28
39,25
5,11
42,10
15,9
47,23
3,4
11,20
35,29
8,18
45,8
35,9
28,27
30,9
19,8
17,2
43,28
44,16
15,14
34,4
47,21
3,11
10,25
39,4
37,1
20,22
32,2
32,29
26,19
26,7
20,20
7,24
42,27
20,28
2,10
11,29
5,3
12,28
13,3
43,22
8,23
20,29
35,7
24,18
41,13
47,4
19,18
19,16
30,21
11,11
7,21
22,27
15,10
7,7
15,10
29,11
13,24
34,24
45,21
18,22
33,12
47,1
0,26
36,30
33,6
26,2
11,25
42,9
25,23
35,27
14,24
41,23
21,29
33,19
20,7
43,5
35,28
2,7
27,24
7,1
44,27
27,16
30,30
5,1
30,3
27,26
49,25
50,15
35,17
25,9
42,8
17,4
32,10
49,20
13,13
14,14
21,19
14,30
4,6
22,17
34,24
39,6
34,6
47,18
46,22
43,8
14,2
14,21
42,18
17,25
42,19
9,28
1,30
12,20
4,9
48,27
0,26
19,18
15,7
11,20
0,14
30,11
37,2
7,3
12,29
40,28
19,27
49,27
32,25
46,6
27,4
15,3
4,21
0,10
28,19
18,20
26,1
4,27
32,30
32,17
45,1
31,22
33,21
20,13
10,27
30,15
48,30
13,15
17,19
45,20
37,23
34,11
21,26
6,26
24,29
20,2
39,30
44,18
15,22
22,21
17,9
47,1
25,8
41,5
22,19
47,20
1,30
49,7
17,14
26,25
27,26
34,26
6,11
46,12
22,9
31,16
50,6
16,25
22,10
37,26
32,10
12,28
48,21
4,19
48,5
42,27
38,17
24,6
28,12
23,20
31,21
31,3
31,28
0,21
42,6
5,1
29,14
34,7
35,19
48,7
48,29
32,29
41,9
0,19
6,17
42,17
3,14
40,18
40,12
33,1
35,28
1,8
23,23
7,21
17,20
39,19
12,29
3,14
30,14
50,25
43,7
8,11
48,4
50,17
48,21
15,28
10,7
30,21
19,26
45,6
9,1
26,14
44,25
20,19
14,17
5,11
17,16
46,16
36,16
24,19
47,16
19,19
21,13
40,5
12,28
23,26
47,6
30,13
46,1
43,13
45,18
36,2
19,6
40,21
47,12
34,24
23,22
18,4
41,16
35,18
41,16
30,12
1,12
42,25
14,25
41,6
50,15
3,17
12,3
0,27
44,25
46,19
22,13
35,24
5,28
33,16
40,12
10,12
22,1
1,22
39,7
4,15
40,5
9,14
19,15
9,6
8,30
23,14
6,4
49,2
14,1
24,19
39,27
22,27
14,24
1,8
18,23
2,12
22,16
2,2
29,1
42,3
18,23
20,5
27,12
6,23
19,22
28,6
12,5
27,30
13,18
24,11
42,13
21,15
17,11
20,25
35,27
1,5
46,23
11,4
11,6
29,13
10,9
22,6
12,26
6,13
31,8
47,9
16,8
38,12
43,17
31,23
6,30
37,20
33,12
36,7
18,30
39,23
29,16
46,16
19,19
0,28
9,22
2,27
31,15
12,2
18,21
16,26
16,24
2,15
6,14
38,10
36,2
29,11
1,26
37,8
40,8
28,9
11,12
25,6
12,25
22,29
45,30
39,1
3,18
19,12
44,20
42,2
13,4
35,11
46,27
35,26
13,16
38,20
11,26
15,14
31,3
20,30
28,8
48,7
34,20
18,22
23,8
28,26
16,14
0,20
33,9
11,1
32,25
49,6
14,30
15,28
38,24
7,9
10,2
10,5
34,2
40,24
17,14
3,19
0,7
9,9
37,11
25,11
1,25
11,15
15,3
31,7
8,27
9,28
6,21
28,10
37,14
2,7
17,12
41,4
34,19
35,10
29,18
48,17
7,22
12,17
24,23
32,7
13,9
43,15
4,30
20,10
17,28
39,10
23,27
24,7
50,29
34,4
9,24
23,29
20,10
11,21
18,9
5,8
1,1
0,1
1,5
30,17
28,20
23,15
38,1
37,15
18,30
3,29
13,6
15,5
43,26
23,13
48,4
37,6
11,9
43,2
32,4
28,6
18,24
22,10
15,9
9,1
1,25
0,5
49,22
7,5
7,5
46,15
39,30
10,26
4,19
43,8
1,1
3,2
41,19
19,26
38,10
29,11
27,6
46,30
6,7
43,17
22,11
33,29
18,26
50,30
9,15
7,28
29,18
24,2
38,10
35,29
17,25
50,25
48,3
26,18
32,20
30,2
44,23
26,17
30,28
1,21
27,25
37,25
31,2
11,22
29,2
45,7
48,15
39,23
7,23
27,10
44,14
19,15
37,1
38,9
33,26
1,11
15,18
21,20
22,2
8,29
33,18
30,29
10,25
20,7
19,27
9,4
42,16
35,18
49,8
27,22
23,29
5,10
39,4
7,26
44,15
37,28
41,24
46,13
28,25
49,20
32,17
46,22
14,20
16,5
50,12
8,21
30,22
47,18
40,10
17,19
49,1
41,20
34,18
18,11
10,22
16,24
19,4
35,21
4,24
20,29
17,2
3,18
2,16
47,13
43,4
11,21
12,6
46,23
17,19
50,16
2,30
4,1
19,16
0,5
30,10
21,30
15,7
31,29
7,2
22,17
10,13
35,13
50,26
49,1
26,29
23,22
26,13
26,16
17,4
20,11
31,3
14,26
28,22
39,20
34,6
29,10
49,9
0,5
50,10
40,6
3,29
46,2
35,13
6,5
9,10
37,3
40,22
47,4
35,13
4,11
26,1
0,28
13,19
48,27
8,26
0,12
37,6
41,2
0,23
40,15
4,23
48,2
35,10
49,10
48,21
32,6
17,7
14,17
15,7
9,23
3,10
7,13
50,8
31,4
28,19
40,3
32,21
25,17
36,4
33,22
46,6
50,21
1,7
33,5
20,4
33,26
45,10
29,29
27,23
26,23
19,14
17,26
11,11
35,25
42,4
4,17
24,11
46,23
17,19
7,27
5,28
6,5
27,26
49,9
41,5
43,25
0,8
19,16
19,6
3,22
23,22
27,19
20,9
21,17
46,8
29,16
40,19
22,16
27,25
9,9
29,15
33,26
18,24
30,15
7,20
8,14
5,3
2,23
37,20
50,10
2,12
40,26
47,2
14,19
44,28
10,12
37,17
5,2
3,7
8,19
48,24
50,11
41,23
20,26
5,22
4,1
28,29
14,8
14,3
7,11
10,14
20,27
46,13
20,4
2,3
33,11
33,28
5,20
17,14
39,26
50,11
47,14
13,14
30,13
47,17
16,9
32,30
39,6
15,27
26,11
18,29
48,18
18,25
14,24
34,17
47,6
50,12
16,29
28,10
6,21
6,27
10,2
0,29
44,14
45,28
38,26
44,10
12,9
26,12
50,4
28,9
2,10
2,14
43,3
25,24
14,6
19,9
18,17
39,23
29,26
16,20
39,26
9,22
13,5
25,2
27,25
22,25
24,20
48,2
0,28
35,21
13,21
33,14
41,8
27,20
45,5
28,17
30,17
5,1
46,4
23,29
46,25
5,1
46,24
24,22
23,8
22,23
29,20
23,25
35,12
3,23
42,14
35,29
49,25
25,15
36,7
37,9
8,27
36,6
45,5
31,2
38,24
34,9
25,1
45,29
24,7
29,27
45,18
46,12
3,30
13,17
17,5
18,14
20,19
37,29
26,26
25,2
34,14
7,5
22,7
49,21
5,21
6,22
23,9
42,20
32,16
11,3
32,14
47,6
23,28
40,4
30,22
39,9
45,29
31,1
5,7
46,29
37,22
23,20
48,25
6,8
3,11
41,1
5,29
36,23
33,1
0,8
23,27
23,12
31,22
21,7
27,4
21,12
21,16
9,23
50,1
40,13
3,9
2,22
25,11
46,27
19,11
16,28
35,24
33,26
9,8
7,17
10,20
1,26
22,30
49,8
27,20
36,1
20,10
27,19
24,27
41,3
37,28
7,25
1,15
9,30
25,23
42,19
32,5
33,29
44,26
41,14
49,18
43,27
32,9
42,9
41,10
48,18
4,8
28,19
39,12
35,5
47,25
34,9
17,1
16,24
20,8
49,3
40,21
41,6
47,20
50,2
38,2
8,14
17,9
44,4
16,20
45,6
16,7
29,5
1,21
31,10
13,25
4,21
48,29
20,20
38,13
22,18
48,17
15,24
36,15
0,9
35,20
33,22
24,23
17,19
9,12
39,1
47,11
13,6
31,5
33,21
41,18
50,8
34,27
50,24
22,30
8,2
37,26
11,20
37,9
50,16
43,16
36,6
21,19
23,18
43,20
47,15
12,17
42,15
50,20
15,5
3,16
21,10
20,20
5,17
43,20
12,2
42,26
11,8
50,7
15,23
1,25
37,22
40,8
17,21
19,5
38,28
21,30
10,4
22,18
31,19
0,23
31,16
35,9
8,18
35,22
47,17
11,7
22,19
23,1
35,13
44,2
22,27
7,1
6,11
24,6
42,4
48,16
28,17
44,4
5,22
34,18
32,28
47,22
50,4
44,28
40,25
1,19
20,12
50,19
3,25
2,25
48,4
38,20
4,5
7,7
44,21
47,5
6,9
39,5
35,3
42,13
14,5
17,3
24,12
0,30
40,5
31,19
35,12
29,21
11,20
21,19
27,17
46,25
5,11
44,12
33,11
11,1
38,10
25,5
16,11
16,7
48,5
41,6
19,25
33,28
29,3
8,19
33,18
44,12
32,26
37,15
20,18
29,1
24,13
22,15
24,1
38,5
21,3
7,26
21,24
4,26
46,16
47,9
11,27
11,23
38,7
32,15
3,27
24,23
11,19
29,2
24,19
49,24
43,20
5,1
33,28
21,21
16,25
31,7
23,21
46,18
43,30
36,27
29,16
27,4
41,8
5,3
4,2
15,30
28,8
14,11
19,30
24,20
50,19
49,20
16,24
23,24
46,5
19,9
50,28
32,28
41,13
39,26
24,9
46,26
39,6
43,13
7,16
44,22
38,7
42,11
11,28
11,7
7,12
3,30
33,8
28,8
46,5
20,14
8,23
45,11
47,4
19,7
1,16
49,2
26,9
21,30
16,25
44,18
33,14
27,30
30,8
43,13
38,11
5,25
45,29
31,28
35,12
3,18
11,4
21,6
38,19
18,11
19,13
18,6
41,13
23,16
31,6
7,27
46,24
40,3
1,13
28,26
2,27
44,4
31,16
10,18
33,14
50,16
13,25
22,16
24,6
29,12
44,25
3,25
34,27
44,16
1,24
33,9
3,19
6,7
12,24
39,21
33,5
45,22
47,24
3,19
27,19
6,27
24,7
20,4
17,9
26,7
42,29
37,20
43,14
13,25
48,29
2,12
19,12
28,21
31,1
12,14
45,19
50,16
19,15
9,4
32,14
7,23
21,28
13,14
3,10
1,2
13,23
15,19
5,16
36,12
43,18
9,18
19,4
11,12
44,20
29,1
21,24
20,12
23,9
41,18
38,21
47,15
36,28
47,22
0,5
16,17
7,16
16,10
16,13
16,24
18,29
50,3
39,2
12,17
11,21
19,15
3,4
22,6
40,8
39,7
11,22
48,26
9,20
13,2
43,15
14,12
47,18
13,13
50,25
35,8
44,21
34,4
34,4
9,26
16,28
0,16
10,3
32,30
11,30
1,13
19,26
7,4
32,14
7,16
25,17
22,13
39,10
42,4
36,12
10,16
9,29
5,25
17,11
30,12
8,6
9,20
13,20
50,8
4,28
47,7
26,16
49,5
26,25
14,7
40,24
19,30
25,25
21,6
10,19
17,14
30,7
33,25
21,7
28,13
2,10
40,12
43,25
19,2
30,21
48,1
43,26
10,3
42,23
9,20
29,5
20,9
39,22
10,18
21,23
45,3
41,17
11,9
26,19
11,30
23,26
27,18
13,30
26,5
45,5
30,19
30,16
35,9
34,9
2,15
28,3
6,3
5,22
33,20
41,25
20,30
42,1
10,12
48,19
45,23
29,20
33,26
10,28
37,20
13,13
34,5
26,25
2,7
5,8
45,10
37,27
49,13
46,12
30,15
37,8
6,18
43,4
16,6
33,7
12,1
38,7
45,15
0,23
35,15
31,20
11,10
0,21
19,22
15,24
30,20
29,30
5,19
38,2
16,10
4,13
17,17
34,21
5,2
27,27
10,1
14,11
9,21
43,25
0,13
23,10
7,16
28,14
40,28
39,17
42,1
7,7
35,26
7,24
17,17
31,27
43,11
20,4
27,1
17,7
21,22
41,23
17,3
13,23
35,24
15,28
29,23
21,4
45,23
1,8
18,9
46,13
6,4
17,30
36,12
21,5
48,30
6,19
49,20
5,8
17,29
10,12
8,16
45,1
43,2
47,23
23,4
23,28
49,8
33,23
23,20
26,25
48,5
15,24
44,29
0,4
34,22
37,9
8,7
30,3
46,13
41,28
0,25
26,17
8,14
38,28
50,30
18,24
45,1
13,29
38,16
42,19
48,6
18,3
10,29
0,19
6,16
32,28
15,19
25,3
6,24
24,3
2,8
29,26
35,1
4,20
18,7
40,12
16,2
27,6
5,22
42,21
50,21
16,18
8,8
26,11
45,30
14,20
32,15
43,29
32,10
36,17
42,10
35,11
16,29
8,4
4,28
37,23
15,16
49,7
22,13
41,4
16,13
33,25
43,29
26,18
29,10
19,14
39,22
3,9
9,20
40,3
23,14
22,13
15,24
9,30
16,23
41,27
34,5
47,29
16,9
10,10
35,9
27,16
4,21
49,14
11,1
18,3
41,29
16,3
19,5
32,17
30,11
3,2
10,25
20,28
2,6
38,23
36,19
43,26
21,21
20,6
22,20
46,28
31,13
14,20
1,21
49,26
39,10
16,12
29,15
4,27
25,10
50,18
46,17
17,11
13,19
28,7
2,11
25,3
43,6
11,1
38,5
32,12
11,1
4,18
6,19
14,25
13,23
12,11
12,25
32,29
43,13
34,4
4,15
21,6
4,6
47,30
43,2
25,23
42,3
43,25
19,17
15,2
23,29
38,7
45,26
12,6
22,7
4,23
16,19
32,15
20,9
11,25
4,3
46,4
3,4
2,1
13,29
14,21
42,29
18,28
21,17
11,7
21,10
30,8
19,19
44,23
46,16
27,8
35,23
5,1
10,4
21,6
40,27
26,20
32,10
5,6
45,28
17,6
11,26
14,19
24,28
44,3
10,2
49,23
49,1
6,15
45,23
9,7
35,11
10,12
35,22
39,18
18,27
28,7
32,21
44,8
28,22
18,13
40,25
2,22
36,3
9,13
19,7
20,27
4,19
15,18
42,13
43,6
21,25
20,17
35,22
45,18
10,15
40,17
3,7
2,11
41,9
47,8
50,10
31,17
49,22
26,15
35,21
16,14
10,16
34,24
21,20
40,20
0,9
44,10
22,1
0,28
6,21
50,25
23,30
23,4
3,14
45,19
9,20
49,7
22,4
42,24
4,22
28,11
27,19
43,9
28,7
26,30
19,18
27,14
31,15
1,6
1,25
26,25
33,25
28,15
5,25
25,19
40,10
45,29
28,10
40,7
38,12
5,4
0,21
19,12
20,28
12,10
49,8
8,17
31,22
21,28
38,27
32,22
14,29
45,7
15,8
31,12
10,23
41,27
37,2
21,12
34,1
48,1
48,25
16,24
12,20
2,24
50,17
31,8
32,14
21,5
43,2
27,17
7,21
35,1
16,25
8,13
39,17
16,14
33,21
1,25
34,12
41,25
23,23
33,20
5,3
0,29
1,8
25,23
41,1
34,7
32,20
34,12
11,21
10,30
31,25
24,2
15,30
31,20
20,9
20,13
22,20
28,20
41,14
20,21
19,14
23,2
17,13
9,24
25,26
29,14
41,14
39,9
26,3
26,4
7,29
48,2
33,1
23,3
21,8
16,29
28,10
14,27
38,27
44,12
28,11
35,12
44,20
31,21
6,24
0,22
1,8
38,23
7,8
8,27
38,10
15,15
46,6
27,14
25,1
21,14
18,25
48,2
32,10
31,28
28,21
50,8
49,19
0,12
44,26
37,28
22,11
20,22
31,4
42,21
48,9
4,23
35,22
2,13
6,16
49,3
4,24
17,20
20,10
1,16
25,10
13,11
6,25
41,17
46,29
46,9
5,20
39,18
14,28
5,5
9,27
33,28
45,16
28,28
39,6
3,10
30,17
29,13
26,23
8,12
49,1
39,8
24,30
45,13
21,27
21,30
32,25
37,15
44,19
38,12
27,16
42,25
22,6
17,5
15,1
9,2
41,14
24,17
41,7
21,4
2,11
3,9
15,1
25,18
27,29
33,12
45,28
24,7
45,25
17,4
47,27
44,19
23,28
41,13
11,14
14,24
16,21
14,9
25,19
43,7
19,7
5,23
36,5
15,14
32,5
19,8
48,22
0,9
39,10
35,1
2,18
22,19
38,3
34,28
14,20
41,18
12,25
18,22
36,16
46,23
19,14
41,20
30,28
3,13
21,28
22,10
36,26
33,20
10,23
7,9
22,6
5,29
6,27
9,2
22,18
2,29
31,21
44,18
46,8
24,24
25,7
21,25
34,20
2,3
39,14
24,25
22,18
40,23
7,16
33,30
16,30
42,22
48,30
39,22
39,17
14,29
36,27
33,15
12,1
13,7
35,4
30,18
29,22
1,23
35,25
24,27
34,26
20,13
1,23
25,13
32,28
10,6
8,20
3,29
48,27
24,22
28,12
11,21
18,16
20,27
34,17
37,22
5,13
8,2
43,19
33,11
47,11
48,10
8,18
19,3
43,28
31,25
21,19
21,21
10,1
37,6
45,3
9,2
9,20
22,18
24,20
40,7
47,13
32,2
38,3
27,3
41,27
5,30
26,19
21,3
38,8
39,25
25,7
6,15
25,14
32,28
14,1
38,28
8,17
47,15
6,13
16,5
20,14
2,1
32,16
44,14
48,11
42,14
5,15
8,6
20,15
32,18
46,30
41,12
42,22
36,20
0,26
9,7
35,12
41,15
6,16
39,4
46,3
19,12
46,23
1,26
21,16
5,19
50,3
11,5
2,15
5,18
15,2
44,11
34,10
7,14
2,23
49,29
46,24
24,20
4,19
42,21
25,30
49,29
22,1
45,12
0,8
39,5
49,14
4,3
39,29
34,21
40,29
2,10
28,19
23,3
10,18
42,12
40,6
23,1
30,27
42,17
5,23
49,11
22,6
10,16
22,2
8,20
33,17
43,17
10,3
28,28
17,29
27,6
15,11
44,24
50,12
27,20
34,14
31,23
45,22
31,22
28,8
42,9
0,29
12,2
23,3
8,5
24,15
37,27
17,30
8,24
11,21
43,17
3,17
29,1
15,16
5,16
39,15
39,28
32,29
38,9
8,23
19,23
28,9
1,23
42,9
31,19
40,23
25,16
9,6
31,8
5,27
20,9
22,23
33,26
50,29
9,17
2,21
21,1
6,19
47,20
50,21
44,30
11,7
28,29
19,19
43,13
26,1
11,12
34,1
25,2
19,17
19,3
37,8
48,14
33,16
42,20
27,5
36,27
16,30
8,29
37,12
48,10
2,27
3,1
15,27
4,27
46,5
23,22
45,1
12,21
20,30
23,12
24,29
5,2
46,26
4,10
41,10
32,6
24,27
20,3
45,21
2,14
32,4
39,4
36,20
43,17
49,11
18,11
10,2
14,12
46,16
25,5
43,9
45,11
1,13
0,29
34,15
32,13
46,15
37,1
7,13
5,22
49,9
15,24
36,19
20,7
37,18
31,28
38,18
2,8
0,27
39,11
30,23
21,10
0,15
25,6
47,25
40,18
9,24
16,6
50,7
50,30
46,5
18,5
9,23
24,24
30,1
20,17
49,14
4,11
42,7
44,3
34,13
47,30
18,21
34,9
41,22
10,9
14,20
28,24
15,10
50,22
0,15
40,23
23,17
49,2
31,7
45,25
13,24
19,25
27,18
4,22
18,26
49,3
44,11
39,22
7,22
0,30
50,28
0,5
6,2
11,7
18,14
16,7
27,27
27,16
22,7
42,29
4,28
30,8
25,12
9,6
1,24
22,6
12,4
12,9
35,29
46,26
10,17
46,5
3,11
47,21
45,19
17,1
32,10
9,3
1,11
3,19
30,2
5,6
13,17
23,25
39,11
18,17
18,16
30,26
8,7
37,18
11,19
35,6
40,29
40,18
12,23
48,25
2,5
37,19
18,20
16,18
6,30
9,14
37,20
41,23
17,30
17,20
36,27
33,29
3,4
11,9
15,6
1,21
24,23
34,12
33,1
49,7
14,29
32,24
39,28
5,14
30,29
6,15
4,26
9,11
42,7
30,20
1,21
8,15
23,4
33,22
7,1
1,29
41,30
45,23
18,22
4,16
33,29
41,23
39,10
7,10
22,22
10,17
3,25
46,29
24,1
41,30
27,25
8,19
30,13
10,24
43,9
6,16
6,16
3,17
12,15
1,25
41,21
11,25
16,8
11,2
31,27
28,20
28,6
13,5
37,18
36,30
14,12
38,12
43,6
49,22
44,12
27,13
36,11
16,9
26,21
22,9
40,16
48,23
1,11
23,24
49,1
26,22
5,5
49,12
19,26
6,13
5,8
30,6
7,13
22,21
44,7
44,1
46,7
25,16
3,19
49,3
21,29
7,20
36,7
37,27
11,23
1,14
2,26
47,20
7,28
36,18
43,23
9,3
36,27
31,20
28,30
22,7
17,4
32,14
24,24
3,15
9,17
19,11
43,18
30,20
37,17
31,22
27,21
40,12
21,8
36,12
37,22
12,1
2,8
38,9
39,24
26,6
10,16
22,24
33,9
49,3
24,27
29,5
34,5
42,27
46,27
43,18
17,20
37,15
26,18
26,3
24,9
36,29
22,28
11,30
29,24
14,1
15,23
43,3
4,28
4,27
26,18
8,5
32,5
38,19
16,16
43,21
50,17
23,17
37,28
33,27
2,21
40,30
31,15
28,19
23,28
32,17
4,7
17,3
3,27
44,13
0,19
39,15
8,29
30,18
9,21
35,4
40,21
50,6
32,12
10,10
32,5
42,7
26,3
0,28
15,25
23,9
27,26
32,28
49,3
9,4
16,12
3,12
42,17
17,25
12,20
27,1
42,4
48,26
45,20
8,14
19,4
13,3
16,7
35,21
44,20
18,3
38,12
17,18
28,1
8,30
49,2
36,12
25,19
45,2
