37,16
18,24
23,4
7,4
33,6
47,7
36,29
39,28
23,8
25,4
50,10
15,21
39,14
8,3
28,10
22,5
2,25
26,6
50,27
16,10
16,18
31,13
44,8
13,2
39,5
27,16
49,25
6,24
44,4
18,5
15,7
48,5
3,19
45,15
1,26
25,29
36,7
9,24
16,14
18,4
41,6
8,9
32,28
39,20
28,22
24,5
15,4
28,25
20,27
30,16
48,20
14,13
0,14
35,4
47,21
11,20
35,27
50,11
41,21
3,15
25,14
50,4
3,23
39,28
47,18
50,9
47,9
10,11
5,30
21,21
43,24
11,18
7,18
31,17
2,27
49,15
34,1
25,5
41,15
49,18
1,7
8,30
17,26
5,29
6,5
39,20
13,12
29,25
30,26
36,8
13,15
13,25
27,1
16,23
5,6
27,9
15,29
30,2
9,5
33,11
40,28
35,26
42,2
22,7
39,29
24,22
23,14
43,7
44,12
24,12
40,10
32,17
2,29
7,6
15,25
22,29
41,21
24,9
8,6
49,19
48,7
20,8
10,10
21,30
31,18
35,30
12,9
11,11
3,5
28,13
37,1
24,19
11,2
49,7
3,19
50,2
37,27
20,4
22,15
13,30
1,18
41,3
4,6
4,6
17,19
23,19
50,4
9,2
45,21
27,19
22,11
33,17
31,9
17,16
33,2
15,18
35,9
14,16
22,1
20,28
18,26
33,22
18,6
20,1
40,28
49,14
0,27
26,5
47,20
4,25
9,19
27,23
47,7
35,5
6,7
9,18
1,7
25,23
11,29
30,8
49,2
21,10
19,2
43,27
40,12
26,16
1,19
30,8
17,28
17,11
9,5
36,21
8,6
18,16
36,26
11,28
26,14
33,9
24,27
20,21
48,29
20,3
12,27
12,3
3,15
1,27
44,15
17,23
38,28
31,29
2,24
7,26
33,30
19,9
27,12
50,22
28,2
47,12
10,20
26,5
22,19
4,1
35,9
30,4
4,7
34,12
38,3
17,11
23,19
22,14
10,8
42,29
18,10
4,7
34,16
5,13
8,15
31,2
39,22
22,29
11,11
11,19
36,16
44,3
22,20
13,6
26,23
8,11
49,15
16,28
22,5
39,30
26,11
18,14
30,10
45,30
21,22
49,17
4,13
28,25
0,4
30,4
28,11
22,5
4,29
27,6
14,29
32,24
26,19
48,6
27,29
11,4
50,29
26,11
49,18
35,20
21,8
14,30
49,25
26,11
26,6
23,10
0,29
11,28
20,22
16,8
19,7
19,15
36,7
30,14
47,10
19,28
18,19
6,30
15,2
11,3
43,6
32,18
43,12
34,20
45,25
16,16
42,17
33,15
36,24
25,13
8,29
9,18
26,23
7,1
27,16
16,23
5,7
47,4
40,9
4,26
1,16
13,25
8,15
26,8
22,25
9,20
47,2
26,27
11,19
38,28
22,5
31,11
49,24
9,9
3,16
46,16
13,11
20,9
28,30
38,5
29,29
20,10
1,24
41,19
6,12
15,16
43,9
2,26
7,9
1,26
26,6
38,14
41,14
43,12
45,17
48,8
39,9
28,2
30,12
6,3
24,20
33,28
48,29
45,25
48,5
19,14
5,2
47,26
3,29
38,16
22,5
36,16
46,26
18,8
27,13
5,11
16,18
33,8
14,23
10,5
14,15
22,26
41,29
2,29
41,5
5,8
23,10
35,2
35,30
5,10
15,27
29,28
14,30
47,7
34,12
47,7
43,1
16,10
37,28
15,28
26,16
5,1
13,21
26,10
43,25
48,14
14,26
11,2
32,13
10,9
14,1
43,25
23,13
50,23
40,6
6,27
33,13
21,30
15,18
16,15
37,6
2,22
41,3
27,26
49,2
31,28
41,5
27,24
31,2
35,6
36,21
3,16
39,7
4,28
18,20
38,17
35,9
32,13
45,7
30,23
43,12
45,9
21,9
11,28
23,12
38,19
7,25
36,10
21,19
24,1
1,18
5,9
38,12
40,3
6,5
19,27
0,23
7,5
30,26
16,17
10,12
41,4
41,2
18,10
36,27
16,23
9,9
47,9
46,1
33,18
39,20
36,13
21,18
30,16
21,7
16,8
32,28
7,8
33,4
28,3
9,3
37,4
50,4
39,25
17,26
0,20
40,12
26,4
10,13
43,4
29,2
27,1
27,19
40,9
5,15
33,13
10,1
9,7
1,19
33,29
12,25
43,4
43,15
10,11
45,11
1,17
31,9
18,25
25,21
47,6
32,7
38,25
49,23
48,25
14,8
45,15
31,20
6,15
6,22
31,5
24,3
30,22
11,16
35,20
24,18
12,26
36,13
38,15
33,5
32,27
17,22
33,13
1,17
18,22
1,4
16,9
48,5
48,3
10,9
21,21
7,18
21,4
28,24
36,21
35,19
40,3
33,14
41,15
36,9
36,12
12,7
23,24
32,8
8,12
49,18
36,8
37,27
8,5
41,24
50,11
27,29
21,22
10,28
47,16
3,15
17,10
50,24
29,23
20,9
18,10
0,3
44,8
8,6
31,8
30,6
39,7
32,9
43,2
47,28
15,6
25,29
5,6
13,14
36,10
21,27
32,5
23,20
13,1
9,20
45,7
2,6
4,19
41,9
30,28
18,15
45,19
49,18
46,4
22,14
7,24
39,9
2,28
19,21
17,11
7,15
34,6
21,8
32,15
15,18
44,6
1,28
49,9
1,6
17,6
2,30
41,9
22,17
6,1
12,27
34,24
10,25
46,29
18,28
11,9
9,20
26,5
11,11
17,2
37,10
41,27
34,2
42,4
9,3
43,12
34,22
40,18
30,4
26,27
15,16
31,12
25,29
30,8
41,6
28,14
41,7
33,24
12,21
29,7
3,9
40,6
13,20
30,26
43,15
3,8
20,12
20,30
42,16
43,15
28,21
23,23
11,20
18,29
34,21
15,18
48,24
40,1
42,20
40,30
29,18
17,25
42,17
5,25
5,12
39,27
15,5
35,29
49,22
10,25
45,4
7,7
50,9
26,6
19,10
13,10
47,30
39,8
5,9
4,29
16,20
25,28
40,30
25,17
47,5
6,4
32,13
21,17
44,5
35,29
11,21
19,16
30,9
48,25
47,16
50,5
43,13
21,14
0,5
2,14
