13,17
17,29
49,14
6,14
40,15
42,22
47,20
34,11
10,29
24,17
4,12
19,19
29,30
23,4
31,9
26,29
37,23
9,22
22,12
13,22
4,2
26,8
23,15
32,23
19,2
23,12
16,17
49,9
24,25
16,25
21,23
0,5
5,5
3,28
29,22
13,7
19,1
0,3
3,3
30,24
27,8
42,3
9,5
34,3
32,30
36,5
37,28
43,14
26,12
28,30
17,18
15,21
4,30
29,29
21,25
26,14
34,7
13,19
6,22
40,19
27,7
39,13
22,14
40,13
43,29
42,28
35,28
10,2
0,19
44,5
36,21
34,10
11,16
47,24
40,28
33,7
48,22
48,26
32,13
36,12
26,12
22,9
13,17
11,11
12,5
4,13
4,16
42,29
30,29
21,22
6,8
15,24
10,9
19,29
17,29
47,22
40,2
44,21
28,11
21,11
34,24
22,11
13,27
50,2
13,3
50,30
24,15
37,5
43,20
14,19
11,17
39,16
44,4
41,27
33,1
18,6
20,3
17,30
26,17
25,6
2,19
40,19
31,8
1,17
25,10
17,10
43,8
43,15
37,5
33,8
36,22
33,21
2,10
10,11
16,17
30,30
6,5
14,16
23,20
19,26
44,9
26,27
39,9
46,14
5,27
44,25
21,21
15,9
1,16
40,23
20,2
45,18
9,14
8,9
36,10
40,11
22,17
14,11
38,10
7,23
45,19
4,21
42,29
5,16
50,28
45,26
20,23
17,11
21,10
23,20
2,4
26,2
3,28
26,25
47,18
50,3
4,1
36,12
21,14
13,2
19,28
20,15
27,7
48,16
18,25
41,6
17,6
37,16
21,4
9,12
31,25
42,12
17,13
49,23
33,17
32,29
10,21
18,14
37,3
10,6
49,22
50,5
27,21
41,19
3,9
20,8
25,2
38,7
43,2
9,23
3,7
19,21
50,11
16,12
46,18
47,13
15,13
10,29
13,27
17,25
19,9
6,1
28,7
33,3
16,11
6,25
20,23
8,16
3,4
24,13
31,22
45,16
0,11
24,17
21,4
36,12
16,4
1,16
49,22
8,3
14,9
41,23
9,6
47,3
3,9
40,29
48,4
29,20
22,6
28,30
20,22
49,7
8,26
22,8
44,11
17,12
3,4
13,11
7,11
37,26
2,27
16,6
39,30
20,4
1,28
39,17
19,13
48,5
44,2
1,25
48,12
45,19
48,17
1,29
13,6
33,27
25,1
2,1
9,3
34,8
14,12
47,22
32,6
30,24
20,2
28,30
2,24
44,30
9,28
45,2
27,6
40,13
36,25
10,5
44,17
40,19
34,12
9,25
3,22
38,11
21,18
34,23
19,24
3,11
33,11
7,2
42,28
46,15
20,14
32,23
48,21
33,17
15,26
24,6
21,16
41,10
19,29
8,14
47,6
0,10
28,29
46,5
46,4
34,12
34,17
13,26
9,5
7,1
46,13
49,30
7,28
20,14
41,22
14,11
30,13
27,23
2,4
18,6
32,8
7,7
4,1
42,9
15,4
48,5
50,12
28,3
40,1
40,27
27,5
21,5
41,9
6,21
49,10
36,16
6,4
1,2
37,22
49,30
21,29
33,20
11,23
27,17
41,13
43,16
36,6
39,14
21,10
38,23
33,18
33,18
14,13
5,17
15,24
30,6
37,7
34,18
13,22
47,12
35,10
37,30
30,12
2,11
24,5
25,20
33,19
2,27
36,29
41,2
43,20
50,17
10,15
0,25
9,5
31,15
49,24
4,12
45,14
39,5
21,2
15,6
21,25
21,14
29,19
14,2
9,2
48,20
11,24
34,4
49,15
23,26
50,26
13,24
15,14
9,27
7,24
10,18
12,7
18,10
34,22
13,27
35,6
12,27
13,10
38,28
18,1
46,4
16,17
46,30
0,8
8,6
36,29
31,13
10,20
47,29
33,2
9,28
49,26
24,24
46,9
3,27
29,14
50,9
39,20
27,14
32,23
39,17
23,22
25,28
21,13
12,1
18,11
33,29
9,9
45,27
5,21
13,15
36,6
8,16
22,25
49,15
16,19
36,28
22,4
44,25
45,2
23,18
7,6
48,17
20,24
23,10
36,5
0,20
13,27
11,4
3,30
28,26
10,22
41,26
6,7
7,29
7,6
22,28
5,15
34,23
15,18
41,26
43,21
40,7
3,16
50,30
30,5
38,5
41,19
22,25
35,20
31,21
47,7
46,9
33,9
10,15
46,26
35,22
36,28
31,24
32,19
22,12
25,8
12,25
11,12
1,9
47,9
4,19
8,3
39,24
49,18
24,25
43,9
20,21
10,27
17,7
20,26
45,23
4,6
18,3
1,2
6,12
45,2
19,25
2,6
26,11
9,4
49,7
24,12
5,26
25,12
16,13
25,7
7,24
23,19
5,7
32,18
22,19
22,20
43,5
5,27
30,21
16,22
39,26
43,21
35,19
10,11
2,10
17,2
32,13
32,9
47,3
16,25
28,13
23,10
18,30
3,29
30,11
10,13
36,22
17,16
31,7
19,18
13,28
48,26
41,6
11,22
23,5
11,13
9,10
25,4
14,8
18,30
33,14
7,13
18,17
25,12
32,8
6,15
16,17
47,25
11,5
11,14
7,30
45,26
27,26
0,7
6,27
43,13
47,28
46,19
17,30
39,23
2,23
7,11
44,14
49,20
35,12
8,28
36,11
3,16
40,13
5,4
15,24
35,2
19,23
34,25
44,13
27,29
8,16
13,19
2,6
26,13
27,24
46,9
14,6
50,4
24,4
19,9
41,12
22,23
45,6
36,25
9,8
12,9
32,29
9,28
33,11
46,26
36,7
20,30
22,13
42,20
20,11
16,25
48,19
7,4
33,12
26,10
34,14
41,28
16,26
23,8
49,30
46,11
45,12
19,2
14,9
27,15
46,28
26,27
14,5
32,15
33,2
19,6
7,21
40,30
9,8
47,6
19,21
15,6
49,13
1,26
23,4
23,26
1,13
47,9
37,16
30,25
44,29
13,17
29,25
34,5
12,22
50,14
5,12
15,13
50,11
21,20
33,18
21,3
41,30
13,7
16,22
48,3
28,3
46,5
13,19
1,27
31,7
40,16
25,6
32,29
17,6
16,28
31,5
26,12
12,21
31,11
20,12
23,17
49,19
