6,23
28,30
48,12
36,11
11,13
50,28
20,19
40,17
10,13
33,7
6,11
21,3
0,21
5,4
43,14
21,14
0,25
14,1
22,5
16,3
22,24
38,5
39,21
16,20
20,6
12,15
27,18
9,10
47,6
10,7
29,14
43,14
32,18
0,26
6,24
21,25
49,19
45,29
50,10
20,19
47,13
5,18
2,4
17,18
31,12
2,17
15,20
33,9
40,19
29,3
22,8
31,23
47,8
50,17
15,30
45,26
49,8
1,21
50,17
16,17
2,4
46,30
13,21
9,23
9,14
26,1
22,28
3,18
8,9
6,13
11,20
6,7
1,17
47,30
29,10
49,14
41,3
13,29
8,20
35,16
8,27
21,9
38,11
37,28
24,22
16,27
50,16
19,2
11,4
2,21
48,28
8,19
30,27
36,27
46,28
29,25
26,10
48,30
16,21
15,27
30,6
38,4
0,16
37,28
44,30
38,28
42,29
28,9
36,11
10,20
40,1
4,1
49,1
42,16
27,7
50,18
7,20
0,8
39,18
28,17
36,30
36,29
8,30
0,20
18,5
28,26
35,30
1,29
9,28
15,21
47,23
8,19
12,15
19,22
13,24
34,22
48,9
30,10
40,29
15,19
37,13
19,13
32,25
14,18
26,12
21,6
6,23
10,20
49,20
39,6
0,15
6,11
8,11
4,6
38,12
39,8
41,23
41,16
17,13
30,27
37,29
37,15
35,18
15,11
1,9
41,2
1,4
13,24
12,7
16,26
49,5
26,30
33,16
10,2
4,11
7,17
11,2
13,10
32,9
42,9
49,6
43,6
48,6
38,16
36,14
15,22
36,12
2,15
31,17
44,14
43,2
29,22
33,14
32,25
6,25
39,1
48,3
35,19
7,26
48,20
42,2
12,26
35,25
33,1
5,8
34,4
1,11
8,4
19,15
8,20
0,5
27,2
33,20
16,13
3,16
16,30
48,30
12,25
18,25
17,6
12,27
37,17
11,28
15,16
17,8
39,28
28,7
44,6
11,26
37,28
33,20
43,5
29,10
37,5
47,19
27,14
37,26
48,30
20,13
30,18
35,26
27,16
30,28
1,23
36,21
3,21
12,29
47,23
32,8
47,27
39,14
16,11
33,29
20,27
44,11
4,18
42,15
40,17
41,14
14,1
24,2
12,4
47,16
13,29
48,17
26,17
42,17
50,23
25,27
47,18
27,7
13,7
8,21
17,20
48,14
8,16
26,3
13,6
10,7
2,1
49,11
3,9
35,29
2,13
10,27
7,7
10,16
23,27
0,2
7,2
16,10
45,24
8,30
11,10
44,26
4,4
44,28
39,7
30,3
5,22
50,14
22,18
36,23
41,12
24,30
24,7
42,15
43,2
26,11
13,21
32,6
23,7
16,4
26,1
5,16
16,20
45,22
16,14
46,4
19,22
38,29
47,26
20,21
45,1
17,18
35,21
29,4
26,13
41,5
24,2
2,1
8,3
30,23
1,8
48,12
6,27
49,29
24,26
49,18
10,30
28,26
18,4
8,11
36,29
15,8
0,27
44,1
41,18
20,14
29,7
4,21
25,27
5,25
0,7
17,18
45,22
22,28
9,22
36,19
7,19
10,19
16,29
46,6
45,5
1,30
43,27
43,30
38,8
43,27
32,9
26,4
28,17
31,4
11,3
9,9
29,9
0,8
50,26
28,11
22,25
46,18
32,27
12,5
19,26
31,22
10,18
21,24
20,16
15,9
36,22
30,28
27,26
45,25
4,15
8,14
21,26
28,14
14,23
14,2
12,13
9,28
44,15
11,6
31,21
8,7
23,6
50,9
15,15
4,26
46,25
18,24
22,4
41,12
21,25
9,28
37,28
7,2
2,2
37,13
32,16
27,21
30,9
1,24
33,25
25,16
49,2
49,27
32,16
26,20
5,30
21,2
9,19
4,23
28,11
42,3
43,1
17,14
7,8
49,13
40,23
15,24
5,21
45,28
13,18
38,15
5,18
44,26
41,1
32,27
22,27
10,10
18,9
45,24
26,23
36,23
2,22
44,12
47,18
39,3
11,7
50,29
16,3
28,19
11,8
41,23
3,29
47,4
38,6
35,22
48,28
26,17
47,21
39,11
5,26
19,16
40,13
45,16
4,15
48,13
41,8
16,23
36,29
2,13
47,12
35,26
3,12
24,6
36,12
45,30
0,11
50,22
19,11
9,12
39,17
26,19
34,21
0,7
14,3
31,12
36,30
33,22
41,17
47,30
19,30
36,6
0,21
16,12
29,12
28,23
14,10
4,1
44,26
49,30
3,6
2,6
9,9
11,15
26,21
43,23
13,5
49,29
33,24
24,3
45,24
11,7
46,21
27,18
29,24
31,29
39,4
43,20
36,14
39,2
23,28
30,18
30,28
16,4
30,15
28,13
28,9
40,25
49,19
9,2
11,3
8,21
13,22
28,25
7,23
9,17
36,25
10,24
38,19
1,14
39,29
29,6
16,14
19,27
7,7
11,19
5,2
10,25
33,24
26,24
46,6
23,3
28,27
1,12
24,17
43,24
3,12
31,2
24,11
48,17
16,4
26,22
44,27
31,22
5,18
32,30
21,16
36,11
19,14
12,19
29,30
6,27
12,6
49,2
33,16
1,30
19,18
46,28
2,10
22,5
35,27
13,29
15,24
29,23
43,8
40,21
46,11
44,20
40,9
19,18
44,3
9,5
15,11
6,10
8,2
35,18
10,10
29,5
7,10
36,23
23,7
1,2
20,4
2,19
50,19
33,19
24,5
34,1
48,8
33,10
33,9
10,22
28,4
35,15
22,4
20,23
15,29
41,1
43,3
20,8
27,2
15,28
17,7
5,14
35,4
20,25
38,3
0,20
40,13
44,13
7,28
9,9
36,13
26,7
9,5
2,1
2,11
6,15
47,26
6,10
38,16
22,3
6,13
40,22
22,3
4,4
43,2
42,27
13,24
35,25
4,9
31,15
6,17
14,1
33,18
3,30
35,14
33,20
4,20
12,16
27,20
41,13
28,13
19,5
42,12
5,14
15,3
8,26
49,15
7,15
3,29
43,21
11,23
41,15
26,21
14,4
25,20
3,12
36,7
50,14
36,4
29,25
4,15
39,4
4,22
9,26
43,11
10,5
50,18
0,15
32,26
13,28
40,22
39,20
26,12
28,17
20,27
1,1
6,23
37,27
