8,15
1,7
46,4
5,26
24,2
45,29
49,15
31,13
4,14
16,17
19,23
7,19
19,14
33,10
6,24
45,24
2,28
24,14
46,18
26,2
3,12
4,28
23,7
1,28
10,7
28,29
37,23
15,5
11,20
24,22
34,2
13,1
48,27
14,14
27,13
17,22
20,29
2,5
47,25
29,28
46,16
24,3
14,25
4,29
8,20
27,2
25,1
27,14
36,24
12,17
18,30
14,1
35,30
12,13
24,5
12,19
27,17
37,8
28,23
17,20
9,27
0,3
48,2
49,17
9,7
5,18
25,27
9,21
23,10
33,4
40,2
9,23
40,23
19,28
13,27
6,27
45,1
17,9
24,20
18,15
4,22
25,11
41,12
16,12
1,14
11,24
21,27
45,29
27,5
48,19
11,20
3,16
4,30
12,13
28,13
20,4
15,9
30,10
9,30
15,14
13,19
25,13
35,21
5,10
7,5
19,19
20,17
45,3
30,15
15,25
13,6
34,16
49,7
22,19
43,13
27,26
37,29
4,2
42,28
45,11
28,9
47,1
8,17
32,24
10,1
46,23
4,9
21,7
25,6
13,7
10,15
3,28
43,6
50,6
7,17
48,15
27,2
25,7
45,4
30,23
48,2
39,21
35,6
12,11
29,28
11,21
17,14
48,3
36,14
30,21
25,7
46,22
24,29
14,9
27,25
49,6
0,24
27,22
7,21
46,17
21,3
22,25
27,9
12,16
40,25
13,28
4,9
22,19
23,10
10,26
30,5
35,30
2,20
38,21
44,4
34,15
34,17
33,3
18,2
4,19
10,18
33,27
7,8
25,19
35,10
5,27
40,18
10,15
0,9
21,24
25,4
49,2
9,21
10,1
17,30
25,25
4,17
46,14
23,28
7,6
31,20
19,20
12,20
48,21
2,3
21,9
3,26
27,22
30,24
13,26
18,20
7,24
14,16
36,20
45,20
19,22
7,12
30,6
42,24
28,16
1,29
6,24
10,13
17,2
40,8
31,22
27,15
29,11
6,24
23,16
9,5
38,21
5,8
32,10
40,14
48,8
49,9
50,23
4,19
27,24
23,27
2,25
47,6
1,19
12,9
45,21
36,16
32,14
26,3
9,5
2,12
31,9
15,2
21,9
37,13
20,14
5,30
22,18
7,10
25,2
14,15
44,30
26,4
30,7
28,23
17,4
9,4
45,15
23,24
38,9
21,20
18,17
34,6
28,10
14,27
49,25
16,1
19,4
15,28
3,27
9,19
28,21
41,26
36,6
0,10
8,19
19,22
49,7
32,26
8,28
1,25
36,11
42,30
25,8
28,2
36,17
1,26
34,1
32,29
38,17
40,21
10,7
45,13
38,17
44,11
14,23
29,29
32,17
16,20
46,3
45,15
16,13
1,6
15,25
31,29
35,4
49,25
29,26
24,7
8,13
25,9
9,11
26,12
2,4
27,6
43,22
1,6
47,10
13,5
49,24
48,25
37,12
49,24
6,26
21,5
29,9
37,3
21,6
2,7
8,22
50,25
7,25
34,7
29,15
45,30
28,6
46,25
50,13
40,10
6,28
18,25
0,15
43,23
11,16
4,5
16,4
22,26
26,16
30,16
35,19
33,6
44,30
42,5
47,21
1,2
31,12
12,25
22,8
6,4
27,23
27,13
6,25
20,7
17,16
42,8
48,10
14,25
9,8
31,5
29,27
45,27
3,4
27,20
26,5
35,6
20,19
18,21
44,19
47,30
20,28
40,19
40,11
27,6
21,12
49,11
37,20
0,7
8,27
45,7
26,28
17,26
0,22
10,26
45,20
11,19
12,16
30,28
49,22
27,30
25,5
6,3
16,10
1,17
16,23
26,2
27,27
44,27
19,17
19,24
48,23
48,5
3,3
45,22
27,29
25,12
10,16
50,18
49,13
19,14
43,7
45,24
5,16
0,18
2,14
40,12
14,29
4,9
10,13
23,17
26,5
12,2
3,14
28,17
15,18
31,16
32,14
0,10
24,23
13,26
36,27
35,24
0,8
5,4
47,13
49,13
10,5
0,2
41,11
33,9
21,23
46,1
50,30
7,30
48,25
1,14
25,19
26,29
12,24
35,13
33,5
38,23
6,26
22,11
43,7
21,22
9,14
37,13
10,26
41,21
49,9
13,23
25,11
8,5
50,13
37,22
42,29
16,16
43,22
46,29
7,23
24,19
16,3
30,15
47,23
5,24
12,15
43,30
0,30
28,25
40,18
39,28
28,12
50,8
24,12
27,15
20,22
41,28
26,5
7,13
23,13
34,2
50,29
36,20
45,24
39,15
25,30
24,13
15,29
35,23
45,28
48,26
31,25
1,7
46,6
3,23
28,13
30,1
41,25
41,6
19,23
42,21
14,10
18,13
42,1
9,30
19,21
30,25
17,8
24,6
12,21
49,27
13,30
20,8
39,23
44,23
28,3
10,4
22,10
45,7
19,24
16,25
1,23
18,4
24,10
31,30
31,29
28,29
21,30
15,17
14,12
18,27
6,9
4,18
20,16
37,15
5,10
37,25
6,19
2,18
33,16
4,10
50,15
24,30
17,20
42,22
35,21
7,21
10,23
15,9
24,20
31,1
25,23
21,12
9,22
31,7
9,9
13,22
36,7
6,19
8,26
0,28
19,15
29,3
38,4
5,2
39,14
43,22
2,25
49,16
45,9
13,4
31,10
28,20
13,2
46,26
37,22
3,18
15,29
20,13
49,21
20,12
37,15
21,15
25,15
36,28
23,28
25,10
26,30
29,5
46,27
29,27
40,15
4,29
31,1
15,17
34,20
1,29
1,26
33,16
2,7
30,14
19,25
10,27
30,13
31,26
36,25
12,26
34,2
21,21
17,18
41,7
25,22
40,25
5,23
27,6
21,4
34,4
28,25
39,1
45,17
33,14
37,20
0,7
4,10
48,12
45,24
11,14
18,9
48,10
31,5
0,21
38,10
32,1
14,9
46,14
21,29
41,21
0,8
0,29
11,20
14,2
49,18
19,20
27,9
17,17
12,26
36,13
6,29
4,15
36,4
36,28
1,1
4,20
17,11
12,22
8,28
12,16
1,7
35,21
10,25
48,19
47,13
11,7
2,21
33,12
46,9
6,10
32,20
46,8
11,4
17,22
23,1
11,2
24,16
33,2
42,3
25,4
44,14
45,8
36,11
45,20
26,28
7,25
40,12
48,30
34,27
49,2
14,30
17,23
30,30
49,18
29,20
25,13
