4,8
35,30
4,26
3,18
44,24
18,16
39,6
30,30
4,19
16,30
43,25
10,18
34,2
50,5
42,5
4,15
26,20
26,1
40,11
43,30
36,1
41,17
45,26
46,30
17,5
3,22
36,16
37,10
48,17
27,6
15,10
15,3
3,11
35,7
1,14
21,13
30,3
7,4
47,5
44,11
28,2
37,30
22,7
22,20
7,4
8,12
44,9
20,12
4,10
43,5
32,29
11,16
3,26
36,23
6,12
21,20
20,3
8,2
3,27
27,30
42,20
0,30
10,2
30,1
43,12
44,7
15,28
22,25
38,23
9,16
10,16
19,22
7,28
26,9
8,10
23,28
40,9
41,2
46,13
18,24
31,24
27,13
49,26
6,6
39,11
26,17
14,8
49,22
19,27
23,21
39,14
18,19
50,22
25,10
46,27
28,11
33,12
35,29
14,6
19,12
42,6
0,8
33,5
5,10
18,4
13,16
21,2
1,29
30,19
35,23
10,7
37,20
26,16
26,11
7,30
17,3
41,18
7,22
25,27
37,3
45,1
25,10
16,11
7,2
3,27
49,9
24,26
41,8
14,2
8,24
2,11
10,1
22,5
6,21
8,28
5,13
2,19
41,28
44,24
38,24
31,28
36,12
49,18
5,18
37,2
33,13
3,29
41,23
13,3
32,30
3,20
50,26
4,9
37,20
39,26
31,8
3,10
45,6
35,20
43,7
23,7
43,24
7,24
1,12
49,7
48,23
39,24
20,26
49,12
46,18
49,27
26,25
3,8
43,17
46,24
22,9
8,13
40,15
7,27
9,13
33,27
22,20
17,10
44,11
28,12
37,13
9,9
30,12
43,18
11,7
15,26
5,22
46,21
42,21
24,5
23,6
1,4
7,17
46,15
30,11
25,16
38,23
49,3
5,20
36,21
20,25
44,11
26,15
33,28
17,23
21,4
48,26
43,29
27,11
10,13
23,5
33,29
34,1
27,17
23,23
11,11
5,9
31,19
8,8
33,12
14,7
44,13
42,27
4,7
44,8
40,24
16,6
12,22
36,21
35,26
3,13
8,23
11,12
4,3
17,10
43,25
37,11
32,3
11,21
2,6
29,24
14,25
19,28
42,21
18,21
37,12
28,14
13,5
5,27
28,8
43,30
17,25
9,8
19,30
20,18
46,5
11,8
38,5
30,16
18,4
29,24
34,10
10,16
19,14
35,29
36,5
29,12
48,19
14,25
31,1
43,28
38,17
29,12
0,25
19,1
28,19
44,24
14,13
6,15
49,6
28,26
28,23
4,20
7,13
3,9
11,7
34,22
29,28
3,5
29,9
26,14
23,4
12,30
2,25
49,9
37,9
0,7
6,25
36,14
35,3
22,25
26,29
9,17
27,23
34,12
16,2
21,28
36,17
48,1
2,27
26,16
23,22
0,28
5,13
14,1
33,4
40,4
18,9
32,24
44,9
40,2
42,13
45,12
44,15
48,30
35,4
9,22
47,6
2,5
50,13
3,28
19,23
9,24
22,5
19,6
42,6
40,28
13,10
12,13
1,3
34,1
6,15
40,1
8,2
40,25
13,14
34,17
6,21
0,19
37,13
31,2
44,5
32,22
8,12
22,24
29,25
26,26
13,7
37,24
15,2
23,24
42,14
32,7
13,26
39,12
41,13
39,11
18,20
15,6
44,19
41,23
27,28
17,28
41,26
44,6
39,9
8,17
27,5
18,30
40,9
11,17
15,9
11,16
24,6
0,20
17,22
28,3
15,10
14,6
23,21
8,2
8,15
19,1
7,15
0,14
8,2
28,30
22,1
43,1
30,14
22,6
17,29
17,16
32,18
36,23
26,19
14,16
12,30
42,28
44,20
3,5
25,18
10,30
21,14
13,29
49,18
1,18
32,25
23,6
41,24
1,18
14,14
36,24
0,16
3,5
34,2
42,4
16,1
2,7
35,29
11,2
40,20
30,13
3,21
3,21
31,30
15,28
33,2
44,18
15,17
41,18
25,27
13,7
23,2
27,23
30,7
36,23
33,27
31,19
11,4
15,2
41,22
46,4
17,14
6,19
32,8
37,26
15,16
46,12
38,21
32,2
34,30
8,11
27,5
49,14
26,4
36,28
19,19
15,16
12,9
18,3
44,16
44,16
31,12
21,29
25,16
12,20
48,7
28,11
47,19
45,24
14,16
19,15
18,5
48,19
21,19
12,22
21,12
7,21
26,28
12,23
12,17
36,4
46,22
8,11
20,22
8,11
1,16
42,19
7,10
39,19
3,2
25,27
11,27
30,16
50,2
7,14
32,9
0,1
14,19
6,30
6,28
31,25
47,12
41,17
0,22
20,27
0,14
29,11
12,20
40,29
12,26
18,1
18,14
9,30
31,11
28,5
28,13
50,15
26,29
6,30
38,15
41,21
18,21
15,18
22,2
41,22
19,9
40,9
4,18
22,17
29,19
2,10
3,9
39,19
31,16
3,27
29,4
17,6
32,1
46,9
31,16
5,23
34,22
5,7
15,27
49,6
35,6
15,3
50,22
40,26
15,21
3,9
42,3
6,29
27,23
23,23
31,3
42,26
32,7
14,24
9,8
15,5
45,25
11,19
23,11
33,17
29,24
2,30
35,19
14,27
21,4
46,15
47,6
1,24
37,19
41,18
18,2
27,6
28,26
4,2
1,23
27,8
46,14
36,6
2,13
3,11
43,14
43,6
26,8
12,18
22,24
26,9
2,10
20,6
44,3
31,14
21,3
32,19
5,1
32,26
45,1
34,5
40,1
36,10
42,29
34,6
35,5
44,25
27,25
12,14
30,14
13,11
21,18
3,11
22,21
25,29
43,22
22,17
20,23
13,25
22,19
20,4
17,18
43,13
27,8
46,19
42,25
16,5
4,29
21,23
38,27
27,18
43,14
49,11
35,7
28,21
9,28
24,30
39,10
23,7
27,21
32,6
5,21
7,3
32,3
9,28
41,27
21,5
32,1
4,20
21,9
4,15
45,24
15,27
35,7
22,30
24,13
29,16
2,11
36,4
43,1
28,7
32,20
32,3
36,23
43,26
28,3
50,8
9,9
23,5
13,24
24,28
37,12
21,5
0,21
43,3
11,29
6,21
5,20
16,10
23,8
24,7
46,30
37,19
0,18
4,14
6,18
3,9
33,9
37,23
9,20
43,30
38,8
26,21
2,26
24,14
31,16
15,30
21,13
7,15
45,13
31,15
10,22
40,29
17,24
14,1
10,23
29,28
43,13
17,29
4,12
4,14
