19,11
13,23
3,8
32,11
29,6
5,24
32,24
35,25
15,6
19,2
45,14
28,10
15,28
14,25
48,19
25,25
37,8
8,4
29,20
35,23
8,28
48,16
9,13
41,18
37,28
38,29
26,17
23,13
21,25
17,22
36,12
33,17
3,10
41,1
27,25
47,7
43,4
3,23
29,10
40,30
18,12
50,13
6,28
3,1
18,9
26,26
24,23
50,18
17,24
33,27
23,14
30,29
41,20
37,19
23,17
47,25
47,20
26,28
9,18
10,6
21,28
43,29
17,4
34,3
27,13
16,24
33,4
26,8
12,5
27,3
1,26
36,10
19,9
44,12
24,1
13,27
39,13
1,8
27,26
39,17
47,5
10,25
12,8
31,22
19,6
42,26
37,19
25,20
13,2
49,1
45,27
28,4
3,22
40,16
42,22
47,14
11,19
38,30
43,4
26,29
5,8
21,22
38,12
8,25
1,19
8,1
16,16
33,28
40,28
33,12
11,8
45,7
49,2
16,13
29,5
31,27
46,22
50,22
50,6
44,16
41,1
47,18
45,1
1,19
42,23
41,9
18,27
12,30
33,6
26,24
3,30
19,20
24,30
35,28
23,19
11,28
27,7
20,16
24,27
44,22
23,25
46,16
46,11
13,2
40,20
33,9
26,4
9,9
8,4
15,4
8,15
8,15
14,13
19,17
14,27
49,15
2,28
19,27
18,23
28,19
21,28
5,12
9,11
17,22
0,19
37,25
25,18
44,6
18,7
28,1
37,5
0,23
39,13
29,21
4,12
19,8
30,20
19,13
40,20
7,11
24,4
19,8
39,27
2,11
21,22
39,11
36,22
46,6
15,16
22,23
33,4
28,14
14,15
44,2
34,29
18,2
13,14
11,3
15,11
35,16
24,20
14,13
15,24
12,21
11,4
28,21
24,14
17,20
26,11
11,13
34,1
50,6
17,7
22,12
49,8
13,28
11,24
1,23
44,2
41,7
15,28
47,6
36,2
35,13
22,17
45,19
28,6
10,14
18,6
18,6
34,2
47,5
42,18
35,11
0,21
9,8
14,8
24,16
14,18
34,21
5,4
50,10
29,5
40,7
45,8
37,4
44,25
37,29
39,27
30,24
37,13
24,3
43,18
30,10
38,2
13,11
29,22
21,20
18,26
47,14
8,23
33,30
25,22
30,23
4,12
48,3
39,19
45,9
5,29
23,18
27,23
27,23
9,3
21,27
35,5
30,2
42,27
46,1
2,2
33,22
13,25
49,15
31,18
39,10
24,20
38,21
49,11
14,4
7,16
48,11
48,26
28,11
11,15
17,5
9,1
7,11
8,1
24,2
43,21
42,21
9,4
42,19
31,28
11,8
24,23
1,9
39,17
9,15
40,21
38,19
3,23
29,12
12,16
17,21
40,29
50,17
45,11
0,27
11,11
37,2
1,22
33,30
18,2
14,20
12,17
48,26
11,20
40,13
22,17
35,11
11,29
17,12
11,22
25,28
47,14
11,4
47,12
10,12
46,26
29,24
30,27
4,10
19,20
26,14
22,29
26,25
33,22
43,10
47,8
35,12
16,24
38,24
15,9
26,27
26,1
47,19
49,14
5,30
30,12
28,3
45,25
2,24
26,14
32,26
20,7
40,7
37,30
33,15
9,16
46,24
17,16
38,17
0,8
29,15
11,18
17,30
30,13
10,24
36,10
8,7
43,1
34,17
44,6
42,20
33,28
32,16
0,3
48,8
18,12
1,29
40,2
46,3
26,23
39,26
15,21
28,28
23,5
23,10
12,19
15,21
32,20
17,17
45,9
26,3
5,27
44,29
19,25
32,22
28,7
35,3
33,9
28,23
34,10
50,4
42,24
31,17
32,15
1,4
41,7
13,14
35,28
14,5
23,28
5,15
45,1
22,14
22,13
10,16
24,20
13,6
49,14
45,13
1,23
19,29
26,28
4,22
24,7
29,19
20,12
50,5
45,16
5,29
46,6
40,22
40,10
41,25
27,14
33,18
3,17
2,16
29,15
25,24
9,30
5,5
8,14
45,11
8,25
13,7
25,13
7,29
6,15
9,17
35,19
37,12
37,20
36,14
9,2
27,25
18,17
48,29
23,12
15,28
28,8
39,1
16,26
35,13
2,11
25,24
31,25
23,10
24,2
39,23
21,2
11,21
3,2
26,17
44,18
44,9
4,4
9,4
37,15
15,4
13,15
10,21
6,14
4,14
8,2
28,30
26,15
33,25
10,25
7,12
27,24
15,20
5,6
19,30
50,29
12,9
12,21
26,29
50,25
0,5
24,27
44,28
4,3
40,14
15,24
34,21
12,9
42,14
11,9
0,2
23,16
19,13
26,10
27,2
49,12
40,19
18,8
28,18
35,8
30,2
27,24
7,22
3,20
25,26
4,21
14,16
12,14
45,20
2,21
45,16
8,23
8,5
24,26
20,11
28,6
38,16
7,9
2,23
10,7
26,1
16,19
39,24
13,11
26,29
35,25
33,6
6,29
4,15
17,13
42,9
24,2
49,21
16,20
8,19
29,25
9,8
26,5
47,19
12,29
28,10
45,21
27,8
40,13
1,23
6,30
44,27
41,1
48,13
35,28
48,26
47,11
25,5
26,11
12,6
0,13
12,20
2,22
19,28
38,15
50,1
6,2
7,23
6,28
27,3
45,28
50,18
26,13
35,23
27,28
26,5
30,12
44,5
6,20
47,2
5,27
47,3
32,14
43,20
7,22
20,10
31,17
17,13
30,1
23,16
12,1
45,14
2,5
24,6
33,18
17,3
35,9
25,1
16,21
50,16
44,17
17,15
5,13
13,28
4,21
47,21
7,12
31,29
27,27
30,1
15,12
48,13
43,25
4,15
3,3
47,1
46,12
41,25
20,26
45,27
2,20
22,13
12,24
6,21
26,15
15,28
33,25
22,7
21,1
33,12
44,11
15,30
26,27
38,25
49,9
49,27
6,25
50,28
28,2
26,25
6,23
42,2
27,17
48,5
33,15
20,16
22,23
36,29
32,24
9,9
24,5
42,13
32,3
32,13
33,6
6,17
46,10
1,5
1,3
11,12
31,9
9,25
31,14
39,5
2,11
30,27
19,22
40,20
24,24
43,24
22,26
4,25
28,6
1,8
23,20
1,21
0,17
18,8
16,19
33,18
47,17
41,11
21,20
4,18
47,1
19,5
45,1
46,20
36,18
22,12
40,16
9,21
13,7
29,28
50,3
45,9
38,2
18,25
46,23
17,26
6,19
23,2
2,29
25,28
