44,4
10,5
28,30
39,6
31,17
40,30
2,19
36,28
4,17
28,7
11,30
21,7
34,27
28,2
15,15
29,14
41,8
19,18
15,21
24,2
42,8
36,14
25,3
27,25
16,11
23,27
12,30
5,19
3,18
50,11
22,26
21,6
0,24
18,17
19,26
40,2
15,18
17,12
39,18
49,15
23,3
10,1
17,12
50,29
6,3
0,25
16,7
50,25
41,22
44,28
44,7
11,29
31,8
17,13
1,14
16,14
11,11
14,9
39,8
6,13
43,21
18,30
21,26
20,14
2,13
37,26
24,10
45,9
3,15
47,2
40,19
24,2
38,5
44,26
13,16
19,18
8,2
46,22
31,14
44,26
41,6
45,2
31,5
11,21
9,17
11,21
20,29
21,26
48,23
48,11
18,9
18,16
27,10
35,22
6,15
36,17
23,24
5,27
11,15
23,5
10,9
13,21
3,8
10,13
10,22
50,25
37,6
24,4
42,10
39,2
5,28
40,14
10,16
19,2
21,15
5,23
16,30
32,27
29,7
5,22
19,4
9,1
33,20
29,17
13,25
12,15
38,22
39,8
33,29
6,28
3,24
31,20
45,27
14,20
25,25
12,25
18,23
31,3
27,8
3,13
38,28
19,16
13,19
13,4
26,26
10,25
49,10
42,14
5,26
47,1
49,9
48,20
4,25
22,28
26,28
47,21
46,28
1,6
8,20
1,7
19,29
24,19
38,30
23,20
34,6
41,5
28,26
2,17
30,16
5,19
10,17
17,26
4,10
10,14
11,6
44,13
12,3
20,28
8,27
40,10
21,21
41,30
29,4
39,15
4,30
34,16
22,16
1,18
40,22
20,14
36,25
19,8
8,18
12,29
34,21
36,27
25,16
9,24
22,27
1,7
48,11
6,10
13,15
0,3
27,19
12,25
42,28
30,19
15,11
32,20
12,9
16,26
13,1
49,14
2,8
19,21
28,19
27,25
33,10
32,12
50,6
41,23
0,5
36,18
44,26
15,28
26,27
34,26
0,23
29,17
41,27
40,3
22,7
2,15
4,17
1,22
44,28
35,23
7,3
20,30
40,12
46,20
41,20
8,27
20,16
43,23
29,2
29,7
29,23
42,16
26,3
19,29
39,27
7,4
3,18
1,17
32,18
31,21
22,25
33,1
34,6
36,7
44,4
29,30
43,28
28,5
16,3
38,29
27,19
27,1
16,22
8,12
33,28
40,2
18,30
0,1
2,5
16,4
43,15
45,17
24,19
34,28
3,5
15,21
32,21
32,17
7,27
25,7
24,3
4,7
3,23
24,16
0,8
49,3
18,6
0,11
30,7
24,29
45,4
28,25
37,6
33,22
36,26
11,10
50,23
13,29
21,10
40,21
13,6
34,29
2,16
25,18
34,14
7,4
0,23
20,21
5,8
39,9
41,17
34,30
24,6
36,20
18,12
37,6
25,2
4,4
9,22
45,7
44,26
17,9
12,15
21,17
23,15
13,9
42,21
38,6
19,6
45,9
7,14
38,16
10,5
12,12
29,24
40,10
42,24
14,9
38,15
12,5
49,28
0,24
27,9
44,13
43,6
4,18
40,16
36,10
17,12
37,26
34,3
1,20
28,6
8,27
27,14
19,12
15,28
7,5
19,15
26,10
40,25
9,1
39,7
24,5
8,16
20,3
24,2
39,11
27,18
9,13
13,30
19,17
49,29
1,10
36,3
13,9
44,23
38,10
30,12
33,30
42,25
0,23
21,20
49,4
16,25
0,6
20,11
49,17
36,19
30,9
15,4
43,2
23,20
32,17
22,10
46,11
22,24
9,23
14,25
35,19
5,24
41,30
33,11
8,3
41,30
44,30
44,27
11,10
35,23
37,18
35,28
19,3
48,21
24,7
8,16
24,24
23,5
46,25
10,23
15,26
50,27
3,12
20,29
5,28
3,13
22,22
38,7
4,20
36,21
39,26
23,27
2,15
10,7
44,26
17,24
16,3
25,10
11,7
0,20
30,1
6,26
50,18
0,21
9,3
43,14
45,14
20,9
9,24
22,17
6,10
2,3
8,22
7,23
13,13
25,21
0,28
32,17
4,2
1,3
48,7
36,25
12,7
30,28
27,12
40,7
16,30
22,17
50,20
27,29
37,29
34,5
21,8
47,17
15,29
23,22
48,5
48,16
8,13
43,3
8,9
15,13
42,5
7,27
3,29
35,19
37,2
34,7
21,30
27,4
3,28
3,13
33,14
42,12
3,15
46,2
11,15
24,19
9,20
13,2
26,12
5,26
16,16
26,14
9,3
35,16
34,2
26,21
4,26
13,12
15,18
30,5
48,29
28,1
8,14
43,7
31,27
13,7
12,20
27,25
2,9
21,14
43,4
24,25
17,10
32,27
44,23
34,4
33,5
40,11
0,7
41,19
26,15
31,25
34,17
27,20
1,23
13,7
27,12
33,17
8,12
36,15
7,25
1,11
48,11
11,21
34,15
45,2
49,22
22,28
44,6
37,11
14,23
16,6
11,11
49,15
16,30
7,19
29,6
15,8
11,26
20,23
46,16
24,12
21,18
41,28
28,26
41,8
30,23
37,24
34,8
17,25
18,11
5,24
37,24
31,13
13,7
30,25
14,7
50,16
21,7
14,21
14,28
39,17
1,29
19,30
20,19
38,17
27,18
10,19
34,7
8,21
10,6
45,24
50,7
15,23
21,15
23,14
4,10
20,18
21,21
33,8
46,3
14,2
29,13
23,27
0,27
20,30
30,25
30,21
26,8
38,18
45,5
26,20
39,8
2,19
18,15
20,30
30,7
22,19
34,12
34,7
3,28
22,15
2,20
35,8
28,30
38,28
16,4
7,18
28,26
45,18
2,4
15,26
20,2
5,12
42,12
30,21
30,9
12,21
10,26
40,14
40,3
20,16
17,8
3,5
41,1
19,9
17,13
16,24
26,7
17,11
5,2
20,23
14,29
32,27
1,10
44,23
36,24
32,4
31,22
29,19
26,29
44,15
44,7
43,11
14,10
8,25
10,3
44,1
18,13
33,23
3,15
9,11
28,8
0,30
7,9
10,25
2,10
17,23
36,26
22,12
7,30
10,5
19,28
25,8
33,27
2,29
7,24
36,27
15,17
49,21
41,2
42,16
40,3
15,20
9,15
6,27
42,17
44,27
28,19
10,23
38,3
26,15
35,8
18,26
13,2
43,24
48,2
25,5
5,4
25,17
40,10
14,28
20,19
9,22
40,10
7,14
46,27
8,22
45,4
37,16
32,1
37,14
33,25
49,23
14,29
13,27
