33,6
17,2
42,17
26,30
2,22
31,10
22,2
32,17
14,18
39,14
11,22
12,7
33,5
38,16
40,12
22,16
17,26
36,5
33,20
43,2
10,9
7,5
5,26
46,25
41,18
4,13
37,10
2,22
20,5
4,1
46,2
40,4
14,17
8,24
5,24
22,26
4,24
38,9
20,30
28,13
15,20
27,12
3,30
31,18
11,2
49,12
17,4
50,26
5,28
48,14
1,9
19,14
2,13
45,4
7,24
43,10
46,11
19,29
35,3
10,21
11,3
20,24
28,24
45,22
18,8
28,1
15,22
19,13
14,14
11,20
35,7
27,7
5,9
29,29
41,10
35,17
22,30
34,7
5,16
34,2
7,5
17,5
35,19
22,9
21,10
6,3
23,20
48,19
12,17
27,16
28,13
21,18
20,25
41,15
8,20
45,4
45,24
44,14
12,15
38,7
32,21
49,4
15,29
12,27
37,19
34,28
10,9
48,22
41,8
8,2
29,27
31,14
2,10
6,8
16,18
21,20
8,17
34,29
31,16
48,16
38,5
14,26
18,30
0,2
29,18
5,15
25,28
17,9
27,13
45,1
34,26
19,18
44,18
14,10
40,3
38,26
14,21
2,24
2,30
8,2
13,28
4,6
43,25
9,30
12,3
21,19
23,12
42,8
47,25
5,29
27,13
49,12
4,22
32,4
17,20
47,23
25,17
50,2
49,25
10,9
14,17
33,25
17,10
20,10
27,9
14,21
2,13
49,13
3,19
40,8
29,3
44,29
17,13
13,25
3,15
8,30
16,22
25,5
24,29
19,6
14,20
37,17
0,28
7,19
2,1
28,20
31,27
20,29
49,24
50,16
7,8
20,22
14,23
7,12
5,2
33,7
21,6
4,6
8,30
40,29
45,23
1,29
32,2
10,1
0,29
34,7
48,9
8,10
38,3
46,23
6,3
31,14
23,27
21,7
11,5
33,17
21,23
18,19
48,22
32,1
13,21
44,25
39,12
47,20
4,8
33,15
0,14
10,26
38,7
34,30
35,24
43,25
24,13
25,20
31,4
40,2
13,22
10,29
17,27
48,26
8,18
46,26
45,12
49,12
21,18
41,13
7,7
44,23
37,4
25,12
18,19
26,21
39,22
14,10
24,8
45,23
48,20
20,8
48,18
38,10
33,24
10,12
36,2
23,9
25,13
46,8
2,24
33,3
31,23
12,7
48,9
25,24
17,29
33,28
25,9
23,27
19,9
49,7
27,15
5,28
26,7
49,24
1,24
23,19
18,8
37,9
50,4
48,20
34,7
46,28
21,28
4,25
16,12
26,2
13,21
49,29
42,19
17,26
47,12
4,22
40,16
2,19
12,10
8,6
0,8
38,5
34,10
18,8
12,20
41,18
35,2
40,9
30,25
8,21
24,13
43,24
18,1
3,13
8,8
33,15
13,29
29,15
0,27
44,5
3,3
42,23
0,10
33,18
27,17
22,19
13,22
46,22
9,23
19,6
44,23
49,12
44,14
3,2
30,18
9,22
20,27
38,1
14,24
18,19
4,16
47,14
4,28
7,3
21,16
48,26
46,19
22,11
42,3
13,18
47,16
43,3
45,11
35,17
38,7
48,10
31,20
43,12
32,5
14,15
31,28
12,29
29,20
17,12
21,25
7,25
15,9
0,2
46,11
38,28
20,4
13,22
39,18
28,26
8,22
14,26
48,19
37,30
4,10
41,3
33,4
14,10
24,3
29,25
10,12
44,20
39,21
2,6
44,29
5,16
31,15
4,21
29,13
6,28
36,3
7,19
15,20
23,2
33,28
14,19
46,13
18,1
40,3
28,25
22,6
23,25
3,13
37,2
7,18
8,11
47,18
31,26
4,20
38,1
32,2
23,8
22,8
23,23
17,5
49,5
45,5
2,30
7,14
6,4
17,5
14,10
23,28
18,26
38,24
31,9
8,5
4,29
16,4
26,21
39,13
21,28
18,9
25,8
45,9
29,14
31,28
46,5
2,25
29,27
2,4
4,29
12,4
41,27
22,23
29,16
1,10
47,13
49,30
3,18
39,29
42,16
17,3
38,21
32,23
37,6
35,23
10,13
30,6
28,19
39,19
33,25
30,5
3,3
43,17
48,6
10,18
7,14
45,12
36,6
15,30
38,9
14,5
19,12
42,22
8,18
43,2
35,3
44,30
12,9
40,15
7,30
15,12
10,28
32,16
12,24
16,7
38,28
4,1
27,26
34,6
23,16
39,3
33,16
35,28
5,15
45,26
26,24
9,23
37,30
34,17
22,25
1,5
30,3
21,26
23,20
47,1
26,15
4,3
28,9
24,28
5,3
37,4
21,19
33,8
23,1
21,29
13,3
28,27
2,9
35,2
12,9
33,7
33,11
11,19
43,14
35,27
14,13
27,18
41,21
37,25
47,26
46,26
44,11
38,4
3,29
43,11
38,8
29,30
48,20
48,10
50,5
3,20
48,16
22,11
34,28
36,5
17,14
3,13
22,1
34,26
16,19
48,3
16,21
0,6
9,27
34,8
46,17
0,3
12,8
1,7
14,24
39,7
25,4
17,23
40,27
40,23
4,2
48,25
17,26
10,17
25,13
7,18
0,7
50,14
18,6
13,14
21,19
40,5
28,11
4,27
14,13
25,19
11,29
21,5
22,28
43,27
41,5
18,17
20,5
0,29
49,29
13,26
42,11
38,5
35,10
38,24
24,22
16,16
34,18
12,13
8,3
40,26
4,15
22,26
2,19
36,8
37,5
31,17
11,20
41,6
7,5
33,14
20,16
48,13
40,12
44,12
48,5
20,27
38,13
24,30
3,5
35,21
10,10
45,24
17,24
31,21
49,21
0,4
9,1
41,17
38,11
12,8
45,22
13,17
11,17
44,19
33,16
44,28
14,8
6,20
46,15
2,25
31,25
9,3
18,28
22,26
49,8
6,17
16,15
8,4
14,25
24,23
6,22
21,14
41,24
8,18
45,27
10,14
29,15
16,27
0,9
5,10
34,10
0,19
12,2
49,29
47,8
50,9
32,30
37,14
39,22
35,16
24,27
2,8
10,15
17,11
37,29
15,12
35,23
37,4
31,18
20,10
7,10
50,1
12,16
31,2
8,28
27,10
5,27
8,28
11,21
22,19
15,3
33,15
22,2
9,11
39,21
22,29
21,28
8,5
42,23
11,4
40,13
4,28
32,2
33,10
23,15
43,13
39,29
22,28
25,12
8,3
8,21
13,19
15,12
34,16
16,8
29,10
36,15
13,9
18,18
19,9
39,23
31,3
23,17
34,21
17,26
27,18
1,7
10,22
26,9
3,14
35,13
46,21
12,3
9,27
9,3
42,17
21,22
20,6
4,29
33,20
5,19
34,27
16,3
42,15
15,7
7,30
47,28
8,1
36,8
25,2
27,13
17,19
