33,18
4,11
44,10
37,26
18,27
37,1
1,14
48,11
18,10
39,12
22,1
39,2
16,21
40,7
43,30
41,14
50,15
10,13
12,20
13,4
29,27
39,14
9,29
35,15
26,2
11,11
22,20
9,6
33,4
12,29
45,23
33,16
33,2
47,15
28,15
32,22
49,27
46,16
37,2
27,12
33,9
1,19
13,16
50,7
36,15
8,24
20,10
4,14
24,21
24,16
23,24
37,2
42,19
21,25
40,28
37,6
5,1
44,5
22,27
47,6
32,6
14,23
3,14
22,4
47,28
34,19
19,20
40,9
1,9
47,15
31,4
34,20
49,22
39,10
37,14
43,18
7,5
20,4
38,23
16,25
12,11
5,29
33,7
18,23
36,24
36,8
18,8
47,4
42,27
27,3
43,8
27,28
48,27
4,27
3,14
16,16
16,22
24,22
36,30
0,7
14,23
8,10
29,26
1,20
24,18
17,18
20,4
5,26
13,3
13,8
31,27
36,14
16,18
44,9
3,11
2,11
2,23
13,30
5,15
3,4
34,22
11,1
5,17
50,20
32,16
20,6
27,20
34,8
6,10
23,10
28,2
5,21
50,14
46,1
0,14
34,29
36,24
43,1
18,24
40,16
13,19
7,7
30,20
1,2
6,5
37,20
42,29
41,4
17,23
42,3
3,5
34,16
46,9
36,22
6,25
4,9
27,24
8,7
29,20
20,19
46,4
20,6
19,18
31,26
44,5
19,16
48,23
24,7
3,26
1,2
11,27
0,28
50,18
33,11
35,9
14,12
8,5
0,24
18,13
30,9
41,16
29,9
4,28
34,8
33,5
10,19
29,2
37,1
25,21
13,6
15,7
2,9
1,14
19,22
13,4
36,7
14,4
42,3
43,11
33,10
10,10
1,15
24,20
3,6
12,26
46,6
29,30
40,12
11,30
9,2
28,17
25,18
17,20
25,3
22,9
50,27
46,30
22,4
48,13
49,22
45,17
5,26
36,6
3,26
38,3
16,7
50,14
37,27
43,27
17,24
35,26
11,30
30,27
6,7
30,29
1,21
1,2
22,18
24,28
19,7
14,9
24,14
3,14
31,15
3,16
26,16
2,11
14,30
27,18
42,18
45,25
8,12
39,11
26,8
11,13
17,24
19,19
16,13
30,11
40,13
4,7
28,4
50,4
1,6
1,24
35,27
22,27
50,9
19,26
38,24
50,28
22,2
22,14
30,25
23,15
44,21
48,23
17,12
49,22
26,27
18,29
11,4
25,20
29,3
19,21
44,13
23,7
18,2
19,7
18,9
1,27
16,14
0,12
47,2
3,26
35,23
48,30
21,6
14,2
23,7
40,10
20,19
19,29
7,2
15,13
7,16
33,8
1,19
3,18
27,4
17,19
24,27
19,14
28,15
42,12
27,20
41,6
32,27
3,19
9,9
50,13
11,25
29,12
5,9
29,18
0,24
4,12
34,22
3,26
50,1
45,2
36,16
32,9
23,8
4,29
44,28
49,23
32,5
4,15
6,4
0,19
31,7
3,26
47,22
22,17
49,27
18,22
23,26
12,7
43,8
0,26
46,19
38,23
5,9
33,14
49,8
16,18
50,22
38,3
1,26
25,12
25,21
34,24
24,12
44,18
22,27
39,18
18,11
26,12
29,3
0,19
49,19
7,27
10,30
17,19
24,30
15,5
3,23
35,26
44,1
37,28
38,24
33,24
28,19
4,14
49,6
14,5
14,1
14,12
46,25
25,28
27,6
0,12
32,8
3,2
30,30
16,25
4,4
36,9
20,12
46,16
9,6
40,28
45,17
38,17
49,26
37,26
20,4
14,6
21,12
1,29
22,30
11,24
4,10
33,3
5,18
7,17
24,10
16,8
29,16
3,8
34,21
39,23
22,21
2,29
39,5
5,30
8,19
3,22
38,23
23,27
32,21
2,3
3,5
36,11
42,14
14,20
16,25
7,8
10,11
14,19
28,6
30,3
8,1
20,23
33,12
1,29
31,1
41,3
48,12
37,28
8,24
1,19
8,5
50,19
33,19
39,20
29,20
4,14
47,7
48,8
10,1
14,11
39,12
24,25
6,15
19,23
28,4
48,16
31,19
50,24
35,18
41,18
21,1
35,19
6,3
22,6
23,13
22,2
22,11
35,24
14,12
33,29
24,5
13,11
8,12
36,23
32,11
16,29
28,22
37,18
36,4
30,9
2,30
19,20
7,12
18,28
34,19
5,9
41,24
19,18
50,21
33,18
47,4
14,1
41,28
16,17
28,28
44,29
5,7
26,7
34,2
43,25
47,13
9,4
29,8
38,15
5,18
33,3
46,26
1,1
42,30
18,7
38,17
16,27
28,9
39,16
8,1
46,18
15,18
4,26
10,25
39,27
41,18
25,25
18,1
4,21
21,3
40,24
24,15
46,12
18,2
19,21
39,4
13,19
15,27
30,13
5,6
41,2
30,27
24,19
12,6
49,19
27,18
45,2
39,19
35,24
4,3
25,23
4,13
37,14
47,30
35,5
50,25
13,18
19,26
31,11
21,22
48,10
47,26
42,24
44,27
50,4
15,9
42,2
3,7
34,14
29,8
32,2
23,28
35,3
21,26
21,18
44,7
34,12
8,5
19,4
31,24
13,4
13,15
6,2
25,2
20,11
29,18
15,12
26,4
11,17
33,21
29,30
49,30
44,5
29,21
48,28
17,20
50,20
5,26
3,15
3,11
1,12
11,16
27,24
35,10
25,4
16,20
39,14
10,18
44,10
2,23
26,22
9,9
14,7
12,9
18,3
50,28
6,3
36,2
21,20
1,17
49,6
0,29
42,10
12,16
40,8
12,8
38,2
47,9
0,17
9,3
33,23
5,14
30,15
16,24
13,26
35,17
29,21
19,9
50,24
14,22
11,22
0,18
41,20
25,20
36,7
25,16
30,13
7,15
42,19
10,6
16,11
6,14
1,12
48,7
22,8
35,2
48,4
46,29
7,16
17,24
4,15
48,15
44,21
47,2
5,9
0,20
5,5
7,6
49,15
9,25
48,4
35,12
35,16
42,21
23,27
5,4
15,23
46,21
47,16
45,2
26,19
18,17
11,15
13,17
38,8
4,27
24,2
15,22
7,27
46,9
10,7
30,29
0,20
21,29
3,21
12,22
3,3
23,6
39,7
17,21
49,1
27,26
13,4
9,14
50,19
36,20
11,1
28,12
23,23
40,28
47,2
10,6
30,12
39,28
16,9
43,27
4,15
5,7
18,19
12,18
13,2
20,1
15,15
23,29
16,1
8,19
21,13
30,16
39,21
14,28
39,11
28,9
17,6
31,8
27,30
0,25
29,12
46,22
43,4
10,27
50,8
12,17
36,15
4,26
0,17
10,15
18,18
27,16
15,8
16,27
20,8
9,13
33,29
34,25
36,27
0,21
39,28
2,18
4,1
13,16
24,17
21,19
4,5
39,14
7,14
37,25
29,9
34,27
34,28
29,30
29,4
30,2
15,14
33,3
39,21
