8,27
44,2
3,9
31,9
16,10
24,25
9,6
38,21
25,27
15,28
17,14
39,15
22,27
14,19
22,19
31,7
32,17
48,27
0,7
22,13
13,21
23,12
47,11
28,28
12,2
38,11
50,6
30,6
1,30
34,19
9,21
45,22
5,17
4,15
38,6
2,29
14,2
42,4
18,9
19,9
11,19
11,17
32,10
8,10
46,14
50,18
30,5
31,9
1,20
10,20
30,6
47,10
18,14
42,2
5,15
30,28
10,6
22,15
4,19
42,21
21,19
12,26
26,9
29,5
28,26
30,23
18,29
15,29
34,25
8,20
8,24
31,19
24,1
36,8
23,23
43,22
49,20
2,21
16,24
11,28
16,17
22,12
9,25
44,12
24,30
23,3
14,9
16,15
44,5
42,8
6,27
9,15
12,8
46,9
19,16
10,25
41,2
6,4
44,19
7,16
39,13
42,21
49,4
15,17
35,21
50,14
42,19
15,16
15,30
33,20
23,28
41,26
34,24
7,25
1,14
8,22
2,7
10,8
13,16
28,27
14,18
24,13
34,5
33,18
13,27
50,6
39,12
44,1
22,24
6,7
46,15
30,27
49,17
47,14
44,7
46,30
40,9
1,3
37,15
41,10
3,26
5,29
8,2
43,18
7,8
30,25
9,6
20,19
12,21
12,7
43,19
1,26
2,3
7,19
1,20
34,21
24,12
35,11
3,5
36,7
30,1
6,17
9,2
30,30
43,27
39,4
12,7
46,29
8,22
15,30
49,1
44,13
48,30
10,29
30,20
4,19
2,29
49,3
31,20
2,8
12,21
9,27
33,9
13,29
41,9
35,13
9,28
41,12
2,29
21,4
19,17
1,17
49,10
19,14
35,6
26,7
38,4
22,27
35,28
16,30
33,13
6,25
19,22
49,10
1,14
27,24
40,30
10,20
28,11
27,28
22,21
34,14
40,12
42,26
50,17
19,16
29,22
20,8
7,27
30,9
28,7
46,19
25,17
25,22
24,22
11,26
28,30
26,5
23,21
31,17
31,24
1,1
2,16
12,18
12,9
3,24
1,4
32,4
5,30
41,24
37,16
26,24
1,16
18,3
2,13
16,3
19,8
37,15
19,13
49,10
20,14
36,10
41,2
50,14
39,19
5,4
25,24
12,22
24,9
8,20
40,9
8,12
25,26
35,23
19,1
35,29
40,9
17,6
45,1
7,18
41,14
45,4
8,17
17,11
47,20
30,3
47,15
18,18
38,30
4,21
22,25
10,11
10,29
13,10
33,12
10,20
22,7
14,12
20,26
23,12
49,24
1,29
38,17
43,6
30,4
24,15
23,11
11,4
33,29
13,6
8,25
37,6
20,22
22,3
48,19
28,25
19,29
41,3
18,24
18,28
21,22
37,28
44,10
29,15
32,16
15,11
16,22
12,24
43,21
47,4
20,20
17,30
20,2
33,18
24,4
49,29
25,16
46,1
30,23
46,8
32,22
25,26
49,1
31,16
16,22
32,6
28,20
2,25
32,23
49,7
44,10
40,22
0,20
23,9
16,30
22,14
4,9
12,4
49,6
46,5
1,1
19,23
49,22
34,17
6,18
21,10
15,6
16,29
29,5
37,3
2,1
4,21
6,13
7,1
29,7
28,14
12,10
46,2
30,5
15,12
5,7
8,29
26,27
3,22
16,2
22,15
12,10
12,24
42,30
16,3
3,14
18,17
34,9
9,13
42,27
42,15
41,9
31,18
36,3
47,12
50,23
9,24
32,14
22,13
15,27
7,10
10,24
15,20
42,23
2,13
12,25
35,7
47,4
47,29
33,15
11,29
28,1
47,25
27,9
42,12
48,25
12,10
49,13
14,24
43,3
21,25
12,15
41,18
14,2
23,12
36,29
45,2
19,19
25,27
30,3
33,10
31,15
50,27
30,16
45,5
9,12
1,17
24,23
18,21
30,24
26,18
45,10
26,8
5,26
26,23
11,24
12,20
26,30
14,2
31,1
43,8
20,24
34,5
21,30
29,4
44,6
30,5
20,19
33,8
26,18
16,21
42,21
24,4
32,3
41,22
34,13
17,29
10,12
45,4
19,17
38,15
23,7
35,28
4,13
12,15
0,4
46,3
30,29
38,8
19,10
44,26
2,2
9,30
45,1
0,6
30,19
44,23
48,19
15,6
26,12
25,6
28,20
20,30
20,19
8,26
1,20
34,11
39,26
41,19
50,13
7,16
20,11
23,21
14,15
2,20
11,1
40,7
42,16
40,2
28,24
34,24
5,22
20,11
7,6
2,26
43,29
37,25
40,8
44,21
22,16
42,28
11,6
25,29
30,30
19,3
8,13
40,14
3,27
36,14
24,6
25,25
43,25
34,10
13,5
30,1
50,18
24,22
17,30
29,13
23,12
0,15
3,3
24,29
45,1
31,12
24,12
22,29
29,9
16,7
49,12
37,21
34,26
19,27
44,26
32,27
14,17
9,20
29,30
32,13
41,16
33,7
12,17
7,30
45,21
47,23
31,8
13,28
1,7
36,19
24,7
21,5
16,28
47,22
21,14
46,24
48,22
15,27
27,1
4,25
12,13
22,25
25,6
25,29
2,10
7,28
1,20
31,26
25,1
9,15
31,13
41,23
5,1
15,11
16,17
39,15
29,26
35,2
19,25
13,1
8,18
15,3
22,22
50,3
32,30
36,17
45,22
24,21
19,12
10,2
33,18
2,2
19,16
14,17
44,4
45,6
0,12
14,17
37,22
25,11
10,25
5,25
25,2
41,14
26,30
42,29
19,12
5,24
3,27
36,11
10,29
9,28
46,7
12,14
6,12
49,6
18,30
5,19
28,18
5,13
49,26
43,18
28,11
15,14
49,15
31,22
22,20
25,23
20,13
35,25
41,9
34,1
0,14
22,12
25,19
48,7
25,2
24,10
21,18
7,18
0,21
44,1
32,10
46,30
48,24
0,11
47,7
15,21
40,17
38,22
33,28
25,27
9,29
16,21
18,25
10,30
13,1
5,21
43,25
25,6
50,30
38,12
23,30
30,18
15,30
36,9
40,8
26,2
46,9
18,5
37,12
38,5
18,2
21,3
3,21
13,11
44,15
36,2
10,1
43,7
14,10
27,18
39,1
19,1
49,4
33,20
14,15
34,23
7,22
28,2
28,28
26,24
37,19
26,13
16,20
12,18
20,29
46,3
10,8
42,10
25,19
30,10
37,23
19,14
39,25
39,27
34,21
27,29
19,1
9,16
15,23
25,6
34,24
32,29
21,6
44,30
42,24
1,11
48,30
3,16
22,16
10,26
43,13
42,12
43,30
17,2
40,14
20,16
23,8
26,11
12,18
19,19
46,23
19,25
23,27
12,1
44,23
33,15
41,19
36,4
25,20
6,26
34,22
32,29
46,7
29,10
1,23
24,26
42,21
25,12
9,4
23,4
43,10
2,25
22,30
5,23
0,16
6,9
33,21
37,3
0,29
3,14
24,17
31,12
39,8
33,24
13,7
15,6
39,25
9,17
43,30
25,18
35,24
39,19
36,30
34,26
40,24
35,26
8,19
25,17
44,20
13,9
49,2
