42,5
24,27
42,15
18,27
35,25
41,11
38,7
16,26
50,1
6,18
9,2
42,13
17,19
29,30
49,25
32,6
23,3
50,25
42,11
19,26
9,29
24,5
15,16
7,6
29,10
35,24
9,21
3,14
34,13
12,25
20,23
17,24
26,8
32,1
48,23
23,7
3,23
41,11
48,24
24,25
47,18
35,17
6,9
37,1
8,22
3,24
8,28
7,8
13,13
49,28
18,10
44,11
12,22
33,8
31,14
50,3
44,6
36,28
21,22
38,4
4,10
38,18
35,17
9,6
14,29
39,10
45,9
28,28
31,27
12,19
39,20
27,14
18,6
38,4
6,13
44,22
29,8
2,30
32,4
27,18
7,29
45,13
1,11
18,4
44,17
7,26
19,25
18,9
17,16
15,26
0,22
12,2
9,20
12,7
1,13
42,19
25,15
2,8
21,7
11,28
20,20
10,21
28,19
8,18
3,29
45,15
1,30
21,16
43,7
43,13
8,3
0,16
37,15
22,30
17,8
45,4
14,24
38,12
36,4
0,27
41,15
5,19
35,27
29,22
20,14
43,18
24,15
31,2
27,13
27,3
44,17
35,26
39,10
14,14
6,18
16,24
44,15
19,7
40,5
23,17
43,12
20,18
9,24
10,8
2,23
27,26
31,28
46,9
24,25
37,18
44,29
7,30
22,21
11,6
17,29
22,23
35,15
25,16
11,4
10,16
49,29
36,10
35,11
14,13
26,22
5,20
36,9
30,6
34,25
22,24
37,2
39,19
30,19
8,10
18,8
49,11
42,10
11,30
23,3
40,5
41,4
37,18
15,9
14,15
30,8
46,24
4,11
40,25
48,20
40,14
8,28
6,17
32,1
26,1
5,18
44,20
22,2
16,13
47,26
20,30
24,15
6,9
21,10
27,20
19,22
35,4
41,1
18,8
18,20
3,3
16,18
38,5
46,30
0,1
25,2
10,27
34,23
3,3
23,9
20,12
24,26
2,25
46,29
32,10
3,1
0,28
13,30
50,27
36,2
21,18
45,17
32,3
36,11
15,22
41,22
38,10
0,19
3,14
48,10
26,24
34,28
24,21
17,12
5,4
38,25
31,26
20,7
33,21
0,20
10,12
30,18
37,27
27,26
14,30
10,20
21,1
0,27
14,22
27,15
8,12
23,24
18,14
21,20
26,19
41,12
37,27
48,15
23,2
29,3
48,1
38,13
20,27
3,30
45,16
6,12
25,17
0,2
11,26
3,3
22,1
17,23
1,13
24,25
14,30
20,11
37,3
45,20
47,11
33,6
34,14
1,16
44,20
27,18
29,3
42,28
4,7
25,25
35,3
35,28
21,8
29,14
8,28
27,29
8,21
8,6
3,28
42,5
44,30
6,18
38,20
0,2
40,27
8,18
35,25
0,1
21,23
41,4
5,7
46,23
8,19
22,19
38,9
20,1
26,18
29,23
41,27
4,23
27,19
21,23
26,13
21,16
2,6
42,8
14,18
12,30
16,25
15,2
3,13
11,21
18,18
17,25
41,11
41,11
7,24
39,3
16,18
33,6
10,22
1,1
14,11
47,25
7,8
30,14
0,12
24,4
20,14
33,15
38,30
14,6
28,1
30,8
12,21
20,22
19,7
34,5
12,1
31,16
47,15
49,7
8,23
15,12
28,20
36,10
1,17
6,28
37,5
49,20
20,24
29,9
6,18
9,24
16,22
0,2
44,14
19,10
12,3
7,9
42,10
15,12
25,11
48,9
1,28
37,15
10,28
41,25
2,6
30,3
46,16
21,2
3,27
22,23
23,21
32,28
30,28
17,13
17,28
10,22
41,4
43,10
18,18
36,20
33,23
31,30
16,13
28,27
4,3
38,12
47,3
49,30
16,21
43,18
24,17
11,3
49,23
20,27
39,24
40,15
11,2
38,13
9,27
46,14
14,3
14,15
33,22
27,2
10,12
12,4
13,13
50,27
8,22
24,12
23,15
21,8
36,7
29,1
35,30
33,22
36,14
7,16
41,18
3,20
44,2
34,5
12,23
21,16
31,26
2,25
21,10
17,19
19,5
34,14
26,27
4,28
4,5
38,27
31,23
21,27
7,14
13,1
24,10
33,23
49,16
42,1
15,13
21,25
39,3
14,26
26,11
1,14
29,16
22,14
20,22
31,22
50,11
15,6
12,4
39,24
13,15
36,10
37,30
41,24
28,6
34,16
5,25
7,10
3,6
34,18
22,12
21,1
12,8
47,7
38,6
7,25
3,20
33,9
19,5
34,17
8,1
12,25
3,19
19,29
49,30
47,8
42,18
38,21
20,28
5,1
13,16
35,20
35,2
8,24
36,10
32,16
10,27
27,9
29,23
6,5
42,14
32,10
43,30
23,4
38,12
37,4
49,26
25,17
26,4
27,4
26,22
28,29
41,27
8,30
26,10
36,24
21,16
47,9
10,26
14,4
38,3
50,28
33,23
1,25
16,1
12,19
7,29
26,16
14,5
25,23
8,10
12,8
17,24
45,8
30,23
34,24
35,7
44,6
38,16
9,22
4,1
20,24
3,16
1,14
50,25
30,14
24,8
15,13
50,16
43,17
26,10
30,14
22,6
28,7
35,15
28,15
36,12
24,12
37,5
25,23
39,22
1,26
48,25
18,17
48,7
5,10
18,6
14,29
7,26
21,25
39,5
40,20
44,13
37,20
23,30
6,8
28,11
18,9
25,30
48,27
4,13
5,15
41,6
35,17
50,14
16,20
49,12
2,17
21,19
13,21
3,13
44,20
50,6
29,28
3,24
42,6
35,12
50,20
36,17
18,27
30,4
15,7
29,21
32,7
21,4
15,16
24,16
2,23
24,21
47,12
16,8
44,20
0,10
28,2
48,23
44,24
4,14
31,13
37,13
34,6
27,25
36,1
6,5
50,29
42,29
12,3
28,15
42,19
31,5
13,10
21,11
43,14
0,21
18,7
31,11
26,17
11,12
16,14
38,7
35,27
0,10
49,15
29,24
7,13
28,20
30,14
31,17
19,15
33,28
49,5
3,16
49,3
44,17
18,11
38,5
41,16
42,10
11,26
28,10
32,27
5,15
21,14
10,30
35,4
10,22
9,28
48,6
33,6
6,26
8,1
39,19
39,24
40,26
37,7
24,11
12,12
7,24
19,11
32,3
15,26
1,9
3,30
6,24
12,13
45,21
12,17
30,10
41,30
13,11
50,28
11,11
44,20
34,28
36,6
11,4
5,27
48,30
23,22
21,10
18,8
42,6
26,30
38,21
3,14
4,15
12,1
36,13
4,25
47,25
36,18
14,27
9,23
22,19
39,22
4,8
28,14
7,17
28,8
0,18
30,9
31,7
45,27
3,18
7,21
6,24
5,16
11,14
43,23
28,27
14,11
15,14
21,18
24,29
6,7
36,29
38,5
48,23
28,30
10,1
50,9
10,19
9,10
29,10
45,20
2,1
49,20
22,22
34,17
41,18
4,23
35,25
6,24
23,20
16,4
9,17
9,10
48,4
40,14
5,12
13,19
34,9
18,29
17,21
50,30
41,9
2,30
17,6
36,12
19,12
37,26
31,11
3,12
47,10
46,20
18,23
36,30
9,16
13,1
48,9
26,7
5,4
18,29
4,25
17,18
4,27
12,13
45,28
1,9
24,21
0,11
15,7
30,18
19,21
47,17
29,1
27,26
33,15
12,14
28,9
24,7
50,22
32,11
2,23
43,6
5,26
40,6
28,3
7,25
10,21
40,3
17,17
29,24
22,9
49,21
8,8
2,21
12,1
23,20
5,3
36,12
44,11
23,11
17,12
12,2
32,20
10,25
19,14
28,29
25,5
6,19
4,13
48,16
6,3
3,14
24,4
43,19
17,9
35,19
38,24
23,27
23,9
6,6
8,1
39,14
47,30
36,20
8,30
37,26
10,27
28,13
13,29
5,12
49,1
31,6
35,30
6,5
30,12
4,28
14,4
47,5
9,13
23,15
45,26
25,15
9,22
7,24
27,11
33,5
26,10
27,21
33,29
22,21
49,23
21,28
34,3
11,9
5,17
38,27
48,5
1,23
50,23
15,5
21,10
43,28
20,14
10,2
36,9
18,1
14,11
7,25
22,19
18,14
28,12
34,28
26,22
42,9
14,19
47,8
26,28
3,17
37,16
24,27
41,30
31,5
25,1
33,3
28,4
20,28
50,30
20,12
35,15
29,5
29,8
16,17
18,26
25,25
27,15
11,5
26,22
28,18
2,15
12,9
9,13
42,25
47,7
29,30
16,4
8,3
2,9
19,10
4,18
5,30
9,8
47,25
46,22
14,19
7,23
12,15
1,9
28,25
50,8
34,30
20,12
14,21
20,5
18,19
39,22
38,14
34,11
21,4
44,20
17,26
3,30
13,17
3,4
30,8
13,4
33,30
4,5
1,16
15,28
36,13
24,7
42,4
14,20
42,7
0,9
49,25
42,11
21,29
36,2
9,19
6,18
27,25
46,9
11,23
21,10
31,29
20,20
11,15
45,13
8,27
38,11
24,27
0,19
38,25
3,14
23,5
42,24
16,24
12,27
34,3
1,26
41,17
11,24
26,19
30,19
29,23
44,30
41,22
12,19
42,28
21,26
32,8
13,29
1,9
42,7
25,7
16,26
26,20
16,28
10,12
20,20
40,22
13,8
2,4
1,26
8,22
3,21
23,29
13,30
49,19
50,28
49,3
25,29
5,15
16,29
41,27
35,18
11,28
44,28
49,12
34,12
31,15
24,24
38,3
19,21
9,3
36,25
3,16
37,21
20,23
48,3
12,21
13,3
4,12
45,10
20,15
16,28
38,19
40,8
2,2
24,28
20,19
8,27
30,19
17,4
2,30
37,28
9,10
4,23
5,28
26,5
34,3
35,15
37,9
42,27
24,9
35,13
28,21
15,4
30,23
25,30
15,7
0,13
25,14
44,26
0,21
25,5
8,17
27,26
34,24
12,4
27,17
18,5
33,8
27,30
19,12
14,8
40,16
31,18
23,14
50,30
0,26
22,10
45,2
31,27
6,4
31,10
36,26
6,10
21,13
19,30
12,29
32,10
9,4
25,7
25,14
32,22
35,20
30,3
38,16
30,18
6,21
16,11
41,2
49,11
50,17
25,6
2,2
34,5
29,28
11,2
17,13
7,29
11,17
11,22
37,18
15,30
41,24
19,1
11,5
24,14
46,28
14,21
35,19
31,22
3,23
9,26
13,11
17,25
34,16
37,28
29,17
17,22
36,22
7,11
36,24
37,28
45,8
16,29
28,21
9,9
47,4
50,10
3,21
4,28
35,16
35,20
20,8
0,7
8,14
35,18
14,17
19,7
23,26
41,22
43,3
22,1
42,2
36,19
32,16
29,10
22,6
16,28
37,25
49,1
42,10
3,30
38,27
23,3
20,23
32,26
19,23
41,20
4,14
30,21
19,18
13,10
2,27
13,22
6,24
37,18
3,1
29,23
28,13
29,11
6,16
27,14
22,7
49,23
41,1
28,5
24,15
43,16
50,4
32,18
37,10
10,16
50,25
1,27
38,11
14,29
12,17
11,17
40,18
14,29
7,3
17,23
25,2
29,17
4,15
33,18
10,11
15,8
5,27
11,13
35,9
19,17
46,23
21,16
22,17
44,27
14,22
12,1
4,29
5,20
23,1
5,30
7,20
34,15
0,7
36,20
47,27
33,27
32,5
45,3
38,4
0,17
7,23
30,8
0,11
24,26
19,8
1,14
8,4
30,20
21,11
44,7
10,24
22,18
7,18
46,23
22,25
31,24
26,25
36,21
9,18
11,13
8,4
10,3
1,2
14,7
7,16
21,25
9,28
23,25
0,6
39,18
29,11
22,10
48,27
10,16
2,4
40,15
46,3
47,1
41,16
49,9
35,28
1,15
46,30
24,29
50,10
4,23
3,1
23,12
6,12
41,26
26,26
32,10
49,14
9,17
31,10
27,23
12,24
49,29
15,9
27,30
42,20
11,10
46,6
10,24
40,23
7,16
47,10
23,1
41,29
20,22
20,30
34,7
7,30
28,15
25,23
3,12
35,28
45,15
17,29
35,9
22,18
10,15
16,9
37,15
6,18
17,21
19,12
27,7
50,13
6,26
46,28
18,13
2,13
40,29
19,23
9,24
43,24
43,10
26,3
30,28
22,7
41,11
13,30
39,8
14,12
13,13
30,23
9,21
19,7
17,29
45,23
37,17
10,29
8,29
42,29
43,2
46,22
35,10
23,4
4,8
6,13
18,11
29,5
23,7
35,16
30,5
22,5
13,6
8,18
47,1
5,27
41,29
36,15
0,23
46,9
15,14
7,22
48,17
8,3
37,2
20,21
33,11
12,25
23,27
25,6
38,23
32,18
41,21
38,24
22,4
9,18
44,8
37,12
26,11
12,18
33,14
16,23
31,13
9,21
24,24
34,20
11,19
17,28
25,7
43,15
34,29
50,28
39,29
31,27
18,17
15,12
10,24
36,26
24,28
49,27
36,1
9,15
48,8
25,18
19,24
9,12
33,8
7,17
12,4
26,24
2,12
12,20
45,25
40,6
13,14
14,5
12,27
30,21
49,17
43,2
38,7
50,7
50,8
34,15
40,30
27,30
16,6
13,3
32,20
32,15
9,5
33,29
18,12
18,29
7,11
31,24
22,8
29,5
8,8
44,16
43,12
31,29
3,11
2,23
22,5
50,9
15,3
48,24
43,17
20,25
6,25
6,26
1,7
37,5
35,28
2,20
49,17
43,26
46,8
36,29
1,26
16,5
29,18
15,16
41,23
33,13
20,29
44,11
30,4
39,20
32,12
7,17
23,21
4,12
3,22
16,17
10,24
21,9
26,14
35,19
43,26
5,4
43,28
27,18
46,16
33,26
26,23
9,20
44,6
18,22
35,14
20,19
28,10
4,19
16,17
21,11
44,15
41,24
18,11
12,27
4,26
11,22
44,3
15,26
22,19
33,14
19,27
12,7
20,2
10,10
13,13
39,11
14,22
34,22
48,6
26,10
30,5
29,1
41,29
4,4
3,26
16,8
30,17
47,9
23,29
2,26
3,9
11,18
20,24
43,7
27,6
29,8
4,6
4,1
3,19
23,19
44,20
1,2
33,3
0,13
16,9
49,23
22,25
22,21
18,18
34,2
12,29
32,12
18,24
17,5
2,27
6,18
22,25
2,5
28,12
41,21
47,9
27,12
15,5
20,25
38,21
20,5
13,24
32,7
25,30
10,21
17,28
43,13
4,20
17,6
3,4
4,15
12,10
20,26
10,28
43,4
48,17
19,19
21,19
7,26
14,7
4,6
42,30
23,21
19,6
44,26
6,25
24,21
35,7
45,24
17,26
38,14
46,11
1,13
20,14
33,9
34,6
22,10
21,28
17,12
40,2
43,28
5,7
35,6
14,15
4,7
18,22
9,1
29,4
9,10
17,15
42,26
49,25
49,15
48,16
30,29
27,13
42,13
14,14
42,18
36,30
50,20
47,28
27,21
32,18
32,29
35,26
49,25
12,23
43,24
21,5
10,28
16,20
8,27
31,25
11,26
11,20
44,6
20,8
21,14
46,11
43,30
0,29
22,20
1,29
27,7
27,8
40,1
12,27
26,5
39,1
34,27
4,8
33,18
39,20
50,1
2,25
24,12
12,7
50,27
16,8
30,20
16,20
41,22
24,16
44,22
12,18
29,23
18,20
11,12
1,6
14,11
24,21
41,11
0,3
15,5
28,1
44,14
40,28
30,18
31,16
22,20
27,21
15,16
11,26
49,30
26,9
48,27
17,24
30,13
12,20
13,11
33,27
7,16
42,9
28,7
2,18
21,30
17,2
25,28
28,8
39,1
14,11
44,8
16,14
10,27
8,19
30,4
25,6
33,23
50,24
43,4
4,1
45,12
46,8
46,3
36,6
4,13
16,20
29,29
12,27
33,21
33,12
46,13
9,23
3,5
12,18
17,7
6,15
43,26
27,4
18,20
16,5
19,27
2,28
4,8
41,28
45,14
15,29
21,18
20,20
46,16
46,18
20,16
1,3
40,29
50,20
10,6
32,28
10,21
19,14
1,11
43,9
13,18
40,7
44,1
39,14
18,2
39,13
47,26
4,23
26,22
2,30
50,19
47,6
30,3
34,14
7,26
31,12
48,8
33,8
47,16
41,13
38,4
28,11
36,1
26,21
48,2
26,10
46,13
44,2
18,13
46,22
37,13
4,15
7,13
40,18
45,8
41,2
5,5
25,9
26,27
23,7
49,21
45,7
49,3
42,11
22,15
49,4
8,15
28,28
24,22
47,6
45,9
3,30
20,28
12,5
14,27
22,2
47,30
29,17
22,27
29,12
16,1
7,6
36,25
12,22
37,8
45,10
16,23
8,8
16,7
25,27
13,23
32,21
2,10
25,28
40,6
50,5
3,25
40,27
49,28
32,22
28,17
23,4
19,18
43,9
25,21
45,12
39,12
47,7
44,9
47,25
50,2
36,16
50,4
40,11
11,11
29,28
16,5
44,5
36,10
14,2
37,6
16,17
34,23
34,21
5,4
20,14
48,8
46,29
45,13
25,5
38,20
20,8
43,15
46,14
41,16
25,9
15,2
18,20
37,19
39,8
16,5
30,5
44,22
16,16
48,14
22,7
39,19
21,6
26,27
1,22
45,10
37,22
39,10
28,3
37,25
25,9
48,12
39,27
10,24
43,21
3,28
18,14
44,4
0,11
31,4
18,7
47,17
21,17
34,19
41,7
20,4
27,16
17,6
23,7
33,13
25,22
10,27
30,13
30,10
11,16
39,6
13,4
8,5
29,12
22,11
39,20
37,17
6,22
42,24
49,22
24,20
24,23
26,2
25,12
32,28
10,28
37,3
24,30
34,30
4,18
31,27
17,3
20,10
4,6
20,27
13,25
45,24
14,24
21,5
19,27
50,5
37,1
4,26
34,5
35,28
40,26
1,22
45,9
5,8
48,21
35,30
21,3
17,26
21,13
9,27
33,1
4,27
13,29
26,9
14,23
24,8
13,24
49,16
16,21
37,8
6,10
25,9
14,4
18,30
26,11
36,1
46,18
38,24
25,12
13,23
3,14
3,22
13,16
12,30
2,9
43,6
10,10
27,4
40,23
26,29
30,6
42,19
40,11
19,14
48,14
20,26
22,18
37,22
33,16
47,9
7,2
2,24
5,12
42,10
36,7
44,23
28,20
33,7
28,7
15,27
49,16
44,3
33,5
30,22
28,15
9,26
32,17
39,19
20,9
3,6
14,8
12,15
9,3
6,5
42,24
33,6
49,5
3,8
49,21
10,6
48,15
15,30
42,24
39,21
31,2
21,28
35,3
18,27
1,20
14,2
48,2
1,4
19,13
16,3
41,6
45,23
24,26
42,16
49,12
5,8
24,9
28,16
47,17
6,30
9,15
9,10
26,26
18,7
10,17
5,6
5,3
30,14
0,19
11,29
5,21
29,13
21,3
4,15
28,20
36,30
23,2
40,2
11,11
21,23
32,8
47,13
11,29
1,21
20,24
32,14
9,10
14,9
21,6
18,3
26,16
23,24
32,18
11,28
19,17
30,28
21,15
5,10
44,3
24,17
45,1
11,7
38,16
38,22
39,29
22,30
37,8
41,15
19,13
24,21
32,12
15,22
32,21
32,7
34,23
3,17
6,25
31,2
29,9
15,8
38,24
5,1
12,20
22,10
26,29
6,19
44,21
30,22
22,11
16,30
23,2
23,30
4,10
28,30
14,12
36,5
28,21
11,12
37,26
39,18
31,30
34,8
20,29
16,27
3,15
5,25
11,16
4,24
9,9
18,17
30,6
20,22
20,8
17,18
17,20
10,29
29,28
26,6
17,15
28,6
12,30
20,9
22,5
21,28
39,4
31,29
32,4
45,18
44,9
43,26
35,26
32,16
23,12
23,20
38,12
50,11
15,15
37,15
39,4
24,13
50,20
24,13
41,2
26,7
12,1
17,1
44,23
41,23
31,25
36,23
36,27
20,7
26,6
4,30
14,15
33,21
30,29
6,2
6,15
47,4
28,27
18,8
11,29
7,24
38,24
21,16
19,20
26,28
15,15
45,14
37,4
7,18
30,17
11,8
46,12
50,5
23,18
8,20
16,30
40,2
15,3
30,14
21,20
42,13
9,3
38,16
30,9
19,1
45,22
45,26
45,17
4,30
12,7
33,16
38,20
42,20
16,13
4,26
14,13
10,17
47,30
10,26
24,9
14,2
35,10
27,18
50,19
44,6
19,28
5,24
46,5
9,25
19,17
12,11
33,17
4,6
36,5
41,7
47,23
11,24
36,5
18,26
21,30
4,11
14,16
44,19
17,25
3,29
50,3
26,19
28,8
50,25
38,11
26,7
1,5
48,16
49,21
21,1
33,6
21,17
31,3
50,12
5,10
48,11
43,12
11,6
15,8
8,21
34,8
40,16
37,6
12,24
13,5
0,24
35,28
49,28
42,13
16,16
36,9
25,26
21,8
3,13
9,24
9,21
8,3
11,25
30,3
10,11
22,13
13,8
0,28
18,18
5,30
42,1
34,14
12,3
6,15
44,7
39,28
27,12
48,12
32,30
39,7
23,2
39,30
32,10
35,7
47,22
46,22
20,4
30,27
14,26
48,21
25,10
39,25
12,26
27,28
12,11
29,18
28,10
27,16
22,3
14,17
15,18
5,30
31,19
5,5
10,15
12,20
7,27
7,12
49,13
31,1
12,24
6,29
31,9
40,11
8,21
1,12
39,24
23,10
38,12
16,9
31,16
25,28
2,30
7,3
33,17
0,5
2,29
27,10
48,30
18,7
25,3
40,26
28,25
17,25
35,23
6,2
10,8
28,28
13,5
2,12
12,13
0,11
23,25
9,16
45,30
36,30
20,28
35,1
48,17
10,9
26,14
8,6
28,28
26,17
38,20
38,11
37,1
41,30
8,5
47,20
47,29
50,8
11,25
47,4
47,2
41,28
39,21
43,10
37,15
15,22
50,6
15,9
28,20
22,7
34,3
42,5
18,11
49,11
16,7
12,12
27,17
28,1
46,12
24,25
31,20
7,25
1,24
33,17
11,27
30,19
41,11
50,26
33,7
39,9
2,29
34,28
4,23
35,18
28,12
50,10
41,16
23,29
10,19
27,11
47,20
24,19
49,6
4,19
25,7
30,1
0,21
47,6
8,5
9,20
13,28
32,23
28,10
3,11
21,15
21,3
42,3
8,8
22,30
23,3
18,22
11,28
0,20
49,29
31,6
32,6
9,14
49,11
17,11
44,4
3,14
47,26
32,12
45,5
4,4
6,25
41,20
38,5
13,19
29,19
25,20
29,23
4,18
20,4
4,30
15,4
12,14
2,16
18,28
25,19
22,11
20,26
13,18
46,25
25,4
15,9
50,12
22,20
0,15
28,4
10,15
4,4
34,26
37,7
23,2
6,19
43,5
26,18
29,9
44,13
1,25
27,4
9,6
15,1
10,18
3,24
1,24
45,11
49,9
15,6
7,26
48,13
17,18
13,19
29,12
46,2
14,26
44,8
33,6
18,16
1,2
44,27
37,28
16,7
40,20
38,6
3,5
34,22
44,30
16,17
33,10
25,13
21,16
45,24
9,12
21,7
12,21
46,15
34,25
3,13
0,23
32,5
22,23
11,16
6,19
39,30
28,30
27,25
16,11
5,13
21,15
12,19
25,3
5,8
49,10
45,11
21,17
4,3
0,15
40,10
28,3
12,14
10,30
4,9
9,26
38,5
38,21
4,16
20,11
49,4
24,8
38,6
4,9
46,16
18,17
2,27
28,2
25,18
19,10
42,30
37,7
10,18
42,3
25,4
6,27
19,8
18,21
33,25
13,14
47,19
6,22
38,26
15,1
3,27
5,30
21,11
45,26
16,14
15,22
7,10
0,26
32,11
2,15
11,21
20,21
28,28
13,9
16,14
7,27
23,17
35,12
50,21
0,17
48,1
40,22
13,12
2,13
45,21
40,29
10,10
15,6
13,8
22,7
23,11
2,26
39,14
12,7
5,5
4,8
19,24
49,23
37,1
24,1
1,30
3,29
23,28
31,7
44,7
34,13
27,20
21,12
37,21
40,3
5,4
13,18
49,2
32,15
45,24
37,15
43,19
15,20
19,27
35,2
23,4
32,29
46,11
32,15
6,20
23,26
39,4
18,14
7,9
13,5
19,24
36,12
36,16
3,30
2,25
31,28
34,4
9,3
17,28
48,3
39,14
41,18
6,30
0,4
42,16
9,18
16,25
28,7
2,27
32,3
19,18
27,2
41,24
19,23
43,29
3,28
28,29
3,21
24,17
33,13
20,22
13,3
42,9
23,20
18,6
31,13
8,18
11,12
23,28
37,7
44,29
19,17
32,7
26,4
46,20
4,25
43,26
31,18
38,22
27,13
7,19
21,23
40,8
47,23
29,5
28,1
7,4
1,1
5,26
41,12
32,3
6,9
46,30
23,29
17,20
22,9
1,21
20,20
33,24
5,29
2,25
34,13
40,8
0,20
43,3
10,10
19,6
7,12
7,28
41,25
33,18
0,6
36,19
39,21
29,11
18,23
22,26
41,18
31,12
35,20
33,27
49,16
22,28
13,13
27,7
50,15
19,30
49,9
35,27
48,1
44,30
48,6
34,14
32,12
8,21
3,2
20,3
36,9
13,16
50,26
6,16
23,8
22,5
21,13
14,10
50,9
1,4
4,14
25,18
6,29
3,19
45,24
38,18
12,26
35,7
15,20
40,4
16,20
37,28
9,21
43,7
22,14
25,3
19,11
16,12
9,6
28,5
40,23
25,2
41,22
50,30
2,8
16,28
35,11
8,19
32,1
22,24
48,12
18,11
27,11
8,26
25,9
26,13
43,28
44,8
16,29
37,16
48,15
45,8
45,4
44,27
33,4
10,8
40,26
3,25
5,1
38,12
10,28
21,30
31,27
0,25
27,1
0,7
17,15
47,8
14,4
6,6
5,14
5,8
21,28
11,21
21,28
18,30
28,22
0,29
29,19
44,16
35,19
31,2
39,2
50,29
11,25
11,19
14,20
36,18
1,11
8,30
42,12
47,7
39,23
11,28
2,22
48,2
48,18
35,7
20,19
39,4
41,26
43,20
16,30
8,9
25,28
5,1
16,12
2,13
10,27
19,16
36,5
48,1
21,16
44,3
29,12
24,15
16,12
27,20
8,25
4,30
8,1
37,23
20,7
7,26
20,22
14,16
15,13
17,3
43,21
2,19
42,16
39,14
39,23
28,6
41,11
35,15
25,22
23,21
12,10
21,24
26,6
43,23
6,5
37,4
45,29
1,25
27,18
26,24
28,11
26,7
48,13
42,18
34,15
15,9
50,28
31,7
15,9
23,21
6,18
28,11
28,25
39,23
40,11
11,25
2,25
37,8
13,4
21,22
7,20
7,5
11,5
5,27
49,28
5,7
30,9
8,28
49,5
0,11
20,5
36,30
31,27
27,25
48,7
15,19
42,13
25,21
47,20
45,4
42,7
3,19
26,4
3,20
37,28
24,26
46,25
49,26
49,9
30,28
42,4
29,19
32,23
18,16
1,1
9,21
3,26
50,14
36,13
35,25
40,4
24,18
7,20
11,23
35,26
22,6
21,5
12,11
14,28
47,5
7,16
18,29
23,21
39,20
21,8
41,18
16,2
34,13
49,12
33,27
14,27
6,4
5,13
19,20
15,7
40,14
33,5
21,4
36,12
49,2
11,12
15,2
19,9
38,27
41,27
14,21
22,17
46,16
3,12
25,10
33,15
41,12
15,29
20,17
32,25
2,23
47,2
17,29
45,14
11,30
43,21
2,11
8,4
23,14
20,3
40,24
45,1
39,23
49,2
13,9
41,13
29,5
8,21
2,29
36,11
49,5
49,11
46,29
38,4
37,13
20,25
14,21
50,20
9,6
4,5
44,7
35,22
0,26
39,9
8,11
9,23
30,26
50,13
3,4
4,24
29,23
35,9
49,4
50,18
11,19
36,26
17,13
23,2
44,11
33,30
22,1
25,6
22,9
20,6
13,13
15,19
23,18
29,17
45,26
5,28
6,20
30,9
44,18
12,4
15,27
0,26
33,25
18,4
23,19
16,27
20,20
47,26
12,15
6,6
47,18
22,18
38,14
27,11
36,5
46,17
27,4
18,27
14,13
1,5
48,15
50,20
35,4
19,29
22,11
9,24
4,27
32,20
9,9
39,23
25,11
9,15
16,17
18,8
4,10
41,30
22,10
27,23
15,12
18,19
12,19
10,23
34,19
25,25
13,23
44,19
6,30
1,20
24,8
49,9
41,21
29,18
37,15
8,18
6,28
40,5
3,23
47,15
17,23
41,18
33,13
10,27
30,15
14,4
23,25
49,6
42,17
34,11
33,12
38,8
22,12
49,1
15,7
19,23
45,3
20,15
13,29
35,3
41,9
0,15
25,21
27,3
0,29
28,2
39,16
49,21
6,12
18,26
43,11
19,6
8,25
7,24
36,27
21,21
35,2
47,15
35,5
24,17
5,24
18,2
18,3
11,3
15,27
0,1
17,7
0,17
23,23
27,5
36,30
42,24
16,12
21,22
42,16
7,30
16,16
12,10
13,28
13,26
36,8
24,29
19,10
48,19
48,25
16,16
44,22
35,22
42,13
46,24
18,23
20,10
26,18
47,28
8,17
42,16
0,20
26,2
32,18
21,22
2,7
29,17
34,30
5,7
21,11
30,15
15,29
46,1
45,6
4,14
24,7
13,5
48,1
43,25
37,20
20,28
48,25
35,17
8,21
41,8
20,27
39,29
13,21
10,1
50,18
39,10
48,16
49,23
6,16
37,20
21,28
42,9
48,19
26,16
50,16
4,25
45,26
42,15
29,13
44,12
8,18
21,24
7,29
10,24
5,28
14,29
2,19
25,11
30,29
16,27
32,24
44,11
14,1
30,27
12,3
24,24
39,24
7,20
7,30
47,8
3,27
30,21
2,21
24,20
5,27
14,15
23,13
33,8
6,22
14,29
14,22
41,29
26,15
14,7
32,19
12,14
20,24
15,2
15,22
28,10
31,12
13,27
1,29
45,27
1,22
42,4
43,15
32,3
32,24
40,26
17,2
37,20
47,13
45,23
33,17
44,13
37,17
39,2
8,4
28,28
5,5
5,28
8,14
48,30
5,16
26,3
50,10
41,13
33,3
1,23
11,7
37,7
26,20
11,3
44,10
8,9
20,8
50,10
33,6
46,23
46,10
2,5
9,12
1,27
14,25
2,8
21,5
14,5
42,7
18,4
7,6
20,22
41,14
43,21
9,15
36,24
19,6
39,12
2,15
49,29
21,21
35,30
41,12
19,20
0,19
35,12
6,13
10,28
31,8
41,25
35,25
49,16
42,16
6,7
18,11
26,14
48,17
37,10
12,8
1,12
14,17
30,27
33,16
50,12
44,28
8,29
7,5
24,26
32,4
27,1
22,18
20,13
18,2
38,17
43,16
32,12
22,6
22,23
41,10
38,2
35,6
12,21
13,14
33,22
50,28
33,28
11,26
24,10
49,29
11,15
9,12
34,19
47,24
33,7
25,3
12,1
32,28
12,24
40,24
44,18
8,30
13,14
19,21
1,9
6,9
28,12
7,23
2,30
0,20
28,17
4,7
34,16
48,23
42,13
50,17
15,17
30,26
16,2
31,19
4,4
35,23
6,24
37,27
28,7
49,15
32,15
18,2
22,9
37,6
9,21
12,27
11,2
22,22
27,22
21,29
41,7
26,30
28,26
40,5
2,14
38,21
17,26
20,23
45,4
48,8
38,4
19,28
32,23
28,29
38,18
4,29
2,9
21,6
10,15
35,11
31,28
20,14
5,9
38,28
15,15
43,27
42,20
49,6
50,11
29,30
35,30
37,6
21,5
24,16
17,18
42,28
26,22
18,18
2,23
9,18
22,28
30,25
49,21
8,2
40,3
16,3
27,5
25,25
17,30
15,17
49,15
40,13
39,22
31,10
50,24
15,15
43,29
43,29
6,1
47,20
17,6
20,4
14,15
3,23
14,29
48,25
26,3
49,15
47,11
44,16
1,3
13,24
2,29
34,13
7,17
0,7
47,24
35,9
38,21
32,1
49,21
40,9
8,29
23,22
28,14
20,16
48,28
30,25
46,14
23,10
4,14
46,19
45,25
2,1
35,25
23,15
46,6
13,28
45,27
43,29
38,17
33,1
49,10
42,3
8,16
15,25
33,6
6,14
24,27
50,6
28,26
8,14
32,30
42,9
31,22
38,26
26,5
28,8
41,21
35,29
11,18
35,13
8,8
26,4
23,1
27,24
33,9
2,21
18,12
17,15
40,18
38,22
22,28
21,14
16,5
31,7
9,10
38,9
39,21
8,21
25,13
28,23
43,20
43,16
35,8
16,29
44,6
43,9
37,2
17,28
39,19
11,14
39,17
3,20
48,22
46,21
39,26
27,10
27,28
12,28
25,5
19,13
9,10
41,26
21,10
35,6
14,4
7,15
26,29
35,17
45,24
5,30
28,20
15,5
21,16
42,16
28,5
32,10
12,28
3,23
11,11
29,28
40,5
26,9
29,12
47,17
32,2
45,24
2,24
5,11
25,3
14,22
2,12
8,16
38,10
38,6
42,21
42,11
48,14
45,2
10,6
22,6
0,6
23,7
12,4
15,14
18,22
5,21
13,21
4,3
2,26
39,16
14,16
27,26
11,19
26,6
27,11
7,12
29,21
33,22
1,26
14,18
14,9
29,11
46,21
46,2
19,7
20,1
23,9
49,13
8,28
32,9
14,18
20,22
34,18
47,30
0,11
38,30
25,4
36,18
29,19
40,2
4,18
24,14
9,21
9,8
24,7
33,30
47,28
39,17
32,2
2,7
39,15
49,23
31,20
35,28
6,24
13,14
43,9
43,17
5,10
27,11
14,16
28,26
31,24
45,9
49,28
1,30
32,11
29,26
19,24
28,8
36,13
23,20
34,30
30,10
35,18
49,26
34,23
21,6
3,30
42,20
16,27
5,24
50,26
10,22
47,9
24,21
40,28
21,30
29,23
9,10
5,17
7,12
41,12
32,4
5,20
15,15
37,2
10,30
15,8
3,17
36,11
18,20
24,7
21,28
5,21
50,6
41,9
26,23
38,1
3,25
0,16
6,7
0,30
15,26
17,3
31,10
40,5
39,26
25,7
31,1
49,7
7,28
23,7
36,15
46,25
12,17
20,17
21,6
41,21
8,6
25,30
50,19
22,23
14,15
26,17
18,17
49,14
15,11
24,21
49,5
40,30
4,8
46,22
18,4
11,26
22,3
41,13
40,1
41,18
48,10
21,23
25,8
26,4
44,26
23,22
27,15
44,15
5,17
43,15
10,16
3,22
10,21
2,30
6,14
19,10
20,23
50,28
30,2
26,1
22,27
0,5
23,27
5,2
22,8
23,17
3,7
0,29
39,10
24,30
9,17
39,10
16,7
29,25
14,15
0,4
20,13
50,11
45,23
8,15
11,12
37,6
48,11
23,1
48,4
36,7
47,5
24,6
11,7
29,2
32,30
38,26
49,10
24,24
12,28
27,28
21,26
49,13
25,25
11,29
49,3
12,30
4,4
7,6
36,30
45,6
4,1
35,20
50,21
40,23
38,13
10,25
12,9
33,19
28,15
37,12
4,9
46,6
27,25
47,14
13,19
31,13
22,14
30,6
29,10
43,21
17,14
17,17
26,11
4,28
50,21
32,19
19,9
24,28
50,5
5,1
26,21
21,25
2,14
18,30
44,19
12,17
37,3
34,13
7,13
13,18
50,5
22,30
43,2
0,30
33,30
3,6
37,7
26,2
35,28
49,27
13,17
1,11
40,4
49,18
11,2
49,11
38,22
33,9
3,16
27,11
4,1
28,9
11,9
22,23
40,7
17,6
10,11
39,20
23,24
31,14
47,12
45,15
27,5
41,24
11,7
10,25
16,24
20,30
45,26
45,14
21,15
44,8
27,15
18,21
48,5
10,10
17,27
1,9
27,19
9,27
47,1
45,19
35,17
45,28
35,6
4,5
6,8
21,20
4,5
29,7
42,8
30,23
29,8
4,21
45,3
31,12
11,18
25,21
33,12
37,27
34,23
28,1
3,16
10,7
46,28
27,18
29,19
12,22
18,7
48,22
30,1
22,24
40,22
20,2
34,27
9,16
29,30
45,14
16,22
39,20
38,10
35,2
44,29
17,6
25,16
50,12
23,17
42,26
8,5
50,20
23,30
0,15
24,1
14,30
16,8
10,26
34,23
8,29
31,3
47,8
13,22
24,2
33,30
12,5
46,22
0,8
40,1
16,6
17,23
50,9
18,6
43,19
4,21
14,6
2,15
28,24
22,1
19,30
37,27
1,27
21,15
22,30
39,14
42,18
14,12
21,24
23,8
46,4
26,26
48,26
8,27
14,17
24,14
4,30
29,9
48,6
8,15
0,18
11,7
31,7
17,16
40,2
6,9
43,25
1,7
9,20
32,6
10,8
7,17
39,17
1,4
4,17
21,19
4,11
47,8
35,2
22,13
21,24
12,5
0,17
22,17
5,2
33,12
17,22
9,30
14,13
4,6
24,24
20,24
22,25
14,4
17,14
35,10
42,14
35,30
12,26
0,8
19,12
15,2
44,7
39,23
24,28
11,30
36,24
27,6
44,25
4,4
33,6
47,30
41,30
21,12
16,22
39,17
48,9
34,5
3,25
30,11
21,23
9,5
34,28
29,19
37,26
34,16
11,10
13,13
48,21
31,25
13,8
43,17
28,27
20,6
41,18
5,7
12,29
18,17
34,15
49,15
2,12
9,20
41,4
38,24
38,24
35,13
30,22
47,23
8,21
4,30
3,12
24,13
1,29
23,10
48,2
17,3
34,12
11,29
19,18
1,25
48,9
24,15
17,27
38,13
2,22
0,16
16,23
11,1
34,12
5,24
7,7
16,14
27,13
14,18
28,15
35,9
5,26
36,21
27,18
17,4
28,10
9,26
17,7
25,23
25,19
28,11
49,20
40,5
24,27
45,23
31,12
2,7
9,15
7,15
39,4
48,26
35,8
20,25
16,8
11,13
18,29
7,29
37,24
43,2
6,15
12,17
7,4
24,26
14,9
14,19
46,24
39,12
41,25
48,12
8,25
20,10
43,6
36,16
0,29
27,5
29,11
35,17
32,7
1,10
40,1
45,9
39,2
2,23
38,15
35,8
21,13
47,20
17,17
26,15
6,19
38,13
30,9
31,14
19,21
34,23
7,29
34,7
40,14
4,9
50,30
13,25
27,26
32,28
3,24
18,8
23,20
25,5
40,6
46,9
3,19
40,15
45,8
7,26
7,27
7,24
1,3
15,21
29,12
48,6
43,30
49,22
26,14
31,18
34,25
5,7
2,5
15,3
47,3
36,20
21,7
37,17
32,4
42,5
10,9
19,13
7,26
36,19
29,4
30,6
6,26
41,29
34,21
4,8
29,27
43,30
5,14
15,18
41,15
11,18
30,29
5,9
14,26
40,9
36,4
4,17
23,11
32,9
6,6
17,6
29,21
8,14
34,20
29,3
16,3
1,17
21,14
27,22
27,10
0,3
10,12
13,18
41,24
28,4
19,9
39,22
44,1
9,25
33,26
18,4
45,29
2,1
10,9
49,15
33,13
24,2
30,27
23,18
21,5
17,21
38,19
29,25
25,28
28,19
13,15
48,9
16,2
1,30
50,24
17,2
14,30
10,14
5,15
46,21
22,19
18,14
45,10
3,8
22,28
29,28
27,23
16,18
40,19
29,24
17,15
23,16
3,3
29,19
35,2
11,25
2,7
46,17
44,21
17,20
6,24
5,19
49,9
15,29
49,21
13,11
26,30
4,8
36,19
50,6
29,21
38,25
20,6
20,9
27,23
36,6
24,3
30,21
3,27
40,19
21,18
49,24
15,21
11,15
9,15
34,27
12,23
22,9
39,9
39,6
49,27
28,5
7,18
21,9
2,22
46,18
47,4
4,24
50,26
19,11
39,26
49,28
35,26
8,22
40,1
9,24
48,21
32,6
15,20
24,25
42,8
35,27
16,19
17,24
6,1
5,14
2,14
31,4
29,4
21,20
12,26
12,14
13,16
19,17
42,6
45,25
22,5
4,23
25,14
8,6
13,17
19,16
26,27
27,14
1,6
46,27
41,19
0,21
44,2
8,1
25,29
13,3
14,30
31,28
39,15
37,20
40,30
34,11
50,9
17,15
19,17
41,8
0,2
14,23
29,5
17,30
12,9
14,3
42,8
29,30
20,6
12,1
10,18
48,27
25,16
11,27
34,20
13,16
25,9
48,18
49,7
9,9
47,10
6,19
45,1
39,10
43,14
34,5
12,10
28,3
34,26
0,25
35,13
4,7
43,13
31,8
44,18
4,5
4,9
35,10
8,16
14,24
46,13
25,21
46,28
46,3
33,14
20,16
14,28
44,18
49,8
49,27
23,13
50,27
44,14
25,29
4,17
30,1
6,16
22,27
39,2
50,24
24,3
8,4
49,29
36,19
20,16
13,30
25,23
2,4
46,1
6,10
21,2
27,5
30,4
11,27
49,2
32,9
45,17
7,12
44,6
16,25
17,17
17,5
14,2
29,24
38,2
45,26
18,30
28,30
20,17
13,25
47,3
2,3
5,24
2,23
18,26
9,22
21,16
14,4
34,6
47,15
35,23
42,5
45,3
4,7
5,17
12,9
18,3
16,22
44,4
25,22
19,22
21,24
15,29
48,20
22,2
23,26
10,13
18,20
5,23
44,10
22,5
28,27
17,6
33,22
33,27
10,18
8,19
22,27
35,19
28,20
6,17
13,1
3,12
13,25
13,16
44,26
15,29
25,21
6,16
3,19
1,12
43,18
44,8
31,14
34,14
5,2
24,11
23,15
20,26
26,29
38,27
0,19
41,2
8,5
27,10
7,13
45,2
27,27
8,8
41,7
26,22
27,23
48,11
16,29
22,18
30,1
38,14
21,12
23,6
7,12
22,28
38,20
0,20
8,7
1,30
43,22
6,12
41,30
42,8
1,20
0,17
2,8
3,17
5,30
49,17
5,1
12,21
30,16
18,12
20,1
44,8
49,1
47,22
40,20
13,23
10,15
35,14
46,22
38,1
37,24
31,28
36,30
38,10
39,24
43,24
45,13
21,26
19,27
1,1
31,16
17,19
43,7
11,14
22,23
3,2
15,28
17,13
29,14
50,1
24,9
16,30
46,19
34,23
18,8
2,22
47,6
20,30
26,6
10,30
2,4
20,23
2,29
22,10
38,27
31,11
50,30
4,23
35,17
50,27
18,1
43,21
25,1
47,28
35,12
18,16
42,8
1,5
28,3
14,8
38,3
49,21
29,18
8,12
0,24
32,25
25,27
32,13
40,4
7,9
8,9
30,22
49,7
18,26
45,11
34,2
48,22
2,24
28,4
46,17
38,14
11,1
1,12
3,22
46,3
18,1
42,4
8,25
43,25
18,4
29,25
34,22
40,30
3,10
34,24
50,10
5,9
12,7
26,8
40,25
18,2
32,22
6,6
22,28
37,10
44,28
0,11
5,5
6,22
20,9
10,4
1,11
14,7
36,23
0,30
23,30
28,27
2,26
42,28
50,4
20,29
9,11
19,16
4,2
13,27
14,12
32,3
10,10
37,22
13,18
37,5
40,27
34,5
42,28
15,24
37,21
41,29
46,18
5,28
44,1
45,22
31,2
44,27
24,22
26,10
8,8
12,25
25,3
32,6
28,2
13,8
23,10
13,24
26,17
1,12
29,11
46,12
18,4
22,16
40,14
8,8
40,1
3,6
14,13
13,27
20,19
49,19
27,23
48,3
49,26
5,14
26,6
49,17
3,16
25,8
16,11
47,9
40,17
44,27
0,12
23,2
35,8
26,7
46,6
6,24
49,6
46,13
40,29
39,25
22,30
14,15
1,15
40,10
48,11
13,23
20,26
16,13
50,11
31,7
39,24
50,14
21,4
37,13
0,1
3,2
49,24
18,25
49,5
21,5
45,23
45,26
32,21
3,26
44,22
7,8
39,4
4,17
34,11
42,1
20,22
21,28
17,8
42,4
36,4
9,12
10,29
24,28
16,19
30,1
17,5
11,16
7,2
26,21
13,18
10,10
3,15
15,1
36,12
32,2
30,1
36,2
49,21
24,23
42,14
28,15
25,4
10,14
22,17
10,2
50,14
32,24
31,24
33,28
19,30
15,8
41,22
37,4
19,5
3,5
43,4
43,6
48,12
13,18
32,15
27,13
43,28
3,9
23,11
13,8
15,30
16,26
31,7
11,8
36,13
36,4
38,27
16,30
34,19
49,30
29,22
18,14
47,7
14,15
19,21
1,15
36,14
10,21
0,29
28,5
40,25
49,21
27,30
45,12
2,9
45,4
12,3
20,12
26,16
49,11
42,17
15,17
6,12
25,11
30,6
40,28
46,19
48,6
18,24
12,25
25,20
17,28
16,25
46,17
29,22
48,2
28,28
38,16
47,10
32,20
40,2
8,11
19,6
5,1
3,21
9,16
1,29
6,1
14,15
46,22
27,2
30,16
12,5
33,27
42,4
18,17
49,24
36,16
23,12
6,29
48,21
10,11
29,13
41,13
29,10
38,29
19,4
27,26
43,19
12,5
37,27
14,21
37,22
21,5
1,22
8,20
27,2
20,18
16,18
34,15
42,19
38,14
30,1
20,7
7,26
4,8
19,26
5,12
19,4
30,21
21,13
25,28
40,15
22,26
46,25
39,2
41,26
26,20
47,23
39,19
9,5
22,14
8,9
34,24
46,12
24,3
5,21
15,26
48,17
30,7
28,28
47,15
21,4
43,30
50,14
6,27
12,20
42,18
5,5
30,3
24,22
49,19
47,25
1,12
3,7
14,11
26,24
42,14
11,2
26,26
49,29
25,29
27,23
29,19
42,3
30,11
4,27
43,11
41,30
29,29
49,9
16,15
20,11
24,6
30,3
36,1
37,22
40,29
39,16
38,8
17,26
2,16
15,1
5,20
14,29
15,30
48,1
20,20
32,15
40,3
31,16
34,30
30,11
50,3
50,27
32,4
42,8
41,14
21,23
45,22
11,29
14,25
44,22
4,2
16,18
14,11
14,23
6,14
23,16
27,6
13,6
38,29
8,16
38,16
29,7
39,17
32,8
37,25
32,17
32,10
40,17
29,4
18,9
21,25
19,4
43,22
12,30
30,14
17,30
48,26
32,12
20,2
1,3
25,15
3,6
11,11
42,29
41,3
14,10
4,25
33,19
41,30
39,28
22,9
35,14
35,9
27,30
42,28
11,9
32,16
29,28
37,7
13,30
22,6
24,7
45,9
44,26
35,21
12,17
37,27
37,25
20,21
29,10
8,24
48,26
27,30
38,26
50,4
15,21
16,5
9,12
25,7
50,15
1,28
34,30
35,24
26,30
11,13
42,19
40,26
2,18
4,6
12,3
28,10
8,19
41,25
33,23
21,2
49,3
19,18
0,24
26,2
19,5
6,28
18,19
50,15
23,30
47,18
12,19
26,29
50,21
39,25
43,17
18,16
24,4
13,20
50,24
18,7
16,24
31,18
39,2
48,17
31,16
33,28
13,9
20,9
14,14
24,30
13,12
10,1
33,16
26,14
28,12
5,5
12,13
23,12
9,23
21,3
45,4
35,14
46,26
15,1
23,1
34,19
2,17
33,23
14,23
26,23
49,6
7,18
0,30
28,6
25,4
12,18
13,28
3,8
46,21
13,8
17,9
4,16
0,8
38,7
12,2
9,1
37,15
12,4
43,3
49,24
41,11
33,19
3,24
24,19
31,3
47,6
48,27
17,21
50,11
27,25
20,4
43,12
46,30
41,27
25,16
17,2
30,21
14,2
23,30
17,14
12,13
28,11
46,5
20,8
44,22
48,1
47,28
44,30
13,24
22,16
12,25
10,8
35,26
11,27
17,25
49,17
20,13
5,5
37,30
39,22
4,17
14,11
31,8
43,16
10,5
9,14
30,13
1,1
49,3
46,11
11,10
3,4
37,29
29,8
25,19
34,28
26,15
6,15
2,2
17,14
27,6
48,2
47,3
0,14
43,23
0,13
0,4
49,16
3,12
19,17
46,24
2,3
21,21
36,21
27,24
42,1
10,20
45,26
35,18
40,22
14,21
42,16
35,7
45,3
19,15
26,25
50,28
17,1
47,30
44,7
33,20
24,14
4,8
48,15
31,24
3,19
15,17
7,6
44,29
26,11
26,25
29,8
2,19
41,24
22,4
6,29
15,4
45,22
49,5
47,18
36,16
35,13
1,8
44,3
45,5
40,23
49,22
40,17
21,18
38,19
15,10
42,21
21,12
12,29
16,6
2,1
47,13
27,29
9,29
20,21
0,3
40,11
24,9
34,29
9,6
27,14
34,24
4,10
21,18
40,23
13,21
5,10
23,11
45,16
11,7
26,27
4,12
3,27
42,27
1,2
28,23
22,11
24,12
5,13
4,3
28,28
45,1
32,1
31,14
23,12
18,11
14,24
18,19
9,23
2,26
35,6
9,9
27,2
23,12
14,13
9,25
10,12
0,8
16,11
33,24
31,4
20,29
25,25
44,20
27,24
37,4
41,1
21,17
17,9
6,15
31,24
6,24
30,28
27,20
48,26
31,21
7,22
37,27
34,20
15,27
4,19
21,3
27,10
44,6
45,17
8,20
16,16
25,16
19,26
46,18
1,12
32,12
23,23
35,24
37,30
8,4
7,25
22,8
16,27
38,22
33,25
9,26
50,29
32,3
6,20
31,11
38,9
25,26
32,25
14,19
44,15
30,27
6,18
27,3
41,26
33,1
0,19
15,17
14,3
29,12
8,22
17,30
4,5
4,12
7,24
45,20
38,25
44,30
27,17
0,6
21,29
20,11
22,2
37,2
48,23
26,17
2,2
49,14
35,20
46,10
36,19
47,17
3,22
17,25
33,6
32,22
41,23
32,10
14,29
12,21
46,9
1,15
46,1
23,10
22,28
37,21
4,24
10,22
42,22
1,30
32,1
21,15
16,19
9,14
40,29
19,24
20,17
8,27
37,2
14,22
31,16
18,17
7,22
9,24
11,28
12,23
21,4
12,12
40,17
27,5
7,28
44,9
11,10
4,14
49,16
37,14
32,30
20,5
47,10
47,23
35,18
4,23
36,28
49,10
45,20
49,16
38,11
21,11
20,29
20,14
50,9
9,27
38,13
39,16
11,9
19,17
12,19
34,27
46,16
40,20
43,25
29,27
19,8
48,1
4,17
10,22
13,9
5,21
14,26
17,9
32,28
27,27
14,7
43,9
0,25
21,26
44,13
19,21
41,21
15,22
1,8
4,16
31,6
2,27
16,15
7,21
15,23
14,28
18,3
42,10
40,6
50,28
11,11
41,1
27,28
26,5
9,30
47,18
32,13
5,30
13,14
32,7
25,11
28,14
29,12
46,13
48,11
35,14
14,29
17,12
39,9
8,29
30,25
49,12
37,29
45,16
16,13
46,4
28,28
40,11
46,11
29,3
1,11
24,25
36,24
19,5
45,24
33,28
25,17
26,17
11,2
7,26
12,4
19,1
47,8
5,18
46,13
48,15
21,12
29,6
36,10
36,25
22,23
7,24
44,17
34,30
46,30
28,5
5,10
44,20
2,7
7,7
16,10
50,7
34,25
29,14
13,22
13,9
50,28
36,18
34,25
44,16
17,22
49,29
10,1
3,11
27,18
39,2
38,3
25,7
45,29
43,20
50,9
0,28
11,28
35,11
37,7
30,6
36,30
45,19
46,19
7,14
24,29
5,30
22,1
39,23
14,17
7,21
7,9
22,19
0,16
16,2
45,4
17,18
35,28
28,14
11,23
20,10
24,12
1,10
33,29
50,2
7,26
6,9
37,2
21,18
26,16
41,24
0,17
18,25
46,26
31,4
28,29
35,14
7,8
45,30
20,12
17,8
15,27
23,24
34,19
23,17
48,25
7,14
37,30
40,11
3,4
28,28
13,1
16,8
9,5
24,19
0,6
11,22
29,8
27,3
38,2
40,3
8,25
4,27
10,25
41,10
44,30
7,26
37,11
27,28
9,6
23,10
4,30
37,29
48,16
2,6
27,6
43,5
7,26
23,9
30,30
39,27
48,29
22,10
4,13
42,23
35,7
35,7
49,23
17,5
40,11
11,1
4,21
14,9
49,10
3,16
14,1
28,6
2,16
15,19
37,20
42,29
9,29
17,28
3,2
49,10
8,22
48,7
31,3
12,21
11,6
4,4
16,27
42,18
28,29
31,25
24,3
11,6
0,21
0,11
23,10
45,6
0,28
11,2
34,25
44,20
35,18
18,6
33,2
44,15
33,7
44,27
37,11
38,28
32,28
33,19
25,25
2,5
44,25
45,15
8,9
22,4
34,20
28,21
43,19
30,3
27,23
36,19
34,19
34,11
34,7
6,11
42,28
48,11
17,7
35,8
30,26
3,1
7,25
1,30
12,23
47,22
50,20
48,15
39,3
30,11
7,9
5,16
50,3
17,23
8,7
13,12
36,9
38,14
44,30
23,9
7,7
13,4
19,25
25,11
45,26
14,25
15,13
28,10
28,8
48,25
31,19
50,25
24,1
1,4
42,12
27,8
36,20
43,2
46,9
50,15
39,25
40,27
12,10
34,30
3,11
32,5
32,10
17,25
18,15
48,12
42,6
11,28
44,12
36,1
14,30
11,27
17,5
36,23
24,28
41,19
16,5
11,2
2,3
7,26
26,26
38,14
16,30
21,24
4,26
48,11
12,11
14,2
14,13
32,17
3,10
8,13
40,18
13,1
45,28
16,12
6,16
26,14
16,15
44,25
16,21
30,30
9,14
2,3
0,19
18,7
15,12
34,5
39,9
14,16
30,7
17,1
0,10
45,3
50,7
30,6
3,26
7,26
44,15
45,5
19,29
33,25
9,20
30,27
0,15
34,13
19,17
5,20
7,29
5,26
4,5
46,22
2,24
12,5
30,28
39,26
45,27
9,11
17,2
46,18
5,23
15,30
16,19
3,28
37,25
34,13
48,1
12,18
0,11
22,7
33,28
9,2
26,6
17,17
18,23
42,30
9,20
21,23
16,11
38,26
21,8
29,5
45,29
43,6
15,7
4,22
14,9
27,13
12,18
16,5
32,30
10,4
42,8
25,26
18,19
34,30
16,13
9,29
17,12
28,27
48,26
9,16
47,17
37,25
22,9
22,30
4,8
27,25
50,1
13,9
0,15
46,2
42,5
37,11
23,22
37,10
39,14
31,20
17,11
14,29
44,25
43,24
45,13
48,5
25,11
25,30
39,11
13,7
31,5
20,14
20,15
47,27
23,28
43,4
7,30
24,13
11,25
42,1
15,29
46,26
21,4
35,27
18,12
43,29
41,13
32,23
32,16
40,28
28,6
43,10
9,12
28,9
34,17
7,26
8,13
29,12
41,30
39,3
3,12
28,17
3,14
41,8
22,15
41,23
48,4
8,19
30,26
0,25
25,20
31,5
27,21
12,13
25,8
31,13
43,22
11,15
39,4
7,9
3,22
39,9
1,20
8,22
30,13
15,9
22,25
45,7
50,28
38,23
49,8
4,7
33,27
27,16
27,24
27,16
6,11
28,25
23,7
31,3
28,6
23,19
45,10
37,30
40,14
7,28
0,12
42,10
9,10
16,13
2,5
14,17
48,2
39,3
24,8
45,30
5,9
35,22
17,18
3,22
46,4
15,8
23,9
24,30
42,18
31,2
29,13
40,16
26,1
43,25
20,3
44,22
35,9
30,7
46,26
22,28
5,2
18,8
46,8
39,10
5,25
32,1
5,11
2,19
2,5
27,5
27,21
12,5
37,12
41,10
47,20
1,16
22,19
19,2
41,21
12,16
27,6
18,16
27,6
7,11
32,11
10,12
20,20
26,6
1,29
28,1
45,7
8,12
7,26
45,11
11,22
26,19
12,28
37,19
38,3
31,4
50,16
2,24
32,1
14,11
8,4
20,17
50,4
20,24
12,2
13,4
7,13
49,18
28,24
4,19
28,26
39,2
16,10
13,5
10,16
34,26
3,14
33,19
6,9
33,25
16,11
46,21
50,26
22,13
15,24
17,6
36,30
16,28
27,21
18,15
37,13
0,17
38,28
22,18
35,20
14,13
8,3
46,4
22,11
0,25
5,19
12,22
50,12
20,10
0,12
8,10
18,9
3,8
37,10
46,15
2,18
26,21
11,21
33,14
48,4
6,15
7,8
34,20
43,11
37,19
9,30
48,21
43,25
8,17
39,4
48,15
45,25
47,1
0,8
46,12
30,27
3,9
42,9
5,6
37,15
43,2
39,21
32,7
39,21
36,19
42,1
50,12
3,7
38,8
23,12
37,25
17,13
39,6
44,15
25,19
31,29
50,4
17,10
22,28
19,4
38,5
9,3
29,26
17,28
15,9
44,30
19,27
1,14
14,22
50,4
24,13
30,11
19,20
9,4
27,5
33,28
13,8
8,3
10,13
40,17
2,23
27,18
18,26
8,4
27,18
43,15
47,25
44,12
46,22
35,1
47,4
16,17
13,1
16,16
45,29
33,12
9,19
48,22
5,10
4,16
28,19
21,18
35,13
20,30
39,24
0,29
26,25
21,5
13,18
28,20
27,7
15,26
29,13
23,25
24,29
45,17
36,11
24,15
28,29
16,18
47,12
3,19
16,25
21,4
31,25
0,1
45,8
21,2
34,28
35,23
5,26
44,20
22,17
31,22
49,30
18,10
5,15
18,25
39,3
31,16
20,22
35,2
12,19
24,24
39,16
20,30
42,26
10,18
14,6
44,21
37,23
7,16
44,9
18,26
35,12
32,24
24,11
21,3
40,26
13,8
29,11
42,25
26,14
40,2
35,5
13,30
0,16
42,18
49,3
26,23
3,17
26,4
16,18
44,26
40,21
4,29
42,14
39,21
6,22
5,23
41,25
19,18
31,2
40,24
0,4
24,28
25,5
4,12
8,23
40,3
16,2
24,17
13,17
37,14
1,25
47,29
3,15
14,23
31,15
5,28
21,23
17,8
46,18
35,9
48,26
30,20
16,1
15,7
45,18
35,13
37,22
22,7
43,7
40,27
1,6
30,13
15,12
20,25
21,16
25,10
24,6
18,24
46,1
21,9
31,13
50,24
39,17
7,14
11,16
25,8
40,21
7,16
23,26
42,10
16,30
50,12
14,1
23,7
10,20
17,25
20,29
44,17
37,2
43,7
2,3
21,4
11,20
26,29
1,1
24,10
17,27
41,19
8,8
17,15
15,7
37,16
11,21
48,12
22,21
13,13
23,28
29,25
8,21
36,8
8,28
6,29
42,8
10,23
43,29
28,3
50,11
22,23
34,4
41,30
31,6
17,7
29,20
3,25
49,24
40,20
3,27
18,6
11,21
32,16
6,13
9,7
2,16
36,12
10,23
49,28
41,3
13,6
10,28
47,3
21,19
21,14
7,29
50,2
32,27
49,4
38,19
1,16
20,15
50,30
25,9
13,29
18,10
39,23
23,6
46,3
48,1
39,13
16,21
16,13
34,9
5,17
31,14
34,16
32,23
44,25
3,2
33,13
41,17
4,13
31,28
37,16
0,28
7,2
43,23
29,30
12,17
25,6
29,13
25,12
49,8
24,8
45,21
33,25
17,22
2,22
16,25
24,6
20,18
37,10
43,18
6,15
7,23
34,10
27,9
36,28
42,11
24,1
32,16
2,2
47,7
14,21
23,26
49,6
2,25
22,13
15,9
31,11
21,24
2,25
31,11
9,9
17,27
15,9
21,4
38,8
29,13
3,14
17,18
3,14
9,9
42,19
15,21
11,22
12,15
5,28
44,1
4,25
7,20
12,10
50,23
33,2
38,29
40,1
48,27
34,21
30,19
48,30
33,20
26,2
29,8
17,22
18,30
43,20
2,29
19,29
0,4
40,6
20,6
11,29
32,6
47,19
49,23
25,11
4,5
27,2
41,29
26,1
2,22
32,1
11,23
5,2
19,23
30,26
24,13
5,29
1,1
11,5
15,9
43,24
37,7
34,18
7,20
44,21
49,22
38,16
14,20
2,26
50,25
49,6
31,2
48,15
22,13
11,16
3,27
6,7
47,7
22,7
13,8
35,9
37,12
27,21
15,17
49,27
10,3
18,26
25,18
40,12
32,5
31,26
49,19
19,22
6,26
27,26
13,14
12,23
44,18
28,13
13,3
44,17
42,2
42,19
23,25
18,5
15,30
20,12
19,17
33,14
23,4
48,19
32,6
45,22
40,24
37,29
15,2
44,29
43,13
47,26
46,18
11,29
4,1
12,20
30,3
46,19
22,10
36,6
48,18
19,8
3,24
7,24
44,13
28,12
35,13
10,7
20,1
26,8
28,22
36,6
20,15
40,7
35,24
4,18
11,1
33,19
29,17
4,18
36,13
22,22
0,27
3,6
7,17
49,3
6,10
46,21
37,18
40,28
22,7
0,5
31,13
39,2
38,8
39,20
4,10
16,1
40,3
48,11
31,17
49,21
40,5
33,25
6,10
29,23
21,10
36,16
26,18
25,17
45,12
33,17
20,26
8,9
19,29
16,8
27,19
31,27
46,30
4,10
26,12
26,22
31,17
40,30
8,18
37,1
15,4
26,4
17,15
20,19
45,27
17,30
3,16
19,12
4,30
13,12
27,25
34,5
16,14
40,18
19,15
34,22
34,19
42,23
40,25
21,13
8,21
42,26
40,25
3,25
14,29
40,4
13,17
11,29
24,30
48,25
37,13
19,30
10,30
11,29
8,7
31,14
16,11
30,29
47,6
21,19
38,25
11,15
23,16
10,12
41,4
12,3
26,30
0,3
25,18
6,13
31,28
26,11
37,25
30,16
34,20
18,17
20,22
9,10
14,3
1,23
40,8
2,18
38,13
18,29
48,12
47,30
44,12
7,27
13,22
34,5
23,15
14,27
9,10
39,16
21,22
29,22
11,21
43,6
8,22
7,7
48,8
40,13
12,15
19,18
23,5
4,20
25,29
31,22
40,13
21,8
34,14
0,3
17,20
5,6
6,2
14,10
14,14
1,10
16,5
14,27
37,1
41,5
31,22
0,25
31,15
13,11
11,29
32,23
29,14
42,5
15,10
40,19
19,17
17,24
1,3
32,12
20,23
38,23
45,5
11,7
35,22
35,27
16,4
41,11
26,21
11,17
44,2
24,22
12,15
4,23
5,28
35,28
1,21
27,15
27,21
3,1
34,22
9,23
10,10
10,2
21,27
50,10
9,19
33,10
2,16
24,23
47,28
43,19
1,3
17,25
35,5
27,20
40,30
7,2
11,13
28,26
43,13
29,4
43,5
4,25
0,25
10,2
32,23
10,18
28,12
23,25
46,27
33,19
9,19
9,2
25,2
43,14
27,9
9,25
16,2
23,15
49,14
42,25
19,25
15,9
17,9
50,23
18,9
8,13
12,8
47,23
36,9
17,28
12,10
45,15
43,11
48,16
4,10
18,19
29,13
7,18
22,17
26,2
17,13
32,11
49,4
20,24
28,8
14,24
45,22
31,23
4,5
34,14
32,15
11,29
8,5
45,15
22,4
31,10
3,9
46,23
25,18
37,24
44,30
27,15
3,18
19,23
26,23
0,24
23,17
20,24
48,30
0,7
18,29
25,25
7,30
31,22
19,30
42,28
31,30
11,24
10,19
16,3
9,25
40,29
49,23
25,11
11,18
12,4
30,3
28,25
40,3
23,11
12,14
31,17
2,15
4,1
5,1
3,6
18,6
35,24
49,12
47,22
4,21
34,11
7,13
34,27
9,3
35,18
38,3
10,9
12,16
34,2
24,5
49,15
23,25
42,7
31,10
42,22
7,14
6,20
22,12
50,22
11,18
36,25
10,29
31,29
14,12
46,21
32,18
38,25
37,28
10,14
2,28
12,15
46,6
3,12
40,18
43,1
16,18
35,4
29,17
28,11
1,2
24,18
25,7
2,20
5,4
34,16
36,23
20,20
21,11
4,23
29,4
45,9
45,9
5,13
39,30
41,27
11,5
46,19
35,27
17,21
31,17
15,13
16,30
14,13
7,10
23,26
14,11
0,1
9,8
45,13
32,6
1,10
18,4
21,18
49,20
2,7
15,23
12,22
44,15
38,9
33,21
5,26
39,21
6,10
39,24
18,30
8,19
50,21
5,24
42,16
16,5
17,8
15,4
42,11
4,16
38,12
31,27
22,15
8,22
50,10
2,1
33,26
38,5
27,24
7,26
4,22
50,28
46,6
25,14
10,26
48,30
10,7
39,8
46,17
18,30
27,16
21,8
27,3
0,18
1,30
47,25
42,30
22,5
30,5
17,16
16,14
48,6
24,4
18,22
6,10
23,26
36,17
48,18
10,17
31,2
45,20
29,14
12,5
42,20
45,30
49,15
39,4
23,22
8,23
37,9
32,16
25,30
36,29
2,7
5,3
47,21
37,14
19,26
35,18
6,18
32,13
23,26
1,25
42,14
1,24
45,15
14,22
48,22
34,24
6,3
38,20
43,5
47,28
11,5
9,25
12,8
1,6
36,29
17,18
32,7
33,10
25,24
45,1
3,15
18,10
1,8
37,26
38,9
40,20
26,19
19,6
34,2
8,22
4,8
5,6
37,27
16,23
12,10
3,18
40,26
23,8
25,15
16,30
4,15
29,15
30,13
37,9
10,11
27,5
14,24
10,27
17,20
37,21
18,2
9,15
32,11
40,11
26,23
50,19
40,3
15,9
39,28
37,25
33,29
50,2
47,9
15,20
6,22
43,3
31,20
4,7
39,5
7,13
50,3
14,27
25,10
37,6
44,24
33,5
17,17
50,22
37,22
33,6
23,5
17,23
27,13
11,26
18,16
47,16
16,24
8,24
42,27
41,4
14,28
28,30
19,13
32,10
17,13
39,22
18,15
36,21
31,8
29,17
7,16
35,5
7,4
11,14
25,20
29,14
8,16
41,20
46,2
19,4
44,19
26,29
4,24
1,13
27,19
43,17
27,15
2,21
22,29
20,19
17,29
33,12
36,27
9,27
32,29
34,4
22,9
32,30
12,7
28,26
43,5
11,21
31,30
44,26
28,2
22,27
25,28
38,8
27,16
7,17
19,7
36,22
17,4
48,20
46,18
36,7
15,26
20,1
26,12
13,3
1,18
30,25
48,22
9,30
37,17
50,20
24,8
19,18
21,27
9,7
46,12
23,15
10,29
35,4
12,5
39,4
16,6
10,28
3,26
16,26
44,5
7,20
38,23
22,21
42,12
25,2
40,24
20,1
28,18
32,28
47,21
4,7
10,6
33,17
20,30
4,15
10,3
44,16
43,21
49,27
25,6
20,12
4,16
35,29
18,23
24,8
9,29
49,7
16,6
48,13
34,14
36,18
22,22
16,1
15,18
14,15
18,11
13,16
32,24
8,29
28,29
26,17
48,2
4,21
17,24
22,6
2,26
49,10
4,17
6,19
0,22
47,3
38,29
12,18
18,28
32,13
33,8
15,4
13,12
20,5
25,26
14,10
36,7
20,30
40,19
3,23
50,28
48,2
34,7
36,27
6,26
8,24
34,2
11,13
23,10
37,29
11,24
4,13
40,30
20,22
38,1
26,15
36,2
12,27
24,19
33,20
37,15
44,15
25,28
46,16
8,16
35,15
10,20
30,13
14,10
14,4
25,29
44,3
4,12
22,7
5,9
48,11
41,30
35,28
18,14
6,25
32,1
39,16
40,19
39,3
31,18
40,2
39,8
3,7
27,23
25,18
33,28
27,5
41,10
5,12
28,16
46,28
9,6
25,15
9,4
25,19
42,6
12,25
38,2
25,5
12,6
42,3
45,21
4,13
49,29
26,5
10,20
50,15
11,5
27,1
22,16
6,22
1,19
7,3
7,2
41,13
24,26
41,14
28,29
50,11
16,9
11,24
15,24
7,10
24,18
3,9
19,28
12,4
33,30
2,5
28,28
43,5
23,25
5,24
38,4
0,19
33,16
17,17
49,4
24,30
13,10
27,30
12,25
12,26
34,30
33,17
36,14
6,2
33,26
2,19
33,8
27,9
18,11
38,16
36,27
1,20
47,24
34,19
49,3
34,20
27,16
49,9
24,19
49,5
45,4
25,26
47,21
38,2
12,4
34,29
36,22
9,25
42,16
38,30
20,7
8,14
10,24
4,6
44,11
40,4
29,19
18,8
4,6
2,5
37,19
50,9
42,24
35,26
31,24
12,8
3,11
28,13
29,9
6,13
47,14
44,11
34,4
12,16
43,14
6,16
44,5
29,14
17,27
45,30
42,5
33,14
10,25
29,18
34,19
46,7
10,15
14,23
29,11
35,1
16,6
31,23
2,3
27,29
42,2
50,9
13,8
47,25
44,1
49,20
50,27
37,28
28,16
14,15
47,21
48,30
45,10
12,24
21,1
18,29
25,3
37,19
30,13
18,20
50,2
15,9
45,30
18,27
47,13
50,16
34,1
28,14
16,23
2,8
45,16
25,10
7,2
39,8
24,11
17,21
16,13
9,12
37,30
36,7
16,18
47,30
11,18
43,29
42,29
15,18
18,30
2,7
18,23
21,2
1,3
36,5
10,4
42,9
45,9
47,26
5,4
38,10
43,14
14,9
4,2
33,4
19,17
8,6
42,20
12,12
21,30
49,3
10,15
38,3
6,15
50,10
38,27
16,19
49,28
9,26
33,9
22,13
20,30
10,17
17,4
40,17
0,16
10,5
31,12
31,18
3,7
30,7
3,30
28,27
3,13
34,12
46,5
37,18
15,15
7,3
18,14
15,3
17,10
13,9
10,6
4,27
39,22
46,4
25,21
15,23
10,15
11,23
36,17
34,20
50,7
23,20
6,16
2,5
30,13
5,20
7,28
25,24
0,20
37,29
4,24
7,13
43,26
44,3
17,16
32,3
28,22
0,29
16,16
27,23
28,5
29,13
8,10
50,5
17,13
7,21
47,13
32,26
20,18
9,9
23,3
1,22
14,22
45,7
48,4
27,6
0,25
28,11
9,2
34,16
0,20
7,24
9,5
7,5
42,7
36,18
21,11
45,26
2,29
28,19
33,6
40,18
6,18
8,26
26,4
10,6
12,11
23,16
40,28
23,14
20,16
38,20
8,26
25,1
13,3
48,13
29,28
35,1
24,14
7,21
25,12
21,7
35,18
25,1
12,25
45,24
47,22
49,29
25,1
50,24
26,23
19,8
16,26
33,9
4,6
45,24
1,22
0,8
50,14
22,12
30,27
25,10
6,29
30,18
15,10
1,19
3,10
50,13
17,17
13,2
23,2
11,10
26,20
37,18
6,21
21,7
11,15
49,13
20,13
31,4
47,9
46,5
16,3
24,1
29,14
28,28
44,4
37,10
43,8
18,1
8,12
32,19
39,20
3,7
13,7
23,25
48,4
9,7
2,8
20,5
14,7
0,10
22,1
19,2
1,1
5,15
7,15
26,15
25,24
30,14
23,3
14,30
23,30
26,6
50,27
1,12
48,19
48,22
38,25
32,13
39,18
48,10
4,29
37,24
49,7
32,25
41,17
6,24
37,11
28,14
25,6
16,24
40,22
22,14
1,29
19,10
7,30
17,22
16,2
15,9
33,18
35,22
50,26
3,13
7,15
16,6
31,2
3,29
3,15
18,21
47,5
27,6
15,18
1,26
45,25
41,18
47,1
41,17
6,14
46,28
35,17
33,4
43,26
13,19
50,27
34,5
38,28
29,22
12,29
6,16
35,23
6,23
36,7
8,27
29,30
45,3
