13,27
34,15
13,18
44,3
38,22
21,10
33,11
23,13
0,19
35,12
11,12
48,4
1,30
22,11
27,19
37,29
43,26
4,5
34,1
6,8
18,14
20,15
48,15
35,30
22,3
31,7
7,19
1,14
29,7
40,4
25,5
29,10
6,21
26,2
41,25
19,7
8,4
41,26
21,23
10,8
27,2
8,21
39,15
41,9
39,29
26,27
41,5
29,17
43,6
47,11
34,10
41,3
13,8
4,2
44,13
1,21
7,1
30,29
50,27
49,22
29,15
36,23
46,24
10,6
4,28
13,15
27,7
40,28
8,27
34,23
32,20
8,21
16,2
43,1
45,28
7,19
43,2
32,8
38,11
28,9
8,12
0,17
34,16
5,10
46,21
32,13
18,17
8,8
49,26
48,3
6,28
12,14
10,4
45,13
45,28
32,5
25,2
45,6
1,28
26,9
6,25
19,15
46,15
15,28
9,8
3,7
20,10
28,14
43,8
39,1
10,22
41,9
5,22
7,26
22,1
34,7
49,22
17,11
39,4
40,7
0,23
42,20
13,1
36,6
5,6
45,21
25,6
39,2
15,19
1,10
3,23
6,12
7,1
46,13
2,26
22,6
7,10
33,29
29,20
45,14
28,14
46,28
13,30
42,7
14,9
14,28
47,15
24,18
46,25
15,13
16,11
32,10
32,21
31,17
26,2
41,29
33,1
48,4
38,11
41,22
6,27
46,3
7,30
3,10
27,9
40,28
47,12
33,27
5,14
32,19
33,16
1,28
35,12
7,9
29,21
40,4
27,28
44,29
24,17
2,21
34,18
0,18
37,15
37,10
27,7
8,19
36,20
19,24
6,23
40,19
13,13
34,1
14,11
6,22
45,8
17,11
38,15
13,8
45,21
23,22
26,7
46,12
24,19
23,21
35,15
41,24
12,14
43,14
35,27
24,9
39,12
21,11
36,12
35,17
22,15
49,27
2,13
33,13
48,18
17,25
44,9
24,18
7,21
20,2
27,13
32,9
10,4
13,1
27,18
47,5
45,5
47,13
10,7
20,28
21,5
10,5
8,3
36,4
3,4
45,16
31,9
2,15
35,5
4,17
30,8
11,26
29,27
47,10
21,6
5,15
7,25
43,22
28,13
0,27
45,4
28,17
30,23
26,9
2,29
18,8
1,7
42,23
5,11
4,9
17,25
47,8
48,6
38,1
8,12
49,13
38,15
49,28
46,16
9,24
33,11
35,6
19,24
12,23
35,16
28,27
18,20
10,13
5,11
43,22
25,6
5,1
25,4
28,10
10,30
50,1
41,27
40,17
44,15
30,29
23,1
24,16
26,29
34,24
36,9
34,20
11,6
34,25
6,30
2,4
26,17
3,28
32,7
34,12
9,21
8,3
37,7
1,7
46,4
46,16
33,14
13,2
2,19
41,3
47,30
11,15
46,12
16,6
14,28
48,3
24,6
46,26
1,1
13,11
1,26
43,18
47,24
31,19
39,26
39,1
45,27
19,3
39,28
42,7
35,28
26,15
47,16
13,22
39,22
24,16
13,7
50,18
25,15
13,14
40,26
20,20
29,13
33,5
8,2
32,19
32,17
5,28
2,30
21,16
43,20
12,7
37,22
27,28
0,6
26,2
0,22
17,4
49,16
17,21
26,15
6,5
42,21
46,1
41,2
40,15
1,4
41,5
34,23
12,20
32,30
3,28
45,8
28,17
49,27
8,13
50,7
46,4
33,26
38,27
23,11
32,23
28,14
48,18
44,8
36,17
40,1
50,5
17,8
31,24
14,18
3,25
38,15
24,18
42,7
40,24
8,23
10,21
24,3
40,11
49,1
18,2
15,6
17,18
1,3
5,26
48,24
37,26
45,29
44,20
8,5
24,27
30,18
12,19
3,30
9,29
30,13
8,16
19,28
45,5
20,2
28,25
50,24
3,20
29,1
18,7
12,5
48,27
10,10
9,20
30,23
9,30
14,7
47,14
1,10
29,19
11,21
16,4
12,23
12,9
0,29
6,20
4,17
50,18
3,19
4,5
10,20
30,2
32,7
6,4
49,10
0,2
17,26
34,2
30,17
14,21
29,9
9,20
8,20
35,10
19,27
23,30
16,7
24,16
33,20
19,15
27,10
15,4
11,14
26,8
34,26
34,24
18,28
43,10
50,12
44,17
41,1
16,26
2,29
36,1
49,6
28,7
31,27
41,1
17,8
12,19
21,27
2,26
26,21
4,28
40,19
29,19
31,14
0,13
44,27
9,13
31,16
20,13
10,17
13,9
17,20
43,27
48,1
8,7
29,17
5,26
11,14
26,18
49,11
41,21
8,21
18,24
6,12
48,29
47,12
4,13
22,14
39,14
33,15
46,19
5,6
43,4
17,28
42,28
38,12
30,28
46,30
16,11
44,13
25,17
46,20
1,14
16,23
38,17
47,16
28,17
19,23
4,30
18,8
35,6
42,17
23,20
4,5
25,6
2,13
34,7
40,18
15,12
30,6
48,21
20,29
27,29
18,14
6,28
10,24
32,25
26,30
9,25
47,15
16,15
16,26
48,28
22,20
6,5
23,30
22,25
46,6
25,8
50,25
30,21
1,29
2,2
42,15
49,23
12,18
34,15
6,29
34,13
16,3
16,8
36,28
22,6
44,10
30,2
10,22
12,28
14,18
26,22
41,21
48,4
29,9
11,2
20,3
35,28
46,18
22,26
7,4
49,8
11,11
27,9
45,8
50,29
0,17
35,21
12,22
46,6
13,22
40,15
25,11
45,9
4,23
49,30
2,23
16,16
37,23
8,7
34,16
30,10
20,16
17,1
8,24
30,3
8,13
2,21
46,11
0,13
18,9
33,1
45,17
37,22
38,14
17,16
5,28
32,28
35,10
15,26
21,16
23,29
1,5
0,20
1,1
37,29
35,24
20,2
22,26
22,2
36,17
45,27
8,16
0,16
45,8
6,26
4,2
37,2
37,17
30,14
37,11
6,3
7,15
38,1
28,30
39,27
11,30
15,7
19,4
1,30
47,8
11,14
45,1
6,24
47,30
14,4
3,10
9,28
36,9
0,5
5,19
16,24
35,12
49,8
15,24
12,13
20,25
2,18
11,15
23,18
41,10
38,28
41,28
26,24
48,10
28,3
34,9
40,17
6,8
32,20
18,26
48,8
5,28
26,9
28,13
12,22
13,13
37,15
9,8
44,28
48,22
7,17
31,7
36,22
9,9
48,24
0,13
26,4
20,24
40,14
3,10
13,26
5,16
36,5
10,26
37,4
25,3
27,20
45,6
8,17
48,24
43,14
6,4
50,27
35,22
44,25
29,20
15,7
46,27
0,16
3,5
27,10
3,9
17,14
15,18
11,8
4,20
8,21
30,9
20,2
25,9
30,29
35,25
50,3
5,14
35,13
45,28
23,15
24,16
37,7
30,3
7,8
30,2
21,27
30,30
29,10
41,24
5,10
7,1
3,16
40,24
40,21
33,7
34,5
45,14
48,30
48,12
5,17
14,23
30,27
13,26
0,18
44,27
42,23
1,7
33,30
43,15
15,13
18,3
41,17
18,15
40,15
10,1
42,17
28,15
3,7
12,27
4,16
16,14
7,16
22,12
44,29
18,19
1,18
29,23
13,20
19,27
41,12
15,1
21,7
28,1
34,17
5,26
41,18
25,3
2,7
5,7
22,20
39,21
1,16
1,25
41,14
3,1
40,7
24,29
3,1
14,4
9,30
40,22
21,25
8,7
24,9
7,6
50,13
39,28
