8,19
28,29
44,2
35,10
18,22
43,9
3,14
40,4
23,11
37,29
39,3
48,7
42,21
0,13
48,12
37,25
10,28
4,8
17,6
27,8
0,12
33,8
6,6
14,9
40,15
12,20
37,27
24,18
36,13
30,3
23,13
20,16
36,7
26,22
31,20
38,24
22,24
10,27
1,10
0,16
21,24
46,4
49,21
50,12
48,21
10,29
10,26
36,26
39,28
3,21
17,18
6,20
4,29
12,5
26,26
5,6
28,9
39,30
3,12
20,15
26,26
46,14
3,15
17,29
42,2
38,18
42,6
49,27
16,3
11,2
38,10
45,8
39,28
42,9
46,10
15,13
25,10
13,9
46,24
34,11
0,4
40,1
39,16
19,4
11,19
45,1
44,24
1,4
41,24
18,14
5,29
20,28
28,17
29,20
47,5
39,29
40,9
37,7
43,10
18,12
5,2
29,10
33,7
37,20
18,11
34,7
18,6
50,23
46,4
43,16
22,1
20,1
34,25
26,28
19,1
46,21
5,11
9,13
6,7
3,22
31,1
23,11
41,3
3,3
20,24
9,24
28,25
40,16
11,19
50,22
20,12
50,22
21,11
9,21
36,12
30,10
42,24
6,1
45,14
1,11
36,7
0,18
28,1
13,15
35,4
50,29
15,11
44,12
47,28
25,18
42,15
40,26
1,15
21,17
44,26
38,9
13,26
22,29
18,10
18,18
50,30
2,7
35,20
12,26
44,2
18,9
40,1
35,9
48,30
43,12
4,15
39,14
11,14
48,29
21,30
25,15
47,27
20,26
32,5
49,18
14,28
24,16
43,15
19,29
28,13
7,1
39,8
27,21
31,9
31,14
22,24
21,27
30,12
47,17
3,25
24,25
32,10
3,15
12,12
0,8
8,4
47,1
44,22
37,16
39,26
22,27
5,16
1,12
13,21
45,15
32,27
32,6
35,26
22,24
46,15
34,13
35,10
34,1
49,11
21,15
14,21
35,2
40,9
12,15
20,14
30,1
38,1
11,8
22,24
0,4
49,29
2,23
8,25
5,22
50,1
16,22
0,19
22,29
5,8
17,11
44,27
37,13
38,6
28,22
5,25
28,1
39,11
40,5
16,29
39,1
46,9
1,23
3,28
45,29
17,20
45,18
7,13
47,17
21,6
19,10
10,11
20,20
45,25
16,10
49,21
15,14
22,13
34,12
40,1
3,14
13,9
15,20
12,3
32,21
30,11
13,1
21,18
0,21
37,21
32,19
16,23
46,2
1,30
46,19
38,14
18,26
36,21
3,28
0,28
39,2
50,3
34,1
11,20
0,14
40,20
27,24
44,13
4,22
38,8
7,28
45,5
40,21
0,14
4,30
16,7
33,25
44,19
41,18
31,15
46,28
11,9
10,29
47,23
42,17
17,26
48,24
16,1
29,9
43,17
29,1
31,17
41,12
30,2
3,3
29,17
37,16
3,30
6,11
9,24
1,3
32,30
39,18
25,30
7,16
49,19
33,15
8,20
1,11
11,7
24,11
28,9
10,25
35,5
24,25
40,17
28,11
50,6
29,8
17,23
48,19
31,17
38,26
0,5
3,28
0,13
29,8
35,4
2,5
5,5
8,21
4,9
44,26
41,21
10,19
24,12
34,15
39,24
6,17
13,6
42,23
1,26
13,2
18,17
18,28
20,1
3,10
33,4
20,15
5,1
25,28
41,8
1,24
4,24
7,12
50,17
47,11
34,22
20,25
29,9
16,27
10,5
2,9
31,30
39,27
19,16
9,11
19,17
6,12
10,2
42,21
32,8
31,6
30,8
47,20
43,6
3,19
40,14
2,4
11,27
43,26
22,19
23,21
38,26
7,21
16,20
32,9
8,30
21,10
1,26
0,6
49,28
37,19
22,19
36,19
26,20
12,19
25,3
2,14
49,12
28,16
9,18
43,18
35,30
41,24
15,21
27,10
50,26
50,13
33,10
20,3
41,16
11,9
50,5
16,14
50,14
26,23
47,19
49,8
47,26
43,28
15,30
6,7
47,3
6,16
40,14
50,19
25,18
38,6
28,19
38,18
16,19
0,5
23,25
38,29
27,21
45,2
39,21
6,21
31,11
30,28
37,8
22,14
4,17
27,10
13,20
4,25
42,19
8,1
24,10
19,20
30,8
41,6
39,20
27,8
31,8
34,30
44,20
2,22
21,1
9,1
6,5
42,1
44,28
45,6
49,5
26,12
1,18
5,23
35,22
2,30
15,13
47,8
40,21
25,28
21,24
3,6
2,12
28,27
22,18
4,29
22,8
1,3
28,25
21,29
17,16
46,25
35,12
13,7
43,15
46,25
20,30
38,20
4,30
39,17
50,14
15,2
49,25
9,25
43,18
8,15
45,3
34,19
16,15
36,10
23,18
20,29
45,19
22,5
1,18
40,12
4,19
17,30
20,9
13,30
49,25
14,29
38,13
39,12
13,1
36,4
0,1
39,30
28,11
7,13
29,3
39,23
3,29
11,22
5,29
32,3
42,21
18,6
43,12
18,17
47,29
32,13
35,16
27,23
19,3
32,21
43,3
21,10
27,11
47,22
12,30
5,15
36,23
22,30
5,4
23,17
39,29
43,14
37,26
13,29
46,21
42,28
35,24
13,2
33,10
35,22
29,21
26,4
17,26
47,25
39,13
49,19
33,24
21,1
12,8
22,21
0,20
5,19
2,8
41,12
28,20
31,29
22,8
44,15
39,12
29,13
32,4
29,4
10,1
23,9
10,2
47,18
22,8
46,20
45,14
25,11
45,14
25,3
38,13
42,10
34,30
18,23
4,4
40,29
5,4
1,6
0,11
2,14
13,15
41,5
25,5
43,19
47,30
11,8
20,27
21,18
47,23
50,4
25,25
39,20
25,30
38,27
47,22
14,20
40,29
30,12
39,20
11,30
26,18
3,1
7,13
48,8
37,20
2,14
31,27
21,4
33,10
21,14
10,15
41,29
8,3
13,23
11,16
15,25
37,11
15,9
49,5
38,1
27,17
18,25
33,20
17,21
29,21
1,8
32,18
26,18
13,18
14,17
8,3
4,29
50,25
8,19
42,25
5,9
12,30
25,19
37,2
40,16
36,7
19,14
1,26
26,2
27,28
11,23
40,11
7,6
14,15
36,13
29,3
11,11
36,30
21,5
24,1
6,29
17,5
0,13
17,7
39,30
21,9
24,12
34,5
38,5
33,28
8,27
47,15
21,10
38,2
20,24
28,25
32,6
46,29
17,18
16,5
2,26
21,2
4,7
42,22
38,30
27,15
41,21
38,7
23,12
4,16
40,19
21,14
15,19
19,12
4,20
35,7
7,27
41,24
9,16
16,28
6,9
8,30
13,16
5,18
21,4
46,6
8,29
3,13
3,29
40,22
11,6
50,24
35,13
31,3
32,6
14,21
27,12
15,15
34,10
15,10
11,4
48,26
9,24
28,30
2,4
48,10
48,8
26,8
50,16
49,9
29,26
25,22
13,14
35,1
28,13
39,25
27,1
44,15
20,17
17,29
1,25
20,6
42,24
0,5
12,21
43,3
7,9
30,1
8,7
11,27
9,17
31,27
45,5
13,3
26,12
24,29
41,11
49,28
42,8
37,28
21,6
36,2
12,10
27,28
43,29
41,12
15,15
44,18
30,8
41,28
20,10
30,25
25,29
43,27
31,14
15,14
45,24
49,7
19,16
0,9
17,23
16,22
13,19
9,17
42,4
35,16
43,23
18,23
46,3
27,14
23,7
11,8
23,14
40,14
10,2
29,1
