1,21
43,26
40,23
19,3
18,17
10,27
44,10
30,2
36,29
26,21
28,30
14,9
40,2
6,13
12,23
9,13
5,22
45,20
35,17
47,21
26,27
0,26
2,9
29,2
5,26
11,4
4,24
18,1
46,5
26,25
41,7
43,13
46,22
33,28
5,21
16,21
19,22
28,24
10,8
31,4
41,20
44,1
48,29
28,13
27,16
26,6
37,30
4,22
39,9
34,9
9,12
3,14
1,26
16,9
8,1
5,20
43,24
28,28
10,10
30,3
28,10
47,14
19,23
12,3
16,19
18,9
2,20
39,23
12,4
11,10
9,4
7,15
5,1
4,22
36,30
22,3
15,20
28,15
7,20
23,21
32,6
3,1
28,10
32,21
7,10
2,25
15,23
46,23
20,12
42,22
9,24
15,23
0,26
8,10
15,17
39,18
6,14
31,6
20,11
33,23
23,30
19,8
2,23
48,4
35,28
48,27
50,10
12,15
49,16
48,19
2,14
46,25
19,2
44,2
21,2
33,23
25,8
42,29
27,23
40,14
38,1
19,6
49,19
31,26
2,9
48,9
43,2
15,7
19,4
23,17
19,28
22,9
29,18
46,20
45,10
31,8
44,5
48,10
28,28
45,14
41,6
29,8
47,10
36,30
6,21
8,16
23,18
29,16
49,26
15,17
23,23
11,28
31,29
25,15
13,7
16,21
29,28
2,25
10,30
26,17
11,23
36,5
50,10
24,6
21,25
46,9
30,12
42,15
44,29
30,6
4,1
10,11
47,13
30,1
42,30
28,22
30,4
50,15
24,17
9,27
13,15
46,20
32,6
32,6
29,17
0,30
20,4
28,10
22,19
17,28
39,6
41,29
44,7
3,16
14,30
36,29
17,6
35,25
0,17
0,4
33,3
50,2
35,26
22,5
14,15
50,22
27,27
14,26
9,11
27,17
26,10
13,1
3,4
32,25
44,21
43,23
45,17
41,1
29,3
28,19
15,5
15,8
24,15
7,20
44,16
5,22
10,6
8,6
11,29
16,27
49,14
23,27
39,10
0,26
8,19
11,26
40,25
15,21
37,4
5,14
44,20
44,21
38,19
40,5
42,17
25,14
3,24
14,3
9,10
44,13
24,4
30,23
3,22
31,26
15,25
40,13
18,5
36,27
25,20
41,26
21,11
33,12
15,26
43,17
19,9
41,5
6,28
48,14
8,15
12,4
1,10
25,6
10,23
11,8
3,27
47,2
21,1
5,7
14,10
24,18
39,18
32,26
37,22
37,24
1,9
0,24
4,9
25,7
7,1
10,14
43,26
26,6
1,26
3,5
49,22
20,12
32,15
28,19
42,28
7,13
3,24
41,28
5,11
23,6
33,10
40,25
31,24
15,14
45,30
19,13
16,21
26,3
45,11
11,25
10,11
46,3
34,18
13,18
26,11
48,24
36,1
13,18
36,14
20,14
50,10
27,1
16,27
34,12
22,23
0,1
34,26
23,11
30,26
27,26
6,11
49,6
38,10
9,30
46,28
35,29
34,1
47,29
20,22
25,28
26,20
50,9
7,23
37,10
37,1
45,29
18,3
13,6
8,28
34,1
50,5
40,2
43,11
44,9
47,22
30,4
50,25
46,22
24,5
34,14
40,6
1,6
2,26
12,18
46,13
2,22
30,14
6,15
32,21
5,15
7,13
10,12
37,1
18,1
15,1
32,27
41,6
43,23
31,1
9,24
0,1
46,6
12,5
15,27
19,7
11,28
49,8
41,4
15,23
0,4
6,26
8,12
47,25
39,27
5,11
40,14
34,3
32,26
21,7
5,4
9,17
18,14
10,5
36,11
42,4
26,19
50,9
41,7
2,11
18,19
6,30
2,20
10,22
25,9
3,25
40,28
19,10
10,8
49,5
11,29
11,19
27,27
2,10
19,5
37,5
44,23
44,4
26,17
35,23
38,12
48,19
24,19
4,25
11,20
36,18
4,9
23,5
27,26
0,7
47,16
37,3
18,18
28,21
7,1
37,7
13,1
40,9
1,16
7,24
38,24
42,15
50,11
10,19
39,16
46,1
25,28
42,19
28,2
36,15
40,11
11,20
23,30
45,1
13,13
18,23
32,27
7,12
1,6
31,19
0,5
46,30
11,16
22,13
40,9
23,22
11,21
17,19
28,3
10,30
17,9
1,23
22,8
2,21
36,15
37,15
50,7
48,1
31,1
49,19
27,20
43,9
6,12
45,7
7,25
32,6
49,20
19,10
23,24
32,3
12,20
47,1
26,25
23,22
11,5
27,11
46,30
4,17
37,12
13,6
31,30
36,30
4,12
48,27
12,25
38,30
0,12
8,17
37,22
37,7
13,14
35,27
41,30
13,5
33,8
23,24
11,4
7,2
1,4
31,8
18,14
32,5
24,22
3,30
17,26
22,8
13,5
0,18
10,17
7,1
13,19
17,9
12,10
26,23
19,10
17,22
19,5
48,6
15,26
26,26
11,16
41,26
19,13
8,14
28,5
50,3
1,1
23,30
18,30
18,16
32,12
22,26
1,15
49,22
18,24
28,17
48,24
23,15
25,23
10,14
48,13
17,29
16,15
35,14
29,8
43,22
31,3
32,28
31,15
22,22
21,3
29,22
39,23
8,9
30,18
25,20
2,18
3,29
48,17
19,26
28,19
19,7
35,14
43,18
36,16
19,12
6,27
49,17
45,18
49,10
38,30
17,27
4,5
6,27
4,5
0,20
18,3
29,14
42,25
3,27
27,28
28,1
3,3
42,1
23,12
29,1
24,22
4,29
39,28
37,4
47,11
2,26
19,2
44,16
45,9
41,28
16,23
6,8
40,18
31,2
15,21
2,29
6,27
10,8
11,30
10,6
23,30
39,7
40,26
6,10
47,23
11,7
34,11
21,5
26,17
6,13
37,25
29,16
39,2
3,20
45,21
11,18
17,17
12,8
41,20
29,25
46,10
26,4
38,10
5,13
28,4
33,7
1,11
46,6
9,13
35,17
40,6
25,16
11,17
17,26
32,14
41,15
12,15
11,4
27,19
14,6
20,1
9,8
50,25
11,2
25,6
14,25
11,21
4,2
4,13
33,8
7,3
25,11
47,14
26,16
5,10
49,27
14,3
32,12
13,4
39,9
10,20
45,12
22,25
3,19
38,28
7,7
32,30
20,3
22,29
1,16
37,30
29,7
37,8
47,13
49,20
47,23
21,30
3,27
38,27
34,17
16,16
24,10
36,23
1,5
2,21
17,8
25,10
13,26
2,21
40,25
2,17
38,29
23,2
24,28
17,26
7,12
2,13
13,21
20,27
24,6
36,28
25,7
15,7
21,21
29,16
21,30
10,11
47,18
40,13
41,10
2,22
21,22
33,9
24,26
23,4
18,11
15,23
31,20
43,17
27,5
12,26
17,5
35,28
7,8
5,16
33,11
29,26
23,14
15,17
31,29
20,16
23,13
49,3
13,26
15,15
24,24
48,9
2,26
30,25
14,23
40,6
12,12
49,24
45,8
32,16
39,28
37,11
25,1
47,6
27,8
12,7
31,11
46,26
10,4
33,22
46,1
35,5
15,3
45,10
22,9
16,26
46,30
47,17
1,4
27,9
40,12
1,30
38,22
35,12
45,7
35,13
8,1
6,2
25,2
41,23
24,2
50,14
4,29
32,25
45,19
3,14
15,9
29,30
39,4
34,12
13,25
0,5
36,28
11,8
13,29
45,3
11,9
23,6
32,24
38,4
12,11
16,10
6,21
26,9
1,7
40,24
47,18
34,8
11,3
19,10
45,22
19,24
43,4
2,17
45,23
8,8
38,1
44,17
19,28
39,7
16,23
39,18
43,10
46,10
31,1
39,12
17,18
23,13
11,16
19,3
8,5
14,18
40,26
25,16
40,13
22,10
15,14
48,30
24,1
