18,26
3,3
14,30
41,3
18,30
49,2
36,17
2,29
26,2
44,13
14,15
43,13
14,14
5,16
20,18
3,20
46,29
2,16
47,16
4,27
33,15
39,27
19,13
6,7
21,17
9,3
7,11
48,5
20,3
0,14
36,7
15,8
48,24
50,15
45,11
20,17
47,10
3,27
21,29
29,16
48,15
20,9
21,11
33,15
39,21
49,2
17,19
42,18
11,28
11,29
34,22
13,6
41,24
21,30
49,13
30,4
32,14
11,23
23,23
31,18
47,10
25,1
22,6
44,15
20,12
6,20
23,6
8,9
37,14
29,2
31,21
1,7
8,7
31,29
48,13
12,27
45,8
12,29
9,9
24,9
50,13
21,11
32,7
12,25
30,29
30,22
3,23
13,19
27,1
20,20
35,12
12,3
25,14
45,5
49,29
43,17
34,22
10,8
8,4
44,26
34,26
25,21
17,28
30,10
32,23
33,10
4,24
2,15
17,19
0,22
47,21
39,19
31,21
11,10
4,18
41,23
5,26
11,28
2,5
18,27
27,30
33,5
27,12
40,5
31,5
41,9
0,8
27,28
32,6
21,7
4,19
9,13
15,21
16,30
31,18
44,6
9,29
40,7
30,13
31,26
26,11
30,29
36,10
42,21
44,9
18,17
46,24
34,26
30,29
9,14
42,1
45,8
27,3
39,10
38,22
50,24
6,6
37,13
24,26
16,21
46,21
18,11
49,28
20,26
12,17
2,10
6,5
28,8
29,5
26,29
41,16
38,8
33,11
21,7
15,11
29,21
5,26
37,17
47,16
11,26
24,20
9,20
35,2
6,1
3,10
13,21
45,24
35,26
14,30
30,26
19,23
0,14
36,24
43,25
17,15
24,29
23,10
14,7
50,5
2,8
8,8
16,27
4,16
7,11
23,16
28,21
19,21
45,30
25,27
1,5
20,23
9,25
49,12
35,24
26,15
33,23
6,6
35,1
15,4
10,8
13,22
5,17
19,24
29,21
45,6
36,21
49,1
11,12
40,4
41,15
50,11
47,20
46,20
48,15
30,30
36,18
47,11
36,19
1,30
24,24
31,19
30,1
31,16
5,24
46,11
20,10
25,17
28,6
16,12
44,26
43,23
33,7
29,12
2,4
47,23
2,22
7,15
34,15
0,20
50,26
37,25
33,28
29,7
31,22
35,28
37,25
11,20
43,3
41,15
0,21
29,28
23,30
11,27
5,7
7,29
8,18
8,26
10,6
42,9
14,2
45,18
8,30
47,4
32,13
37,19
13,26
23,10
21,11
21,16
18,13
19,5
24,8
34,21
46,14
8,19
28,20
40,12
44,24
40,7
48,11
47,1
29,5
14,22
39,16
39,25
37,8
5,29
14,19
20,4
12,17
12,15
44,17
38,8
1,3
48,3
11,2
15,16
46,1
13,23
28,15
49,12
29,10
23,22
23,2
45,13
27,4
15,3
43,24
8,3
6,4
8,27
10,7
9,22
28,4
10,28
2,9
43,4
20,24
47,22
48,8
10,29
8,7
41,22
8,5
22,14
42,28
7,25
25,27
2,24
35,27
36,14
45,8
8,6
32,1
21,15
35,28
38,6
13,25
20,25
12,6
35,1
28,28
24,4
9,1
7,5
15,23
21,30
30,11
42,17
34,2
7,20
9,28
26,13
41,23
33,7
0,3
50,2
28,4
17,4
32,16
22,18
29,26
19,24
50,20
0,2
24,29
22,19
50,19
7,26
39,22
40,26
9,26
15,19
16,6
34,25
36,27
42,16
21,10
6,9
39,20
3,8
17,8
3,14
22,5
26,6
19,1
37,27
34,19
35,30
46,20
3,28
40,9
15,9
4,30
39,23
15,20
11,5
46,23
50,21
20,15
50,12
31,26
32,28
43,30
36,4
9,24
29,15
40,17
7,8
44,26
37,23
43,2
9,14
14,28
40,12
17,15
7,24
43,8
4,7
37,18
20,30
23,12
10,19
15,23
40,10
1,15
49,23
21,2
25,29
43,4
25,17
31,8
39,10
48,28
16,13
31,27
48,20
9,19
22,28
9,11
44,11
41,10
26,5
40,11
45,12
0,26
13,7
28,1
3,16
46,20
0,14
8,17
33,19
10,3
21,17
42,9
39,2
27,30
6,1
22,17
29,12
3,17
9,23
48,21
9,23
30,17
37,5
39,25
21,30
27,7
44,28
13,5
5,25
20,23
39,3
26,7
29,18
34,11
0,22
1,14
36,23
13,28
6,12
49,29
47,14
48,13
17,26
24,21
38,19
20,6
0,24
2,24
1,22
9,19
18,10
29,24
39,5
6,28
17,27
26,30
5,23
21,20
14,27
24,6
37,20
20,10
27,19
19,30
49,6
35,10
35,12
38,18
38,24
27,7
11,1
10,17
31,4
23,16
47,8
26,9
18,25
12,20
21,6
30,30
33,17
6,5
31,3
40,5
26,10
32,20
33,10
6,21
9,8
23,8
39,15
36,14
1,13
28,7
30,21
2,6
27,25
4,20
8,3
7,13
49,9
19,26
16,6
10,25
38,29
4,6
36,2
43,3
49,19
7,12
12,8
33,15
35,18
50,8
46,27
11,14
7,3
44,12
50,11
15,10
16,9
31,21
12,20
21,10
15,16
8,29
13,20
5,17
45,12
21,15
40,23
34,27
7,8
24,12
46,26
22,23
9,23
2,28
9,28
0,15
47,18
31,6
47,21
48,5
9,21
23,9
6,20
4,11
29,11
27,11
2,20
23,12
43,4
14,1
35,24
35,30
34,28
21,27
23,18
30,1
3,11
43,9
28,17
26,21
48,9
19,28
20,16
28,14
31,21
28,13
23,4
35,24
39,2
16,4
30,16
7,28
6,9
34,7
7,12
25,9
5,11
30,19
36,18
10,3
32,29
27,21
33,5
6,6
36,3
29,19
16,12
11,26
28,30
33,27
1,11
5,2
41,28
42,5
14,7
39,27
9,6
17,27
9,5
20,29
49,25
37,23
24,19
30,19
45,13
33,4
13,24
0,10
49,28
32,10
24,24
43,4
12,29
25,28
48,17
33,28
14,11
38,27
23,5
45,10
26,28
41,26
21,13
14,25
16,6
33,7
31,23
21,21
25,30
34,1
42,9
27,20
43,30
29,30
47,13
2,21
14,23
29,20
45,7
3,2
2,24
35,30
17,16
50,27
38,19
10,29
3,2
17,18
39,1
32,2
49,22
14,19
22,28
8,7
17,23
18,2
44,11
17,4
42,13
11,8
45,24
50,16
47,22
6,18
14,6
4,17
21,12
40,16
24,14
33,21
34,25
28,9
6,7
2,19
5,4
32,7
48,24
31,5
15,25
18,1
13,22
48,25
12,23
27,1
44,7
4,29
48,12
9,14
17,18
42,5
26,29
37,6
26,30
37,12
36,17
4,23
19,17
40,2
37,1
6,13
19,4
50,28
30,21
16,17
25,12
24,16
24,6
27,18
50,13
34,20
4,6
41,5
43,25
24,2
5,1
47,21
42,25
42,1
0,2
33,1
35,28
5,24
40,15
31,20
16,7
3,22
30,10
2,30
49,15
30,4
15,29
9,21
3,20
46,5
4,29
18,25
35,2
0,11
2,29
38,16
20,2
19,14
19,13
1,13
19,14
13,16
22,8
9,20
2,9
31,1
46,19
39,26
14,26
43,10
20,8
38,22
43,22
0,1
35,4
35,10
40,27
48,20
13,26
26,2
32,21
5,21
17,10
2,27
21,18
33,20
38,7
47,4
1,9
9,2
19,6
18,28
12,1
2,7
31,21
29,6
21,16
44,24
1,18
18,9
32,26
39,27
37,15
26,19
11,4
23,24
19,17
37,9
29,30
13,10
36,24
33,30
30,18
21,17
20,16
42,4
37,7
37,17
16,14
7,10
27,3
22,14
0,13
8,16
50,30
19,6
6,14
7,7
50,26
19,12
26,26
44,21
46,10
33,10
50,6
