33,22
3,14
47,23
2,22
45,1
30,29
24,18
25,7
43,29
42,27
50,15
39,13
35,26
1,15
11,20
0,18
34,27
6,24
25,20
20,3
14,14
21,6
30,25
3,13
15,10
9,3
36,28
40,1
14,22
2,10
43,30
34,8
44,17
30,8
39,26
2,1
29,10
0,16
16,22
22,26
25,7
38,7
47,17
39,2
35,11
14,24
30,9
38,16
11,5
1,22
41,6
30,8
50,25
36,2
19,27
31,21
36,10
42,16
1,24
25,21
37,3
5,27
4,1
23,4
40,12
16,13
26,1
38,19
45,14
25,18
10,11
29,6
1,6
34,10
3,25
16,12
14,24
18,1
35,21
38,12
39,15
9,10
46,4
33,2
33,12
29,29
24,11
26,30
45,6
15,27
34,7
8,4
21,15
7,30
24,4
34,19
29,3
39,14
23,17
23,4
3,30
42,20
35,3
16,19
8,10
1,18
16,24
38,20
15,18
35,3
25,17
27,13
45,1
38,25
20,5
31,12
11,5
39,26
50,12
32,12
31,16
30,24
24,16
32,27
0,8
5,13
19,6
39,7
24,9
2,16
4,17
3,12
8,2
50,11
27,18
41,5
4,26
16,7
2,19
43,8
45,25
1,7
14,26
16,20
35,11
41,2
41,24
16,11
33,20
19,6
10,8
46,28
4,8
23,25
26,25
1,23
40,27
5,21
6,3
5,3
24,27
26,15
10,21
37,12
15,13
38,8
31,5
29,9
13,11
50,21
40,16
4,15
13,17
35,24
32,3
47,25
9,6
34,28
50,10
49,29
9,3
41,1
12,1
27,24
25,4
6,28
24,20
48,11
26,11
28,4
39,2
18,23
46,17
23,28
37,30
0,26
46,10
6,13
12,17
16,2
22,19
22,24
13,25
22,23
31,6
41,6
26,14
42,17
1,2
24,15
7,4
38,7
16,6
9,8
0,7
45,5
38,21
13,21
50,14
31,25
41,10
29,9
35,17
13,8
31,11
28,16
4,30
22,3
31,2
11,19
36,16
36,7
39,6
2,22
49,11
0,14
16,4
4,16
15,8
20,2
43,25
30,16
31,22
4,28
42,17
4,13
24,5
20,18
10,1
21,17
1,18
48,25
3,4
33,30
10,13
34,18
39,1
10,14
14,23
24,9
31,13
39,12
10,14
42,10
25,8
42,2
8,5
48,10
45,2
7,4
9,25
24,3
47,3
40,27
36,7
45,2
49,6
5,8
25,13
7,19
9,16
8,13
49,1
42,25
38,16
3,29
34,4
18,25
23,5
9,20
37,26
27,9
32,28
1,12
12,26
44,27
26,5
41,21
1,14
4,18
6,17
24,10
41,27
11,28
48,18
33,9
9,3
4,10
9,28
34,9
37,24
36,10
34,18
28,1
43,30
31,3
21,7
4,13
47,28
37,7
39,1
33,9
6,24
4,10
25,23
33,18
47,14
10,11
39,28
3,7
12,15
45,16
6,19
3,2
47,28
25,16
36,11
38,20
13,19
25,12
32,29
15,17
7,3
46,22
4,27
25,24
5,9
41,16
9,23
29,9
0,6
43,15
50,13
34,29
12,23
19,28
4,19
16,20
23,6
46,6
47,29
10,22
18,25
41,26
47,10
29,26
30,19
38,23
38,26
28,12
26,26
9,4
32,27
41,6
31,21
46,27
16,27
33,24
17,16
49,25
19,5
4,18
31,27
8,6
31,23
42,11
4,19
27,26
28,29
20,30
40,14
6,22
20,22
31,16
26,13
29,16
13,12
22,18
25,3
33,19
50,27
1,13
41,11
7,17
45,19
24,25
17,8
24,8
17,20
2,24
11,11
25,17
46,13
30,3
48,23
28,21
16,23
20,6
39,21
13,12
12,26
27,15
34,11
17,22
2,12
7,3
37,3
17,25
40,14
17,26
48,27
41,22
26,24
1,19
49,1
49,18
36,10
35,27
8,28
9,7
7,9
34,8
42,9
10,4
45,10
50,3
38,12
13,20
18,22
45,17
44,14
47,2
48,20
34,19
13,27
39,3
5,4
26,29
31,9
16,2
2,16
31,15
35,22
20,21
33,9
42,25
38,8
17,10
32,24
12,17
48,14
8,4
44,19
15,24
37,3
2,22
43,10
9,22
8,24
50,21
48,25
12,24
30,13
48,26
47,23
3,24
14,15
10,26
32,6
36,29
12,21
5,3
23,4
19,22
32,11
41,7
33,4
32,15
2,3
43,3
12,19
22,9
33,20
6,29
16,11
30,22
38,26
14,26
45,26
12,19
14,20
18,16
36,22
50,22
15,20
43,15
22,3
18,1
50,21
46,6
39,20
20,13
15,19
38,15
30,27
29,20
11,3
29,28
11,15
4,4
45,28
47,27
38,24
21,5
25,4
42,24
12,27
29,24
49,11
21,3
40,29
9,12
27,6
7,17
14,26
44,5
12,9
49,7
28,16
25,28
11,2
43,14
44,22
30,1
47,19
47,11
34,24
34,15
15,26
11,23
6,2
23,28
20,14
7,24
38,28
22,15
46,20
26,26
7,27
48,11
0,16
3,29
9,21
35,13
15,8
10,28
19,11
21,15
49,25
14,5
47,7
35,18
24,12
39,16
37,19
5,16
47,4
2,3
4,21
19,11
40,15
17,15
29,6
24,26
33,27
25,7
10,11
26,19
25,17
24,6
50,22
35,10
3,19
47,10
32,18
8,16
4,13
46,12
47,1
5,28
42,25
19,2
17,28
23,12
39,11
15,1
0,16
10,20
30,22
20,23
21,20
27,27
6,25
40,16
46,1
1,10
11,14
26,3
38,29
13,24
17,28
16,30
32,21
8,30
1,11
13,17
27,1
46,13
42,28
39,4
10,25
40,12
12,18
44,2
46,9
42,2
43,9
43,20
44,20
44,14
18,24
23,7
13,10
24,15
9,9
28,12
2,30
5,10
41,28
4,23
32,6
48,5
19,20
11,8
49,18
0,13
8,24
34,8
0,22
8,10
18,11
49,4
9,6
14,4
12,24
27,18
45,6
24,6
9,19
40,4
35,14
50,15
35,17
8,24
16,20
34,10
17,27
45,6
33,3
39,19
27,27
47,1
34,29
31,30
16,1
32,14
5,21
47,18
18,2
2,22
31,6
47,18
26,28
49,12
37,11
36,27
35,24
24,28
33,26
33,16
10,19
9,26
23,7
11,7
43,15
22,9
39,3
25,10
29,18
47,7
38,23
12,26
48,1
18,15
10,30
38,24
9,14
48,14
31,19
50,12
35,7
46,14
49,15
32,26
28,21
17,28
42,24
8,27
8,4
36,30
39,23
21,9
12,23
35,20
21,26
18,3
49,4
39,27
39,3
4,15
27,27
50,14
48,25
7,23
2,10
16,19
32,20
14,4
7,18
19,5
31,21
14,7
20,20
18,18
0,24
23,25
18,23
40,21
34,30
10,2
23,11
44,17
24,8
38,12
24,8
36,24
37,12
41,3
25,5
25,9
16,24
9,30
43,17
37,28
17,28
15,6
3,24
42,8
28,17
38,28
29,10
26,21
21,27
47,26
7,5
17,18
45,30
19,14
48,11
49,16
24,4
38,4
50,21
50,5
10,29
2,2
35,19
14,10
47,22
0,4
27,22
30,20
6,1
17,15
38,8
38,14
1,30
1,18
5,3
50,11
12,9
33,8
13,4
22,18
21,6
35,17
38,11
23,7
15,9
26,18
40,22
18,5
46,2
30,2
0,22
1,29
22,19
44,29
36,21
34,20
12,13
39,2
27,19
8,1
39,29
22,26
22,14
17,3
42,2
14,3
18,9
21,23
5,16
3,9
3,9
3,29
44,14
20,27
8,6
50,2
43,23
39,20
48,21
16,7
35,18
34,18
36,25
44,15
25,2
7,25
30,30
4,25
6,25
5,6
14,17
10,9
27,23
4,6
37,1
9,21
44,16
43,28
34,16
16,9
5,3
22,9
4,15
9,12
23,23
1,28
48,2
17,25
27,24
