12,2
24,9
9,29
6,27
25,22
20,28
16,17
9,4
50,1
21,10
22,22
43,14
12,19
7,23
8,18
8,8
48,19
8,22
29,4
23,16
22,4
41,5
41,14
39,3
46,18
9,15
48,10
18,18
43,9
48,23
50,8
8,2
24,24
37,3
14,16
48,30
27,24
2,6
22,9
35,20
42,11
43,23
1,13
8,24
27,22
35,4
32,18
12,16
6,2
32,27
0,6
31,4
19,14
34,10
33,5
28,6
12,30
25,6
20,21
6,5
29,17
17,5
11,26
24,15
4,20
13,14
14,1
30,26
4,11
49,26
20,5
9,3
13,10
15,21
2,4
3,16
6,6
13,12
10,8
36,21
47,12
6,22
18,11
45,5
12,30
12,17
22,16
35,3
17,28
33,21
29,10
28,12
28,9
13,1
4,1
43,19
13,10
14,5
50,19
44,18
20,12
13,14
41,7
39,6
17,12
21,20
4,6
50,22
8,9
42,8
47,17
3,4
22,27
26,11
3,26
8,10
39,4
44,30
5,14
29,28
12,5
14,27
24,9
18,5
8,19
50,28
26,28
2,9
17,10
42,25
4,3
24,28
46,1
47,1
24,18
19,19
12,10
47,8
5,1
14,24
26,10
12,10
6,24
24,21
2,11
43,24
34,21
27,23
11,8
4,1
43,21
38,18
20,9
9,24
35,3
43,29
46,1
27,18
8,2
46,18
8,26
11,23
7,7
43,7
31,12
9,9
11,3
15,3
18,23
24,27
7,2
2,15
39,27
6,24
11,6
36,2
18,21
35,15
20,20
46,28
34,20
28,27
33,24
0,9
29,27
39,9
32,15
20,20
25,10
33,2
3,20
26,2
3,20
8,27
47,26
36,10
29,12
48,15
42,23
21,26
28,2
50,26
49,6
13,21
45,12
22,28
6,3
50,13
26,5
12,13
47,8
50,2
44,10
7,8
35,4
4,29
24,2
37,26
49,16
16,19
6,26
5,18
24,8
0,7
10,2
12,28
25,9
46,27
26,16
5,8
33,11
29,5
0,15
38,25
8,28
6,10
24,4
14,7
18,16
49,21
16,6
20,11
11,16
25,28
4,29
49,15
5,22
36,14
22,21
14,14
45,18
32,15
28,16
43,23
20,5
8,28
1,5
25,8
21,18
44,11
44,8
41,26
16,3
11,26
21,15
1,20
34,22
13,27
49,19
28,22
1,25
1,6
33,1
20,11
37,3
30,16
16,4
46,26
25,11
38,17
15,6
10,26
6,14
13,16
15,11
37,11
44,13
16,29
38,4
29,21
19,11
49,21
38,9
38,25
13,20
33,9
14,2
43,16
20,15
19,25
3,5
23,28
49,21
23,28
38,8
34,11
29,21
2,29
19,28
12,14
5,15
50,8
36,30
21,7
47,14
14,27
10,20
9,27
17,10
1,22
42,8
32,19
22,12
40,6
28,14
5,6
36,20
28,17
38,20
5,2
20,10
9,12
26,16
13,20
16,12
32,20
16,13
21,26
0,25
19,10
16,8
33,22
41,9
45,26
28,9
50,11
34,2
12,17
36,5
34,14
32,6
24,29
5,11
19,17
23,11
19,27
10,3
27,24
43,24
6,17
15,7
34,22
27,25
43,20
50,24
39,1
14,20
48,10
40,2
47,21
46,24
4,12
23,2
47,10
43,15
20,26
7,9
0,29
4,20
30,7
13,8
0,14
45,20
6,3
45,27
17,8
34,2
36,7
50,15
3,19
7,4
21,28
3,7
6,6
1,9
43,9
47,14
9,20
17,5
41,30
16,1
46,26
14,4
3,18
4,28
5,6
32,28
32,13
49,18
33,23
43,23
42,15
20,16
40,27
26,14
42,12
24,26
9,5
8,28
41,30
32,4
19,13
37,5
10,14
35,29
47,1
7,8
0,20
34,3
46,29
0,24
32,19
30,1
29,6
8,15
14,6
35,18
22,6
15,22
15,14
7,19
41,5
16,1
13,10
33,20
18,19
16,8
45,14
16,6
31,24
21,15
2,27
46,29
32,4
49,15
37,8
37,15
3,2
19,26
30,23
42,25
38,13
17,14
43,24
27,27
43,13
9,2
49,26
35,19
43,14
19,20
45,14
48,12
13,18
44,24
43,4
4,18
38,26
5,22
28,13
23,24
11,8
41,3
2,24
7,16
31,15
0,18
31,30
44,17
40,30
20,19
20,2
40,15
7,20
23,21
10,25
30,6
6,30
7,6
9,11
41,3
31,25
37,17
43,17
15,19
5,15
23,9
8,2
15,16
48,9
9,28
28,12
13,3
44,9
40,30
9,9
14,4
13,17
14,4
12,16
22,9
33,3
18,13
47,26
27,20
50,6
25,6
21,2
2,28
2,9
26,20
48,10
31,28
50,26
2,30
28,28
41,14
27,25
2,11
22,20
47,13
46,1
3,17
16,9
37,12
24,9
20,5
45,25
10,12
29,12
9,8
21,23
28,2
42,27
18,18
28,20
1,13
14,10
44,25
27,1
34,30
47,12
40,24
41,21
2,3
50,18
3,5
7,26
13,11
49,26
5,30
30,26
5,24
0,6
36,29
32,19
32,4
14,17
34,22
15,28
34,2
16,5
26,28
30,17
9,16
45,28
27,27
37,12
44,24
9,22
9,19
46,7
0,11
32,26
33,5
1,2
3,19
24,22
37,18
28,1
4,28
44,12
49,30
40,4
13,11
35,27
6,4
9,18
17,8
9,5
42,15
33,3
38,25
13,9
45,2
15,23
3,22
40,27
32,30
45,20
18,14
13,22
6,15
10,12
12,5
1,4
12,2
50,16
29,6
46,24
2,24
13,16
6,30
5,11
17,27
16,25
34,18
36,29
41,27
21,26
7,29
29,23
23,27
46,27
31,11
42,22
2,21
12,24
45,19
33,7
7,25
5,17
34,3
38,8
47,1
2,25
6,19
49,17
1,14
33,20
44,17
14,12
44,1
14,10
8,23
10,24
41,11
31,5
12,5
0,17
20,5
41,16
15,25
9,9
4,4
44,28
39,15
18,28
47,19
37,21
13,6
16,16
43,9
13,29
45,14
8,12
4,29
36,25
9,7
8,23
4,10
5,10
2,29
26,21
22,14
19,30
3,3
4,28
46,6
46,17
39,4
3,9
23,16
18,29
12,26
41,6
7,11
34,8
49,13
1,3
21,18
30,14
45,20
7,8
26,16
40,28
16,25
45,10
43,5
25,12
46,2
49,7
19,1
27,21
10,2
39,11
39,21
14,26
27,26
2,29
26,8
38,5
30,23
9,15
34,20
30,25
27,5
34,16
6,28
23,16
34,20
29,23
33,10
50,16
20,25
33,30
41,14
36,29
38,23
33,5
46,23
2,19
34,23
0,27
39,6
45,14
5,24
46,23
49,29
49,20
27,26
32,5
40,12
18,3
37,30
4,27
0,10
46,25
19,1
39,18
2,10
38,5
9,4
9,1
34,5
2,28
47,8
23,20
17,8
18,22
50,17
3,28
25,20
46,21
22,30
17,26
49,23
13,29
24,24
18,9
1,25
14,5
25,13
5,2
20,22
46,27
39,16
23,21
39,26
48,10
16,20
40,30
50,29
35,26
24,22
38,11
44,29
23,5
42,4
41,4
14,3
26,27
20,27
27,19
29,25
14,8
15,24
29,7
11,27
26,25
29,10
45,15
5,30
9,9
23,28
29,2
14,16
10,24
10,23
49,16
45,11
5,8
8,6
6,27
8,16
46,16
6,18
16,15
20,9
10,14
14,9
41,27
30,14
12,6
25,29
9,16
10,18
48,6
30,8
27,13
4,25
0,29
31,20
21,12
45,15
1,29
28,6
50,29
28,18
9,5
33,20
24,26
23,18
30,29
34,6
46,6
16,14
11,4
2,2
38,1
26,12
5,6
29,28
4,27
1,12
42,29
2,3
20,21
46,27
19,17
12,5
31,5
14,7
44,14
27,15
27,3
46,30
43,2
13,5
43,3
10,1
20,14
2,7
16,20
43,29
36,14
19,12
24,7
46,27
44,29
5,10
20,18
6,5
33,5
0,4
47,8
12,5
15,15
19,29
45,9
1,12
17,3
23,6
27,26
33,10
18,23
45,17
44,27
6,8
1,19
19,21
20,25
36,18
9,28
11,4
7,2
1,28
43,28
42,28
50,2
1,27
48,11
28,4
29,11
14,5
42,21
34,11
37,16
24,26
41,9
5,27
28,15
11,1
35,27
27,14
0,14
6,27
13,2
27,7
24,3
42,2
28,14
7,6
22,2
15,17
7,28
33,5
36,13
44,24
17,1
19,4
9,8
32,11
12,25
35,9
2,25
17,3
44,21
32,18
3,25
20,7
44,26
39,17
49,4
23,17
25,10
21,20
18,12
14,21
35,10
34,16
11,20
12,22
26,4
45,27
47,25
15,8
22,20
22,27
26,25
17,29
27,6
19,1
1,15
30,22
25,6
43,21
29,20
26,26
42,15
24,11
7,27
8,29
33,15
30,20
47,5
20,12
49,28
44,26
1,20
41,30
44,3
5,19
24,4
50,13
17,14
38,16
4,18
48,12
17,6
12,11
13,12
15,6
21,8
9,17
14,4
40,20
33,29
1,23
31,29
27,2
13,8
37,7
20,25
41,26
9,20
6,18
24,4
36,6
24,1
7,19
34,24
44,1
27,11
34,4
24,26
30,20
17,3
45,1
45,22
24,28
25,8
19,13
2,3
48,12
22,15
27,25
45,15
28,3
9,6
8,3
30,8
0,20
4,11
23,19
10,14
22,25
40,15
17,18
10,10
19,29
50,25
23,1
48,27
15,8
28,23
42,2
7,12
39,13
6,1
29,8
21,12
8,2
11,28
45,28
47,25
22,15
43,25
30,30
46,27
40,28
20,9
31,5
28,13
13,30
10,18
3,9
42,26
9,4
10,6
16,1
46,9
17,12
9,8
9,8
7,24
32,26
42,29
20,16
45,21
12,28
29,5
28,28
41,1
41,20
11,11
1,21
0,22
36,2
22,4
18,23
26,21
17,7
5,11
24,15
43,28
35,29
38,3
27,4
50,30
1,24
47,28
21,12
36,7
7,25
7,18
18,28
14,29
2,26
49,29
10,15
6,13
1,7
8,13
29,25
18,29
45,26
46,20
46,4
9,10
28,29
5,12
48,3
33,8
33,26
36,29
13,9
27,23
39,24
10,14
46,4
31,26
7,2
37,16
1,3
8,10
46,20
32,6
30,22
16,20
22,21
40,6
36,20
28,12
39,18
4,10
47,6
47,29
4,15
2,26
49,24
49,6
39,17
38,18
29,21
14,26
24,22
0,9
38,6
32,4
39,14
18,13
10,2
23,10
38,30
7,1
50,21
42,21
45,26
20,1
11,17
10,28
9,11
32,22
2,3
21,18
26,20
1,14
45,3
44,8
27,6
16,3
43,30
36,12
5,22
5,21
45,14
9,3
24,19
40,20
5,26
16,4
39,29
25,24
18,14
49,28
16,9
4,2
11,25
31,28
19,24
1,3
41,23
33,28
1,17
42,18
4,19
34,19
44,13
4,21
7,26
28,8
46,13
45,6
42,6
7,18
18,17
44,11
13,6
6,13
46,24
29,25
35,20
44,14
24,19
25,21
19,12
35,16
26,17
0,9
2,25
35,8
50,2
15,9
9,25
12,28
43,26
7,2
19,18
33,3
8,19
18,15
6,10
14,24
42,28
7,28
35,15
41,11
5,10
49,27
49,17
29,3
36,25
24,19
33,12
44,8
43,24
44,5
0,9
37,24
20,4
22,6
48,13
33,11
11,16
21,23
18,7
13,5
33,17
9,8
50,11
9,6
19,1
23,8
6,10
50,22
26,8
9,15
0,16
31,11
4,4
45,29
12,10
29,3
5,20
39,10
41,30
37,26
28,21
3,15
15,26
10,17
35,12
2,9
9,12
17,7
35,29
34,24
45,12
5,24
37,27
40,10
36,22
14,12
3,27
37,14
29,17
34,18
49,28
48,11
48,10
14,4
21,21
2,2
40,11
48,20
14,16
45,9
42,26
2,29
43,11
18,4
7,1
10,12
19,23
40,1
13,17
45,26
23,28
25,6
21,18
49,29
9,3
14,29
18,25
19,19
22,20
21,8
38,22
37,26
7,26
39,12
15,3
37,22
44,6
3,6
41,10
12,11
25,21
38,12
48,14
15,23
14,28
6,1
4,26
27,15
11,4
19,9
25,29
38,28
17,1
19,14
8,14
32,12
45,22
47,9
16,28
33,18
23,15
0,29
50,21
32,28
7,12
4,10
40,17
19,1
15,1
44,13
18,20
34,17
10,24
5,22
16,12
2,29
6,21
22,7
1,8
40,12
10,19
31,1
20,15
30,1
25,2
25,21
22,27
23,11
6,19
29,5
41,11
6,26
11,12
31,8
21,23
11,13
34,24
45,28
43,8
15,17
13,20
30,6
2,14
6,20
6,20
27,29
12,23
46,19
34,3
17,20
11,27
5,2
44,24
15,18
26,19
3,20
32,2
40,20
23,30
43,1
10,22
41,24
26,28
37,10
1,12
4,8
41,11
16,16
23,5
34,11
44,3
40,2
34,27
38,6
48,28
28,6
43,10
39,18
23,11
32,2
20,6
38,11
10,15
41,23
3,13
30,26
28,24
6,28
21,17
13,7
22,24
1,21
22,30
14,21
23,28
17,6
5,27
2,9
50,10
34,19
6,28
38,21
17,3
47,24
29,13
42,1
32,28
37,8
24,17
28,18
42,5
50,13
26,20
1,18
50,8
33,17
33,30
6,9
6,27
24,4
10,30
33,10
12,27
24,22
2,5
38,7
23,20
14,25
24,12
3,19
1,21
19,2
39,20
45,23
26,20
27,7
21,16
8,25
43,15
14,25
27,30
30,23
36,22
17,3
14,29
14,9
33,3
9,16
11,12
2,8
46,18
31,29
46,1
13,22
1,3
48,29
40,5
50,4
41,27
33,11
14,6
50,16
46,10
5,4
11,7
6,29
42,6
28,17
3,22
24,15
34,8
9,22
17,3
19,21
22,21
36,6
26,17
20,30
50,18
0,24
12,25
26,1
0,6
36,4
36,25
40,13
5,20
7,1
27,20
36,24
44,9
7,29
22,4
31,16
8,25
8,17
27,8
5,12
36,10
47,18
49,3
11,20
36,5
22,4
7,19
14,2
32,11
23,12
1,20
8,7
21,10
1,30
37,26
29,6
11,30
10,15
31,12
11,11
29,22
49,24
14,3
12,24
28,12
4,22
33,10
1,20
46,11
26,7
3,18
24,5
9,14
4,3
0,21
29,13
10,4
16,15
11,28
49,12
28,23
46,1
5,15
39,18
14,10
6,28
41,21
7,21
27,28
15,2
10,11
13,10
27,9
45,9
19,19
34,30
37,19
0,13
12,4
34,25
27,22
28,25
39,14
48,1
29,27
35,24
18,20
25,26
23,14
35,25
30,10
39,17
45,12
42,23
33,8
14,5
27,19
9,21
27,17
30,11
3,4
7,19
47,25
42,21
2,7
38,18
2,23
1,1
32,8
1,12
1,21
46,16
16,7
30,5
14,22
29,20
22,11
35,18
45,21
24,13
41,24
27,21
14,19
35,1
34,15
33,16
47,6
21,9
5,27
17,8
43,3
18,12
0,11
13,3
30,25
7,10
38,20
19,11
22,14
32,2
32,5
49,1
23,5
17,11
8,30
44,7
35,22
37,22
29,29
41,2
22,4
2,26
50,11
44,16
46,6
38,28
36,25
50,1
48,14
16,3
39,7
6,19
32,3
28,3
44,22
5,9
42,7
22,27
45,6
8,21
38,1
41,27
28,11
15,10
3,27
40,10
43,24
20,29
13,29
2,27
40,7
32,19
24,23
22,22
38,29
8,30
36,11
29,19
34,1
8,20
5,12
26,25
32,30
43,5
47,30
12,19
36,3
38,17
11,27
7,13
1,11
40,20
33,15
2,23
31,28
44,26
18,5
16,9
19,15
15,29
29,9
12,20
50,5
40,19
8,1
13,22
16,8
48,3
36,28
33,3
30,16
46,26
46,3
10,9
35,5
12,9
11,19
44,18
30,7
38,14
38,11
9,14
47,8
36,2
40,11
44,23
42,29
48,6
6,14
40,19
6,6
19,22
8,14
31,27
16,25
8,2
37,23
35,4
9,25
45,13
0,5
7,16
8,30
4,14
17,27
27,15
32,4
7,8
8,24
50,15
31,26
48,21
46,17
3,23
7,25
19,21
10,18
4,25
40,15
10,4
20,8
28,21
48,1
50,11
34,25
34,15
40,23
2,10
49,6
27,18
10,4
50,8
10,13
1,11
31,5
11,11
44,3
41,29
28,15
30,11
10,21
21,26
49,15
34,9
25,12
28,8
43,13
21,18
48,26
24,7
42,3
46,13
34,28
43,8
7,12
5,2
48,27
10,3
40,16
7,17
15,6
35,14
6,19
26,1
39,22
32,24
12,26
6,16
21,15
38,28
20,8
42,26
29,11
33,9
8,18
36,28
46,24
40,27
4,10
13,23
0,29
4,3
44,27
26,3
29,14
3,23
29,3
48,9
17,5
21,6
46,18
50,17
47,28
11,2
35,19
32,11
20,27
6,2
23,8
46,28
22,4
15,9
40,9
6,27
4,8
6,26
35,14
35,25
24,10
31,30
1,3
39,10
48,20
42,30
1,14
19,7
17,20
1,22
41,12
1,2
4,13
32,16
47,11
28,5
17,6
17,17
32,19
36,11
5,20
41,12
18,2
38,28
0,11
7,23
6,29
8,3
41,7
27,3
5,15
39,22
32,21
24,20
33,17
37,15
43,30
7,25
16,13
38,22
12,7
27,14
1,20
28,27
4,4
10,3
25,7
40,22
10,10
45,13
41,3
48,29
23,4
14,28
25,29
47,5
47,24
21,9
49,10
25,21
13,1
20,7
49,2
17,15
37,16
34,22
31,26
15,5
28,10
28,27
32,26
27,3
0,12
28,3
3,12
11,8
29,11
49,21
0,28
31,21
40,17
43,25
5,4
8,22
43,27
39,22
43,18
21,16
38,9
44,29
13,16
1,29
17,23
10,30
0,23
41,17
5,19
46,25
28,12
21,23
47,7
16,1
23,12
39,20
23,2
23,22
30,7
11,28
41,15
48,7
12,12
4,12
19,10
6,6
46,25
11,5
4,19
28,16
39,17
45,8
46,20
41,8
49,22
1,26
44,8
24,1
26,9
29,2
25,8
1,4
29,18
14,14
38,21
31,12
25,24
49,28
38,20
46,8
27,19
21,23
20,30
10,22
29,7
41,3
46,2
4,26
10,29
26,23
23,8
42,9
10,1
34,23
50,13
19,4
23,14
3,20
45,29
22,5
43,21
3,11
28,15
22,4
45,8
42,3
11,12
30,24
48,2
7,26
46,25
30,16
3,12
19,22
4,14
26,1
24,1
35,11
40,26
46,3
38,7
7,29
8,16
6,1
4,7
36,19
8,4
13,8
18,27
38,2
19,18
41,14
39,13
33,29
45,23
4,3
31,30
24,10
3,22
20,6
14,21
9,17
32,10
32,28
29,1
17,9
44,12
30,14
48,6
6,29
36,20
1,13
29,25
34,6
27,17
27,11
8,13
47,23
30,2
26,1
4,23
30,18
37,25
30,5
43,7
29,18
16,17
31,8
47,22
40,7
3,3
44,6
46,20
20,29
26,6
32,25
47,22
40,10
50,24
39,27
16,23
38,4
30,7
34,2
45,23
39,16
39,26
10,15
39,8
25,5
8,16
6,19
17,25
46,6
10,8
34,3
3,15
39,23
4,18
26,10
15,29
28,2
25,3
19,15
25,11
29,21
23,16
36,21
14,1
12,7
22,22
45,7
12,2
32,26
43,27
19,14
26,8
29,26
28,8
17,10
9,8
37,15
50,23
42,1
20,6
18,15
29,22
30,21
49,30
15,30
21,17
9,8
18,4
1,18
22,12
35,15
32,15
29,19
40,9
2,12
38,13
1,7
10,18
47,6
21,2
31,9
37,27
34,2
39,28
35,18
35,20
18,18
23,28
37,3
6,13
21,27
37,22
18,16
38,6
17,27
10,22
36,26
10,13
28,22
37,7
26,20
30,11
8,12
6,15
46,29
39,5
25,6
10,25
40,16
2,6
47,26
0,22
37,10
45,7
49,20
39,12
45,23
40,8
36,1
33,18
6,16
49,15
21,11
4,8
36,7
3,14
32,21
49,4
38,3
44,25
1,12
28,4
14,1
37,24
27,17
50,15
28,12
26,22
46,4
50,3
1,27
11,9
39,16
48,23
33,14
8,28
30,23
34,14
45,1
47,6
11,10
10,14
2,13
8,8
16,20
19,17
34,4
6,16
28,6
25,4
47,20
33,16
26,28
46,9
32,1
13,28
19,12
15,8
46,22
4,21
28,14
47,4
3,11
5,2
43,13
30,10
5,19
3,29
30,3
33,14
20,5
14,24
35,8
46,16
19,3
14,16
13,27
10,8
42,7
31,17
3,13
20,12
8,20
20,2
23,20
10,23
3,7
38,15
46,16
6,5
37,30
1,13
13,24
25,3
37,29
34,10
18,4
37,17
10,9
30,24
46,3
31,6
37,17
24,18
24,22
30,30
42,6
27,11
13,1
24,8
8,8
4,22
4,28
46,14
41,19
45,13
41,12
3,19
33,24
35,25
24,29
49,23
37,25
36,25
32,19
48,26
10,21
36,21
6,9
36,18
38,9
10,10
1,2
27,5
27,5
17,10
27,5
44,26
43,24
35,10
49,21
45,19
2,26
19,23
42,30
5,11
4,14
50,4
43,25
14,14
20,22
45,5
12,30
39,29
49,18
48,8
39,17
16,20
17,18
40,15
49,23
19,2
0,13
47,22
43,2
13,20
41,7
37,3
20,29
26,12
44,21
23,18
41,9
49,1
33,25
34,24
42,12
24,26
37,16
43,3
15,20
46,27
5,23
3,10
26,30
27,9
23,29
47,15
33,25
15,16
15,15
7,15
47,29
18,18
5,6
32,23
18,22
47,4
31,25
16,13
47,8
43,3
0,9
0,8
28,6
34,15
39,27
28,29
40,27
22,9
4,18
19,23
24,30
19,14
10,1
34,28
19,20
5,4
31,19
30,13
6,23
37,2
42,24
5,6
35,10
47,18
4,15
13,1
26,11
37,27
8,12
32,2
37,16
0,17
0,19
23,28
43,16
14,2
31,28
0,23
2,29
27,10
22,7
49,23
33,7
0,9
35,30
41,26
39,8
33,14
49,12
25,16
31,23
41,17
11,22
0,11
3,11
21,20
8,28
20,10
44,25
50,2
46,13
20,29
16,13
36,15
28,1
22,2
5,11
1,3
14,20
25,7
47,9
21,5
40,15
43,10
39,29
41,14
12,2
18,5
44,2
33,18
21,4
28,20
23,13
23,26
34,21
2,21
36,11
6,8
14,3
25,12
25,22
5,24
30,20
33,3
1,27
0,28
19,3
7,16
9,25
12,26
44,8
42,25
10,21
22,14
9,10
14,5
27,27
35,29
42,30
41,19
12,6
49,27
46,23
30,17
31,19
0,10
45,19
19,13
24,8
44,15
49,27
16,11
14,14
50,17
34,13
34,5
30,29
10,27
21,5
36,12
19,13
24,26
34,2
37,19
31,26
34,27
44,5
11,21
22,25
25,16
19,26
21,24
37,8
11,26
49,12
27,15
31,9
12,5
12,19
40,4
7,1
37,15
7,9
13,1
25,11
21,2
14,22
45,29
42,24
40,18
8,23
38,2
42,22
0,22
42,1
14,18
8,11
24,26
50,2
5,19
22,22
20,9
8,18
31,8
1,5
30,12
19,17
14,7
28,27
24,26
27,24
13,26
2,16
36,15
49,14
37,10
23,17
25,11
32,29
24,23
41,7
18,25
29,21
43,26
6,1
41,30
39,8
23,18
37,1
49,15
11,27
26,7
21,19
26,15
16,21
11,16
49,26
1,12
3,25
25,4
37,3
36,8
14,7
34,11
19,20
4,23
24,26
44,14
31,27
28,9
18,23
25,28
17,29
25,23
33,10
46,2
46,18
35,10
45,24
15,27
19,29
26,7
33,13
1,5
41,12
27,27
35,26
8,13
9,3
3,18
3,24
43,6
30,26
4,13
8,10
21,20
28,1
2,3
10,21
34,24
14,9
18,23
40,9
1,10
4,29
41,4
20,27
17,7
49,1
14,16
11,18
19,4
33,20
30,17
5,4
16,1
18,8
5,6
13,19
50,4
22,6
17,26
12,24
28,23
31,4
6,22
14,6
23,20
10,4
45,3
32,15
16,5
25,2
32,11
44,8
26,28
28,14
35,25
30,15
25,15
34,24
0,28
47,11
48,10
26,22
18,17
25,11
40,16
39,28
35,11
15,25
48,26
32,24
18,29
3,21
13,6
38,12
24,26
42,5
44,5
6,26
35,29
4,21
11,23
25,24
41,16
25,4
47,29
16,26
18,3
24,5
27,12
49,23
18,20
48,4
33,26
26,5
40,17
40,9
32,7
46,28
47,2
36,27
20,20
42,24
16,1
29,6
10,24
1,11
37,23
9,28
27,18
3,29
21,30
9,9
14,16
50,28
34,18
13,29
30,8
21,3
5,23
14,13
46,17
28,19
25,30
38,26
22,19
48,9
14,24
27,26
19,8
19,24
50,20
33,28
37,26
43,29
14,16
2,7
12,28
24,5
10,9
46,28
19,5
16,4
5,19
17,6
21,13
49,19
34,3
9,22
32,1
21,14
18,28
26,20
11,22
15,2
42,7
15,7
30,10
23,22
7,8
2,8
37,21
50,24
28,16
25,24
19,15
24,17
29,5
12,8
49,8
48,24
16,3
21,13
16,25
14,18
29,20
41,3
15,3
50,22
38,12
28,19
29,1
15,22
9,10
48,20
25,22
42,24
3,28
8,29
9,21
2,6
34,11
11,29
16,17
28,12
10,16
49,23
8,14
45,28
3,4
24,12
28,10
15,23
33,6
46,1
33,12
11,5
50,27
46,6
38,21
16,13
32,9
31,4
48,3
5,9
5,29
14,22
6,22
40,10
39,26
42,25
30,30
41,22
4,18
11,5
32,26
4,7
13,8
0,9
18,22
23,9
36,7
49,2
25,27
14,20
15,22
35,30
35,25
24,20
21,4
25,4
10,1
50,20
24,6
37,14
23,9
24,13
46,10
7,3
17,5
11,6
18,5
4,6
40,15
40,9
18,13
12,11
0,6
46,8
41,10
20,16
37,8
29,28
38,7
23,8
48,10
9,25
33,18
40,17
33,20
29,20
49,3
22,10
24,19
41,6
37,8
1,18
26,30
26,5
11,9
15,14
28,27
44,21
45,16
17,10
42,7
27,27
33,23
16,1
47,24
19,22
50,26
38,3
3,4
47,12
34,3
24,5
31,3
18,16
0,20
15,5
14,14
47,29
5,30
22,29
7,15
11,30
45,20
35,22
7,5
37,26
13,11
9,25
23,7
45,16
10,30
43,7
24,19
39,13
30,29
0,19
47,3
35,19
23,16
45,2
25,16
44,15
13,19
21,27
19,24
22,24
45,30
31,8
49,11
16,8
42,18
17,11
6,4
41,17
0,23
1,5
6,3
31,16
22,12
5,21
1,20
41,3
21,21
22,14
39,11
19,11
4,4
15,16
19,4
17,16
28,3
16,5
9,9
12,14
8,24
6,28
23,3
3,13
44,11
3,24
12,20
46,27
34,14
28,11
11,3
46,20
45,16
5,28
11,12
38,21
40,17
5,10
20,7
39,19
15,30
28,15
21,24
26,21
31,3
21,1
2,20
1,19
22,17
8,25
11,17
13,21
16,21
25,18
12,12
49,20
3,8
40,7
26,5
14,12
22,11
34,10
44,8
47,29
14,4
3,28
2,3
8,29
19,13
46,4
11,11
12,1
8,2
50,4
33,27
14,18
4,19
0,22
14,1
11,29
10,14
10,13
5,1
3,15
18,13
3,8
0,28
28,21
0,19
40,24
39,26
17,3
5,22
45,1
27,19
31,5
11,10
26,15
12,10
31,2
35,28
26,9
34,6
41,27
45,30
39,18
5,23
48,1
37,16
37,26
47,17
15,15
37,8
4,20
40,21
11,19
25,26
14,30
23,15
48,6
24,12
30,3
46,3
42,19
40,13
0,5
50,27
46,24
33,4
33,2
19,20
36,24
4,27
27,4
36,12
24,10
38,29
11,4
12,1
32,21
22,23
45,21
21,25
16,28
3,5
41,10
42,10
43,21
45,2
3,4
31,25
37,23
47,8
11,22
31,12
29,18
29,10
47,17
42,26
35,7
30,1
11,25
43,26
1,2
12,2
17,8
23,4
5,26
11,21
32,2
28,24
45,19
28,11
11,29
41,12
21,22
30,23
25,5
36,12
42,28
1,28
21,14
22,26
46,29
4,3
12,19
35,12
4,29
38,9
32,10
30,29
47,10
41,8
2,16
3,4
3,27
15,30
2,21
45,21
19,9
0,17
50,29
21,18
29,13
10,28
7,15
45,12
23,1
9,16
48,3
6,28
43,25
33,21
12,19
7,14
6,27
1,1
41,3
16,29
4,22
27,18
7,1
48,28
23,9
23,2
28,3
12,29
9,18
32,21
38,25
17,9
7,8
2,11
21,7
15,22
30,4
48,22
39,16
18,20
45,14
30,13
11,11
15,9
29,3
50,6
29,7
4,15
49,22
31,27
10,2
23,23
26,18
8,13
42,3
47,18
50,22
0,14
7,29
48,30
39,12
44,8
0,13
35,10
13,12
41,3
20,28
49,23
50,23
31,27
2,19
25,30
33,18
49,5
11,17
43,4
33,28
11,10
4,2
6,2
34,3
37,23
22,6
37,5
29,16
8,12
49,1
2,23
37,23
43,1
12,12
7,15
28,13
43,19
20,29
6,12
41,28
28,13
15,27
44,15
25,13
42,8
38,17
21,16
6,15
42,3
39,7
27,29
40,15
16,22
18,28
42,25
9,6
0,8
17,17
15,13
49,8
13,6
34,21
31,4
16,29
24,7
15,9
50,19
43,4
47,16
46,9
49,14
24,17
13,29
50,1
41,21
22,7
21,29
36,14
23,14
27,5
14,14
31,9
46,30
48,9
42,13
15,23
18,5
12,20
11,10
40,24
39,25
32,4
9,29
7,22
32,28
41,16
32,1
45,7
3,12
0,1
3,25
37,28
15,30
48,22
39,13
30,25
43,27
49,30
17,28
0,22
8,29
20,10
8,13
33,11
36,30
45,24
5,18
35,24
28,3
22,15
9,25
37,16
35,15
29,28
38,26
46,8
37,6
42,20
50,8
47,30
15,4
39,15
9,25
9,23
27,27
39,24
41,3
15,8
32,21
1,9
41,29
31,7
21,11
35,21
18,28
35,25
22,7
40,23
0,10
37,5
7,3
22,15
1,5
32,16
48,11
19,10
24,26
45,4
47,19
47,12
24,2
29,7
39,12
14,11
27,3
32,12
5,14
34,10
28,22
21,20
8,18
14,7
2,26
50,22
48,23
20,27
36,29
38,11
44,10
9,15
3,29
5,13
6,9
48,12
41,9
29,25
26,14
48,11
0,9
47,24
34,17
38,2
4,15
29,5
29,18
46,7
49,19
8,4
4,8
24,3
11,10
15,29
9,2
19,4
32,25
10,13
45,23
39,19
3,10
1,26
40,19
19,28
18,26
26,14
48,13
16,14
36,9
11,20
31,27
0,24
10,26
22,21
7,19
16,17
39,20
11,6
32,6
7,18
12,2
31,20
36,1
50,17
34,12
38,2
22,4
30,9
19,19
29,18
23,12
5,29
5,2
11,2
15,2
21,3
14,3
32,20
14,21
19,13
1,22
11,19
44,3
13,19
20,15
19,27
9,9
24,17
17,10
5,20
21,12
9,12
18,20
24,13
41,12
0,3
9,17
32,4
49,23
36,6
42,16
19,16
1,20
0,28
21,26
20,16
43,19
35,13
2,30
18,2
34,21
1,20
12,8
17,10
7,14
29,11
5,29
42,7
39,8
42,3
31,8
28,6
50,4
43,19
20,7
22,1
12,21
36,5
11,5
18,10
50,26
0,9
35,18
12,28
13,29
13,29
21,18
17,2
21,2
3,26
44,28
6,9
36,6
29,30
30,8
49,17
47,12
22,3
11,3
42,11
24,14
24,14
3,18
43,18
49,20
26,18
20,7
2,5
37,6
14,8
20,23
18,27
19,19
3,4
34,1
36,7
20,12
4,6
50,11
26,19
0,27
4,7
30,16
44,12
28,1
47,5
2,4
40,4
36,10
11,27
13,23
43,5
3,8
38,30
11,1
6,8
37,23
33,15
49,13
2,18
11,1
36,14
2,2
14,7
19,10
37,3
32,2
8,10
10,21
30,17
15,21
34,18
11,2
16,1
50,23
10,21
38,24
27,26
27,14
37,10
49,23
36,5
48,25
35,11
3,3
12,26
16,18
49,12
1,28
28,19
19,25
16,12
24,9
20,9
47,27
5,1
19,24
39,10
38,18
23,4
26,12
11,7
4,4
6,24
45,8
45,15
46,21
47,4
3,22
44,4
10,17
13,4
37,15
14,25
36,6
32,24
47,25
41,24
3,18
2,27
13,7
42,14
44,29
47,18
5,9
41,27
21,13
24,9
3,12
32,10
25,7
27,20
43,24
25,13
22,27
19,14
12,6
1,22
22,27
20,21
36,12
31,11
11,18
38,10
15,8
37,18
47,30
45,1
34,5
9,26
50,1
14,29
12,12
40,28
41,9
8,5
31,23
2,11
25,1
30,16
39,6
33,16
20,16
28,13
20,10
50,14
45,4
21,11
21,10
32,21
1,26
49,5
26,11
18,22
16,23
20,17
19,1
32,29
27,8
0,14
3,7
50,4
45,9
13,13
27,21
50,15
36,28
39,8
4,9
15,26
23,17
41,28
26,1
45,6
4,13
44,5
39,28
34,24
36,2
38,12
26,19
7,3
23,20
5,20
5,20
36,1
42,3
15,15
10,30
33,3
27,9
5,29
49,3
10,23
35,23
29,15
14,9
7,14
33,18
49,10
39,14
34,4
22,21
48,14
25,18
39,13
36,23
11,9
5,19
35,9
47,25
21,25
7,8
23,21
24,17
4,26
26,23
1,20
34,11
49,15
49,12
22,16
5,9
33,9
17,30
13,6
21,23
42,15
48,26
47,21
5,5
35,11
6,4
12,16
20,4
28,19
12,20
19,2
0,22
3,10
6,9
35,3
21,26
7,27
50,19
12,5
0,27
19,5
0,4
10,12
11,2
21,21
37,14
28,21
49,29
28,20
23,20
29,4
39,16
24,14
47,2
41,10
33,2
34,4
27,7
46,25
49,14
20,3
18,23
0,15
2,13
1,3
39,25
42,23
12,17
39,11
23,8
29,1
38,14
42,5
9,25
26,29
49,26
17,19
4,3
21,18
16,17
42,21
32,7
48,13
37,7
36,26
43,9
43,7
44,22
14,7
43,25
30,3
22,25
2,27
3,23
31,7
2,13
9,27
47,28
31,30
11,10
15,24
16,30
25,2
8,28
24,12
31,18
17,12
49,25
0,1
22,29
25,3
6,30
1,19
22,5
45,26
41,22
36,25
27,16
0,10
6,13
45,7
23,15
35,14
6,22
18,10
20,10
37,2
29,14
33,22
19,4
8,9
17,13
8,10
50,25
24,22
4,6
32,24
26,9
35,14
11,14
44,10
23,28
30,17
32,25
39,1
22,6
44,22
23,8
22,24
39,17
24,20
14,16
46,29
34,23
41,12
2,6
25,16
31,11
27,6
19,23
43,24
6,1
7,3
18,6
9,2
36,30
12,12
26,8
30,17
34,7
50,17
44,25
7,3
22,23
40,21
11,21
30,29
46,23
45,21
19,12
0,8
7,25
8,1
5,8
36,24
17,3
45,30
9,23
5,1
23,9
20,4
40,13
45,28
7,5
36,23
23,28
23,14
39,4
21,7
37,10
42,12
24,29
2,20
30,21
0,19
31,18
38,26
13,2
42,13
27,27
18,20
19,21
11,1
24,19
43,19
14,17
41,20
32,26
0,26
12,18
33,6
22,19
46,28
16,19
12,18
26,4
15,25
18,19
2,30
28,21
42,16
21,29
49,12
43,15
9,23
40,2
45,16
27,1
38,13
7,23
39,16
16,3
28,22
5,28
35,4
19,9
16,29
6,14
32,14
34,29
31,19
19,29
16,20
42,7
12,26
27,2
8,9
36,24
14,1
0,28
4,27
50,23
50,16
4,26
36,14
31,28
43,26
8,20
30,24
20,12
36,15
13,4
48,14
42,14
40,14
20,13
17,6
37,11
6,6
11,14
6,4
1,8
8,5
36,19
8,4
13,12
20,9
29,23
44,3
16,21
4,6
19,8
21,28
2,4
17,3
35,20
38,12
37,18
25,26
34,29
7,12
48,26
41,4
37,11
50,4
15,18
26,3
23,14
31,1
24,29
39,29
32,13
34,5
21,25
4,28
50,18
6,2
40,4
30,15
38,30
10,27
10,3
5,1
39,3
39,3
14,9
10,27
18,23
43,13
35,9
29,4
38,14
5,10
37,20
30,23
31,20
45,26
35,2
20,24
27,29
13,26
15,15
0,8
0,24
31,8
20,8
45,7
27,16
33,26
9,10
38,4
0,12
36,24
12,30
18,8
9,24
2,5
33,19
31,11
6,26
42,20
6,5
12,20
44,1
7,25
46,22
26,24
46,24
30,2
25,12
17,4
10,21
24,8
8,5
36,23
3,5
40,7
39,19
47,27
34,21
45,13
6,1
24,23
28,1
17,14
33,6
28,10
39,28
39,1
24,4
2,21
47,23
16,25
4,22
10,12
19,23
1,7
5,13
7,26
12,5
46,21
39,7
33,21
44,26
23,14
17,28
3,25
31,7
27,2
9,2
28,15
44,24
16,7
13,1
24,23
35,2
4,15
35,7
25,13
3,7
29,11
13,24
12,17
36,14
12,26
13,29
19,9
35,10
50,1
43,13
46,26
8,3
30,14
29,6
38,28
32,26
30,20
5,23
25,22
29,18
36,17
47,26
14,2
34,25
19,15
2,23
45,18
16,29
4,28
46,18
43,26
20,26
34,28
43,8
35,15
38,1
42,27
17,15
4,15
11,10
23,11
11,5
2,19
1,5
25,30
29,21
4,1
42,3
41,14
12,24
39,15
21,28
30,22
42,14
28,14
29,25
37,16
44,22
17,15
37,20
4,14
42,8
20,14
42,9
9,2
40,7
8,1
42,12
31,14
29,13
1,27
22,28
14,7
49,2
34,16
12,21
41,6
45,28
20,19
13,11
49,14
38,10
17,26
14,10
33,16
23,28
33,5
3,22
4,5
37,25
41,4
6,3
19,22
31,29
15,12
16,17
8,7
33,13
14,15
21,29
20,13
41,11
37,16
36,27
43,26
13,3
41,26
29,18
4,11
0,18
23,30
8,13
2,5
27,2
27,21
3,10
19,27
12,14
32,5
20,16
35,16
18,27
15,11
33,24
10,22
49,28
39,9
43,6
1,5
41,27
15,14
36,16
7,23
50,7
25,1
32,16
30,6
49,12
5,2
35,18
35,17
10,19
34,29
36,21
17,9
50,5
2,19
15,3
14,2
23,8
46,14
10,12
27,4
21,5
18,28
26,18
5,25
23,17
17,5
1,17
32,29
16,18
28,2
22,2
35,7
42,3
39,22
39,2
5,26
39,22
22,2
4,17
42,23
1,22
50,25
47,15
33,30
0,5
1,26
15,7
49,12
30,1
35,11
0,29
9,5
49,7
26,17
13,18
42,18
2,24
2,25
13,15
33,11
2,6
9,26
21,15
45,27
43,22
30,15
29,28
13,13
17,17
0,15
20,19
12,22
24,12
18,23
4,24
32,17
43,10
8,27
28,1
31,7
19,1
33,29
36,29
29,13
5,2
30,20
3,7
5,8
33,17
7,25
19,8
19,8
9,10
47,3
20,14
24,27
15,15
25,26
44,16
20,21
6,23
40,29
41,11
35,29
14,27
43,21
29,23
24,16
42,20
29,21
49,9
27,15
19,5
5,6
16,15
19,18
27,17
6,10
16,10
25,6
43,28
3,12
36,26
3,14
22,5
7,2
40,15
19,12
3,3
37,13
31,8
7,1
2,12
36,30
39,28
2,21
17,22
5,3
37,22
29,16
32,6
43,26
25,8
40,5
20,20
26,5
45,2
37,24
39,16
8,22
26,5
34,14
33,27
49,27
45,9
35,10
25,17
31,16
45,19
5,15
31,18
29,21
46,5
15,6
9,27
27,6
8,7
46,5
26,18
15,16
37,6
48,19
46,28
10,1
14,16
23,23
10,13
15,4
50,21
29,13
23,14
22,9
4,13
28,2
20,14
24,4
19,10
10,29
3,16
35,27
44,7
17,12
33,3
42,17
9,8
19,23
25,27
34,6
14,20
13,18
40,27
14,24
8,5
38,20
38,20
33,8
47,8
50,25
43,6
6,30
46,6
47,11
27,1
25,1
3,5
21,26
30,26
21,7
10,21
0,25
20,24
31,9
40,13
12,18
40,28
20,25
43,22
5,14
9,20
43,8
5,22
25,16
38,25
26,7
18,7
39,12
9,10
15,21
34,24
17,17
9,12
50,22
50,5
5,24
14,7
42,4
45,3
48,18
24,23
34,2
11,29
36,29
47,17
12,10
4,25
6,13
40,26
22,11
0,1
30,21
40,16
15,23
0,3
44,3
37,24
24,5
45,23
22,30
14,3
45,20
30,17
41,17
33,27
27,25
33,16
49,30
43,29
50,18
9,12
26,10
50,30
24,27
41,14
16,3
16,23
1,24
36,18
25,25
36,5
2,18
41,25
29,14
21,10
22,11
14,4
41,24
16,18
0,10
22,3
1,19
2,6
6,8
20,12
49,27
31,27
1,13
28,26
18,10
44,16
42,22
48,5
19,22
44,30
46,8
27,10
50,13
12,12
35,12
26,8
21,10
14,14
29,17
27,5
49,12
38,11
42,17
3,20
23,6
0,10
24,3
9,26
0,16
15,6
4,24
3,10
27,15
38,19
40,14
42,7
27,16
18,21
22,10
13,19
5,24
40,8
44,23
27,11
8,2
10,17
33,29
10,5
34,12
15,25
10,5
46,18
18,8
35,30
46,11
0,26
16,9
1,10
19,2
26,30
23,2
17,1
28,17
5,6
19,26
0,7
28,13
43,8
6,17
34,12
22,6
19,29
27,17
15,8
18,13
41,29
23,24
45,26
10,28
46,2
45,10
26,22
12,7
16,21
49,21
2,9
15,21
37,7
4,7
21,2
30,26
43,20
34,4
9,4
24,1
31,23
31,21
9,23
22,11
27,26
25,21
2,8
9,3
33,30
21,7
30,5
3,20
48,7
1,18
26,1
22,25
19,15
1,6
6,7
9,7
1,25
6,6
39,9
38,11
20,26
49,4
46,2
49,4
22,25
25,10
43,20
30,14
25,25
25,3
47,9
45,30
10,28
28,19
42,25
34,12
29,11
12,14
35,27
1,24
28,26
44,26
40,29
30,3
43,9
48,28
42,6
11,13
49,16
46,5
23,25
32,13
40,5
37,22
21,15
5,13
19,3
26,10
19,29
6,30
12,5
38,26
15,29
2,11
50,26
28,27
4,10
39,10
20,22
29,26
11,21
48,22
32,7
10,15
23,18
42,8
25,22
35,30
0,5
33,5
46,19
17,10
49,30
29,26
39,30
33,5
36,5
3,29
38,6
23,11
17,27
22,18
39,4
35,4
5,28
46,21
40,4
37,7
15,2
2,12
47,14
33,26
35,1
26,28
32,9
2,6
33,2
38,28
41,22
11,17
35,2
20,18
36,12
30,21
5,3
43,1
42,28
48,16
35,20
40,24
26,20
38,22
24,26
18,13
7,26
36,10
17,1
12,16
14,8
47,10
5,6
20,25
45,7
20,11
33,15
18,27
23,21
42,7
3,16
23,19
13,11
18,17
12,5
47,23
1,12
20,12
16,14
39,19
33,22
31,25
2,19
4,11
50,28
10,7
29,13
26,28
21,9
43,16
14,27
14,15
25,14
20,30
1,2
30,20
48,22
6,10
28,24
26,10
1,2
6,29
26,6
37,23
18,4
11,1
18,16
1,21
22,23
8,7
26,26
8,8
15,20
43,6
4,27
17,14
30,13
36,9
32,28
5,7
48,28
11,19
31,29
35,24
24,7
37,23
22,13
3,15
11,20
16,23
32,26
15,18
42,26
40,5
47,16
38,26
18,26
0,19
10,4
34,14
12,9
31,3
45,17
18,24
25,22
0,25
21,24
36,30
45,21
50,19
18,10
4,23
21,28
8,21
19,15
8,2
27,20
9,4
47,2
37,11
34,27
33,9
23,8
15,6
26,29
10,25
21,28
47,30
7,8
39,25
40,9
27,29
8,7
31,28
9,24
7,5
0,18
8,25
36,12
16,26
48,21
50,6
15,13
17,1
31,8
11,15
49,19
23,21
34,8
22,26
38,17
28,25
20,28
1,24
24,7
34,20
23,17
33,26
15,4
16,26
2,30
50,12
37,27
17,19
0,25
47,24
14,21
24,1
43,13
41,30
28,22
44,9
3,29
34,12
20,10
32,21
44,11
41,30
20,25
12,10
1,25
7,29
34,6
38,12
20,17
12,25
14,1
21,2
33,20
44,6
8,4
7,5
39,8
14,12
49,10
46,8
49,5
20,12
41,5
25,17
14,2
1,26
36,20
33,5
1,29
40,15
29,8
12,5
39,18
50,25
19,17
31,27
34,15
34,25
28,22
43,18
30,2
42,23
28,10
8,10
31,30
24,9
10,26
8,17
6,1
22,19
25,15
41,21
33,20
33,3
29,27
45,13
26,29
2,1
6,19
29,22
19,6
28,14
30,4
9,18
30,10
28,4
4,12
49,11
30,11
13,20
12,12
26,4
31,11
28,4
50,6
5,15
32,6
8,3
31,11
4,6
20,3
28,29
12,25
14,4
33,12
8,2
6,8
29,24
1,28
31,4
16,12
28,20
22,5
27,11
11,26
35,11
33,27
30,13
24,15
48,1
24,10
32,27
49,30
32,14
30,12
49,10
18,5
28,4
26,16
18,23
32,27
46,28
49,3
45,25
23,16
15,28
11,20
13,9
32,19
48,27
48,9
36,18
49,20
38,6
2,14
7,26
44,27
43,19
24,24
26,10
37,9
16,11
34,9
41,2
48,23
28,3
20,29
8,5
36,10
14,25
23,18
11,1
38,8
16,27
8,27
5,20
37,25
5,30
19,16
7,30
24,18
29,22
27,7
21,11
5,27
28,2
16,12
24,11
48,2
50,25
31,24
7,17
29,21
37,14
47,9
40,1
14,15
9,17
40,19
27,7
1,15
37,11
5,8
41,21
2,8
40,5
23,2
30,20
42,11
2,1
36,21
46,10
13,21
29,12
38,17
23,1
45,7
2,20
30,7
28,20
36,11
8,6
0,28
38,17
35,4
5,23
28,6
40,24
11,18
19,25
43,12
2,1
43,24
24,3
11,23
43,2
44,13
38,29
12,3
6,24
2,13
28,17
36,26
13,9
11,18
39,4
12,21
34,8
17,9
4,29
30,18
24,4
22,21
16,17
11,24
5,2
39,5
16,13
43,9
5,11
7,12
36,20
17,12
6,7
21,13
11,18
39,10
3,8
16,24
39,25
13,19
45,23
17,14
21,9
16,13
13,7
22,26
48,11
22,25
1,19
16,11
31,10
43,26
50,22
32,3
19,14
14,12
27,25
14,12
41,17
38,14
33,19
34,1
5,21
31,14
9,19
12,30
10,4
31,10
9,16
41,9
19,12
45,30
13,13
22,5
43,24
19,7
23,3
34,7
39,4
21,6
19,3
23,8
13,10
48,16
38,1
18,15
15,14
15,28
36,18
50,18
47,23
44,5
25,16
29,8
37,8
35,19
10,18
48,11
19,25
9,2
24,4
28,3
34,23
40,1
11,28
20,17
27,26
5,11
43,28
26,24
3,30
17,5
47,29
23,20
3,16
11,28
19,14
43,19
20,29
41,28
22,11
14,29
4,6
30,29
28,26
42,16
33,14
50,25
50,5
44,23
25,12
1,11
26,5
25,16
25,22
17,27
32,18
33,6
48,13
28,14
30,14
48,8
10,25
9,25
41,19
27,4
37,5
48,22
6,14
5,22
18,27
27,20
12,3
11,16
3,9
26,22
10,7
19,10
32,11
11,7
12,20
48,9
1,26
45,17
23,3
20,2
11,21
6,25
12,24
24,30
41,27
25,18
46,9
49,8
41,20
38,6
42,2
16,11
44,16
27,6
3,24
3,22
15,26
17,12
2,21
42,22
24,12
43,2
30,30
36,3
36,16
9,18
10,2
43,29
11,9
28,16
43,11
39,14
45,13
0,28
10,16
43,11
36,7
8,6
28,20
46,7
22,2
47,10
4,4
9,12
37,2
0,8
23,13
16,19
29,16
25,12
1,5
26,1
17,23
1,13
28,26
15,14
24,20
37,21
33,27
41,5
42,3
13,21
30,12
12,22
10,21
34,27
13,17
13,8
19,12
49,28
11,25
34,6
41,3
47,6
50,27
41,14
49,6
34,2
40,10
14,21
18,21
38,21
36,1
10,21
38,23
18,29
3,3
35,25
11,18
32,25
31,1
46,23
20,30
1,13
45,16
1,16
15,12
35,18
13,6
13,10
28,1
50,19
31,22
28,15
6,6
7,30
6,10
10,26
25,20
24,16
1,16
9,26
6,5
2,11
47,6
40,26
40,16
2,11
40,13
17,4
49,2
17,28
6,18
21,14
26,2
40,23
3,15
24,12
2,20
49,6
1,8
47,8
26,2
3,25
45,11
21,25
13,6
35,18
42,4
50,26
5,14
33,22
7,28
13,4
35,19
32,9
32,7
25,16
25,28
37,14
19,21
42,2
38,28
37,22
29,10
7,23
22,18
16,1
3,6
48,4
32,22
16,18
29,3
44,8
44,6
15,13
2,23
34,26
41,18
20,20
39,16
39,8
34,3
46,21
5,17
2,15
2,9
40,14
3,28
1,2
12,6
33,4
34,4
20,19
1,9
11,28
10,29
16,24
18,13
6,24
37,8
29,20
43,7
27,3
45,20
35,19
12,22
5,8
50,12
31,26
21,6
3,29
32,14
1,1
10,13
25,19
44,9
3,12
49,16
42,25
31,27
0,14
39,6
0,26
38,14
31,30
8,23
9,3
33,9
44,26
28,12
34,7
49,11
42,10
31,10
40,16
34,22
27,14
23,17
11,24
34,11
45,18
43,15
15,1
7,23
1,16
14,28
8,2
45,3
9,7
10,16
23,14
5,22
14,13
30,13
34,21
5,4
1,4
43,26
44,14
18,30
19,25
31,27
17,19
27,26
23,16
48,25
0,26
13,16
6,5
47,21
18,5
45,14
50,10
11,12
33,30
14,25
16,21
10,21
26,17
16,16
26,10
44,6
47,10
35,14
36,25
10,10
32,25
44,13
11,28
40,7
48,10
21,15
28,1
19,18
36,28
12,17
38,15
26,6
25,5
14,22
35,25
31,3
0,26
47,20
50,7
41,24
26,8
44,7
50,18
31,26
9,4
19,30
47,1
11,16
47,4
17,3
16,27
19,5
46,8
8,27
11,21
20,27
30,4
38,22
4,1
36,29
41,19
30,23
18,23
22,14
44,26
43,23
50,27
4,14
43,18
34,30
33,15
21,29
22,3
49,21
45,21
25,22
9,17
8,7
20,24
41,9
17,25
34,1
37,16
7,9
29,10
12,30
30,29
26,17
38,20
33,19
40,10
31,8
33,2
46,13
31,29
16,17
47,15
30,21
15,21
10,18
21,24
43,23
49,28
0,19
46,11
11,12
41,4
35,24
44,23
37,24
24,21
8,3
2,18
47,29
46,20
20,7
41,15
22,23
22,6
12,18
9,23
16,13
9,7
5,20
11,30
17,12
13,5
32,29
7,9
8,7
0,16
17,10
16,25
39,11
10,24
43,30
3,13
35,27
11,13
17,15
46,2
46,21
6,27
40,20
5,22
43,5
27,25
3,11
20,20
43,2
25,3
38,25
3,16
27,11
43,10
22,12
45,25
40,22
26,14
17,1
26,28
13,13
44,20
7,5
13,29
31,11
23,9
2,21
25,29
12,24
48,16
5,2
50,13
50,11
22,1
26,7
41,16
16,28
10,9
47,11
44,25
30,8
28,15
44,22
20,23
24,22
25,12
13,13
39,4
30,24
37,25
38,23
47,22
2,20
30,4
22,23
29,11
4,29
25,2
29,30
48,10
5,26
36,17
42,28
15,18
43,2
30,15
11,26
15,28
28,22
38,11
11,25
28,18
15,12
45,7
31,9
18,27
40,3
20,27
23,28
11,1
8,17
21,19
7,10
37,1
46,28
43,2
27,22
39,6
1,30
17,23
50,17
27,22
42,17
7,18
23,17
30,6
12,16
23,1
24,13
33,5
41,2
30,14
2,2
16,7
11,24
33,10
34,5
38,5
49,16
29,7
31,11
14,22
35,29
25,3
35,18
10,9
20,13
12,7
8,21
7,23
23,21
6,12
43,17
13,3
41,30
46,25
16,3
1,6
14,22
32,2
33,8
15,23
7,22
34,21
41,19
11,25
21,27
13,27
36,7
29,14
21,1
46,14
21,4
34,28
22,15
4,24
38,29
38,2
45,8
36,8
16,20
7,29
24,29
50,24
0,3
5,2
37,22
23,2
13,8
22,12
36,11
38,19
31,17
40,28
36,14
18,15
18,30
14,30
7,8
50,24
34,9
22,20
25,8
15,4
2,20
10,10
44,18
23,1
2,28
43,29
23,8
8,27
43,13
34,7
28,29
7,26
32,26
28,28
26,28
25,29
8,26
7,6
11,26
43,21
29,21
7,13
50,8
43,28
22,20
22,7
28,19
10,19
16,26
33,2
14,26
16,22
50,27
43,1
20,9
39,4
10,22
11,19
37,28
48,23
19,25
12,6
30,30
50,22
11,4
30,4
50,27
49,13
7,9
28,2
19,5
8,30
34,18
32,19
24,11
23,20
12,6
39,2
26,5
32,27
22,15
31,25
32,1
26,2
39,28
25,13
29,18
30,20
42,23
17,10
50,9
45,3
39,30
50,12
6,5
49,15
48,1
16,13
48,17
13,27
49,28
48,21
46,12
7,28
24,13
20,30
16,7
33,16
21,18
5,9
50,5
32,10
28,22
35,5
28,10
10,27
10,9
38,27
46,11
39,19
2,27
31,12
8,27
42,6
4,17
22,4
4,17
39,3
40,13
10,2
18,1
14,17
26,11
39,28
34,20
25,13
28,4
4,19
29,27
23,15
12,18
23,23
17,25
20,10
21,28
39,9
3,3
36,26
11,5
31,27
34,30
25,26
1,26
19,19
47,29
13,30
7,18
46,14
50,20
45,15
4,13
30,17
29,13
13,18
34,27
7,4
2,12
42,9
49,14
18,9
49,1
41,25
47,17
36,21
45,19
17,11
29,30
30,22
0,12
17,4
50,25
49,19
37,29
11,11
49,16
4,2
15,4
39,17
47,6
20,28
12,8
2,26
22,14
5,13
46,5
5,23
23,8
22,8
30,30
50,12
43,8
41,2
15,15
3,15
41,22
1,22
48,17
28,26
15,13
10,10
43,7
26,29
43,17
45,15
47,25
13,18
21,11
28,27
2,4
30,17
45,19
1,12
25,5
18,20
0,3
18,28
37,9
47,25
28,23
14,25
29,18
13,26
1,29
15,27
42,28
16,25
8,29
45,12
7,15
35,8
13,30
1,4
42,15
44,5
37,1
27,26
20,26
9,11
40,26
50,6
8,12
23,24
3,15
50,24
50,24
3,3
29,15
38,10
29,4
23,1
17,1
35,18
2,23
47,21
32,18
5,12
9,19
25,11
12,16
31,9
2,10
32,3
2,14
49,3
31,16
36,1
35,18
0,25
25,20
19,7
42,10
37,30
21,27
43,24
16,12
38,2
43,8
18,12
34,9
36,8
36,22
23,14
49,22
18,20
18,16
11,21
21,30
29,11
11,8
39,7
14,13
2,25
45,22
17,2
29,2
0,19
34,18
50,1
32,30
13,1
42,23
37,29
22,17
18,7
16,29
20,29
28,15
18,1
44,1
50,24
44,19
7,29
45,2
41,1
27,19
44,9
2,15
23,5
3,1
14,13
36,13
30,29
10,14
36,22
5,23
29,9
14,19
17,3
50,1
1,5
40,29
45,22
13,29
9,6
4,27
38,30
36,2
41,4
35,20
35,14
15,23
7,27
42,13
3,26
29,29
49,4
4,15
13,20
43,6
29,11
33,18
2,11
47,28
49,22
26,9
45,22
50,14
42,13
21,16
41,10
13,8
39,27
27,22
21,21
1,30
38,8
18,27
8,9
0,25
6,27
50,22
32,4
31,7
45,30
13,15
19,16
39,3
35,3
2,24
11,21
39,29
49,8
0,16
40,15
24,15
0,22
7,8
11,28
48,18
5,10
4,10
22,8
47,16
3,5
10,26
5,25
33,22
16,12
36,17
0,19
23,1
24,28
2,19
17,21
11,5
11,1
42,4
7,6
7,14
45,20
17,12
50,22
15,28
25,2
38,28
49,22
44,28
24,14
17,21
21,18
0,2
50,30
33,13
0,15
21,2
31,2
15,4
1,6
22,14
42,19
19,14
43,22
39,25
43,9
40,11
13,27
24,14
27,21
36,7
27,17
4,18
42,11
9,14
27,22
13,14
37,9
8,24
42,16
19,19
1,20
0,6
25,15
32,7
36,8
19,20
9,30
46,30
18,29
50,3
20,14
42,28
40,5
48,28
12,7
31,16
20,5
35,7
5,9
6,19
44,18
41,8
35,27
22,2
29,19
34,3
9,24
4,9
4,22
18,19
24,15
31,30
32,12
26,22
6,29
49,6
33,14
39,17
15,15
34,13
36,1
20,5
9,25
47,26
4,26
26,10
15,14
45,29
32,2
32,17
4,15
24,9
40,19
29,17
28,8
38,15
30,22
49,2
48,15
6,27
6,30
31,18
28,4
18,14
22,29
14,1
31,1
9,8
1,12
30,18
13,30
31,5
40,6
41,14
30,9
32,22
29,18
2,7
17,5
5,9
37,3
48,30
2,17
45,25
3,10
8,6
28,13
2,2
11,11
41,12
31,23
29,23
14,9
50,17
42,30
39,8
39,24
38,12
34,22
16,19
14,6
2,17
22,10
29,2
3,10
41,12
38,30
5,28
16,29
17,4
11,2
31,18
32,16
4,28
46,24
18,29
1,25
37,18
45,11
18,29
25,17
30,11
17,3
25,27
18,22
38,22
40,19
47,6
14,30
39,24
24,9
46,5
28,3
9,15
16,29
13,17
42,27
6,28
17,22
10,14
2,19
48,17
14,5
18,12
2,7
1,30
35,9
21,20
30,2
13,15
10,10
31,27
42,5
48,9
18,15
46,4
4,7
33,13
40,14
22,25
38,26
29,9
32,28
45,30
15,2
37,28
14,15
48,30
19,29
37,16
13,14
9,13
45,9
17,20
45,15
21,14
30,17
48,29
21,21
26,28
45,4
13,25
44,20
7,23
49,5
49,24
18,22
8,5
13,22
45,2
12,23
36,10
16,17
20,2
24,27
17,10
0,25
20,3
34,17
1,28
45,28
17,29
2,1
42,6
8,3
16,19
12,9
14,29
13,9
41,11
47,8
12,17
3,10
3,1
6,29
36,10
14,21
38,14
38,11
31,5
12,21
6,26
1,12
25,27
2,6
40,26
20,27
28,8
12,8
15,25
13,8
39,5
40,7
49,3
1,17
18,20
47,26
34,11
20,26
9,20
28,8
24,13
20,8
26,16
27,13
12,6
29,25
17,7
7,10
5,25
46,6
16,20
40,12
40,19
14,8
9,28
29,21
14,20
27,13
14,4
0,4
5,30
45,20
24,25
12,21
10,8
8,27
13,14
28,28
33,15
18,29
19,19
50,6
11,26
43,16
37,17
11,2
38,20
13,29
8,9
31,10
35,11
11,5
44,23
5,23
4,4
6,22
14,10
10,13
35,26
22,23
38,6
25,23
45,2
11,10
27,12
41,23
27,1
44,11
26,17
26,21
35,24
40,2
22,12
22,5
26,24
41,4
6,1
27,15
33,25
13,19
46,28
23,18
3,4
38,15
47,23
35,8
47,27
39,15
44,16
4,27
31,5
1,22
13,3
39,26
17,23
45,27
8,24
4,6
19,29
40,9
38,7
12,26
30,23
1,15
15,24
24,2
20,29
16,30
21,18
14,23
28,7
38,24
38,24
14,14
25,11
28,28
4,5
4,26
40,7
9,6
1,11
15,21
0,27
26,28
8,25
28,29
14,27
2,22
14,18
50,30
29,28
32,18
20,1
35,8
31,28
38,4
10,4
17,2
37,28
24,15
46,4
21,4
39,28
8,3
24,27
48,17
27,19
26,21
31,10
2,25
47,23
5,27
39,22
48,5
50,17
10,11
0,14
12,2
27,14
3,24
42,6
48,1
16,23
46,6
50,2
31,28
40,4
49,20
9,2
13,30
30,21
35,18
2,7
3,24
46,9
37,1
15,23
4,8
43,28
25,23
3,27
16,11
28,5
8,27
4,18
10,6
29,4
29,13
9,4
20,30
50,19
27,3
28,9
40,23
44,29
5,18
26,2
47,25
3,20
9,19
8,29
37,8
0,17
50,16
29,16
43,24
10,4
23,14
1,13
31,17
19,13
14,25
36,3
44,8
20,11
3,29
26,17
14,24
2,12
18,26
41,30
50,27
48,9
49,7
9,28
49,18
25,9
27,24
40,14
14,11
26,24
38,23
34,6
13,7
42,30
30,3
13,11
11,1
20,12
17,17
12,25
41,2
15,29
9,16
3,8
46,2
0,6
20,6
39,18
4,27
42,22
13,7
48,11
47,14
36,14
19,27
5,30
43,26
22,15
25,18
34,16
16,27
4,7
44,8
46,4
26,17
49,24
48,9
31,6
28,5
46,17
5,8
21,27
1,13
22,23
35,17
9,27
28,22
44,16
27,25
33,25
24,30
29,6
24,2
49,8
32,27
37,22
41,5
43,30
23,28
32,30
42,27
19,21
7,12
8,13
47,27
44,22
29,5
27,12
43,13
9,27
15,26
37,9
42,23
14,12
11,8
0,12
34,19
40,23
29,27
42,15
46,7
17,7
4,23
39,18
4,14
39,19
19,21
45,16
25,16
16,23
24,19
34,23
32,26
40,15
25,5
10,26
1,27
23,17
32,20
32,11
26,8
4,17
10,17
3,25
45,10
6,20
23,14
26,16
43,5
38,28
18,5
25,16
18,23
34,5
12,11
3,6
6,28
32,13
43,5
45,24
7,21
49,10
1,1
38,12
16,24
15,10
11,12
28,12
28,17
17,20
3,27
37,24
47,14
39,22
17,29
20,9
29,1
1,27
12,25
33,18
30,3
38,18
0,6
15,20
37,3
7,15
25,16
42,30
47,24
48,28
11,21
28,1
33,30
41,17
6,16
6,14
15,29
33,8
34,19
9,18
21,27
38,28
7,15
23,7
41,23
11,23
33,29
25,1
2,26
9,28
3,9
36,11
50,10
18,2
11,16
43,13
17,20
1,9
7,14
45,30
5,30
8,8
33,17
37,28
28,8
16,22
26,17
16,13
28,28
17,19
43,27
34,2
4,28
7,19
30,13
34,4
42,30
34,3
12,19
16,25
22,30
38,19
17,28
0,16
11,15
17,12
18,27
38,3
34,9
20,23
3,27
24,27
39,27
21,23
13,22
8,16
4,14
2,14
49,11
43,2
39,22
12,6
33,5
47,24
27,5
44,28
37,1
21,11
39,23
45,1
35,3
6,21
32,23
21,20
12,20
1,11
8,18
14,19
50,17
20,30
31,18
4,4
23,28
35,4
1,26
22,8
5,15
38,3
15,23
10,15
34,11
9,17
48,6
30,1
28,5
30,24
38,4
50,8
14,28
18,3
14,4
20,30
35,20
12,21
14,12
13,1
20,26
38,20
23,6
26,20
14,29
37,16
34,5
41,17
11,28
46,20
14,8
22,16
42,12
12,17
15,2
37,14
23,24
4,12
38,2
7,17
49,16
0,30
50,25
43,3
30,5
20,1
24,20
5,30
5,13
40,1
23,19
41,24
21,2
32,24
5,11
2,1
30,26
36,7
28,4
43,3
21,21
20,5
30,14
36,10
25,3
43,14
31,23
33,21
39,1
24,10
13,7
23,14
16,26
1,29
14,9
40,20
21,9
24,3
24,16
38,24
43,17
8,2
2,25
32,13
38,19
9,25
43,8
44,18
18,13
26,2
40,20
29,16
25,4
20,11
48,3
21,25
31,8
7,19
1,19
28,13
13,23
23,22
35,11
8,29
25,25
19,20
29,1
13,21
19,6
16,3
5,23
30,11
2,29
23,5
46,9
22,1
2,3
5,27
39,16
21,5
44,7
0,16
49,8
10,30
17,27
26,21
20,9
45,17
44,10
7,21
31,28
46,14
0,16
3,10
42,17
16,3
21,25
38,21
22,26
40,7
50,9
50,5
7,2
48,3
37,28
49,7
17,22
26,13
1,15
0,2
20,8
8,5
10,29
12,6
22,13
24,10
6,25
20,7
30,19
8,30
23,6
29,12
19,26
22,6
5,17
11,11
41,22
42,9
40,2
40,12
32,21
32,2
13,3
26,30
35,6
27,16
21,14
24,3
41,22
30,11
28,16
10,29
46,25
23,21
0,24
14,12
7,15
36,7
47,15
41,25
28,15
11,1
25,2
9,10
46,6
30,7
44,9
17,2
38,22
24,6
26,11
9,10
46,19
16,4
5,4
33,14
17,5
35,30
28,28
42,2
34,14
31,15
9,1
3,21
13,1
42,17
36,17
20,26
35,12
19,26
25,6
31,9
33,22
47,26
39,22
33,25
5,25
2,27
34,19
45,25
24,29
1,7
49,12
16,9
25,7
31,22
37,25
47,3
13,23
8,14
42,11
33,3
11,25
31,11
36,28
29,25
26,1
33,16
12,7
21,28
43,18
41,21
43,11
9,21
3,3
23,5
13,14
3,25
9,23
24,1
1,2
41,1
16,30
22,30
23,19
12,18
35,17
36,9
26,25
42,30
7,20
37,30
43,5
15,5
19,30
11,14
38,5
28,18
20,19
8,2
25,30
21,23
11,13
29,4
3,6
24,29
42,3
45,9
0,26
20,2
12,16
0,28
27,15
24,14
32,15
37,21
34,23
43,28
5,2
16,6
49,17
43,10
2,5
42,9
40,12
30,18
43,7
15,8
50,14
49,27
24,6
6,30
38,2
46,10
10,4
16,4
25,26
17,8
22,30
3,26
49,17
28,12
8,2
44,13
20,3
31,20
45,6
1,18
35,9
45,16
45,28
9,14
8,17
45,1
38,20
19,28
42,5
10,26
39,22
20,22
40,6
18,18
17,25
34,18
2,10
8,30
33,6
46,25
35,24
0,29
8,23
12,20
0,22
8,10
38,25
32,30
34,3
5,25
5,27
0,13
22,25
21,18
27,22
43,27
39,25
34,15
19,5
20,5
9,29
50,17
11,23
41,29
5,15
48,9
15,7
42,11
25,7
40,27
46,6
34,1
49,2
29,20
28,25
1,23
39,16
34,20
49,21
16,26
46,24
46,17
27,17
25,16
45,29
4,9
49,12
13,14
25,7
48,3
0,4
48,27
11,13
39,8
40,17
30,10
16,5
45,19
48,10
37,16
19,13
27,5
49,1
23,24
36,3
40,27
49,25
26,23
1,27
36,15
39,6
33,5
33,17
18,16
17,3
8,19
10,13
0,13
28,23
28,27
41,30
9,11
41,8
9,8
43,11
49,30
37,3
30,29
34,2
42,23
44,9
25,3
27,20
1,20
15,8
16,21
24,8
3,11
1,12
17,8
29,13
27,28
39,11
0,13
21,18
24,11
19,10
29,10
7,16
42,7
13,20
9,6
49,24
3,28
41,29
44,7
34,6
31,22
31,30
20,24
18,15
1,7
8,2
48,20
20,3
45,10
31,3
27,2
45,11
49,27
47,13
50,4
1,26
45,5
3,21
29,4
37,27
30,24
30,11
20,29
8,6
16,30
43,22
38,8
50,24
18,4
33,17
49,9
2,17
17,11
22,20
42,26
42,14
7,17
31,17
38,4
7,16
2,11
37,9
31,12
11,23
12,30
36,15
49,25
1,14
5,19
11,30
31,18
24,23
26,14
4,9
14,4
6,26
40,28
20,13
41,26
22,10
24,5
25,23
49,29
33,18
35,8
9,19
14,10
31,16
16,17
7,27
33,3
34,28
40,2
36,21
6,30
4,12
28,29
41,17
3,8
39,19
10,19
20,23
45,4
50,3
16,19
38,1
46,1
45,18
45,18
2,8
1,17
4,6
42,8
18,11
27,21
6,10
1,11
45,18
11,3
10,24
10,9
3,8
32,25
1,3
41,13
2,13
31,29
38,23
24,24
24,14
45,21
39,24
12,17
9,12
34,30
43,10
25,15
18,28
13,27
42,27
23,20
14,29
46,30
8,28
44,17
48,14
40,29
18,29
48,4
1,6
16,6
16,24
8,13
49,7
4,1
32,26
22,4
0,4
10,25
8,28
15,30
11,1
37,22
37,24
43,21
1,4
30,24
31,24
27,14
20,16
12,20
12,26
48,8
29,26
27,1
29,15
20,9
44,28
7,4
17,23
3,17
13,22
14,23
46,27
11,16
17,2
5,23
50,20
50,10
39,24
18,9
37,22
18,18
26,16
3,25
42,16
12,6
9,9
29,16
31,16
13,10
31,23
39,30
50,14
43,9
41,7
20,16
9,3
4,20
25,4
8,7
13,17
12,21
14,18
15,18
24,28
9,13
9,17
21,9
5,7
9,7
39,17
39,22
24,23
20,9
42,1
25,22
8,7
7,23
1,24
33,2
8,16
7,9
9,3
1,16
8,23
17,2
43,17
14,25
36,4
19,19
26,7
12,7
42,27
26,12
9,29
28,30
49,18
7,27
41,25
23,3
5,15
3,5
26,12
35,21
15,3
31,3
37,23
22,13
32,30
15,28
0,20
24,15
20,12
48,6
31,23
40,21
21,3
38,19
28,28
0,19
19,4
15,25
25,24
0,23
37,27
13,26
8,30
11,4
40,29
50,26
25,23
38,29
23,8
44,11
8,1
39,9
7,28
36,20
18,3
47,14
16,6
45,27
17,13
4,17
27,25
19,25
46,15
24,14
7,29
15,25
15,23
27,4
27,12
39,13
8,25
25,15
8,30
13,13
47,10
34,22
1,9
28,4
4,13
38,1
20,6
32,6
34,30
11,27
33,26
10,28
19,9
11,13
21,19
37,11
4,27
36,19
39,18
46,21
44,30
37,2
33,18
40,4
28,14
36,29
40,7
14,2
4,18
23,11
33,8
28,12
44,30
36,17
11,9
17,4
40,9
20,6
15,30
16,18
25,27
10,25
28,11
9,4
43,24
11,5
9,21
10,13
35,9
26,2
18,2
42,15
29,29
25,1
27,30
24,7
34,26
30,1
40,22
18,27
34,5
2,17
49,2
25,20
46,10
6,15
47,27
38,28
37,18
50,17
42,14
11,29
44,28
49,2
28,13
11,12
13,28
37,19
45,28
11,9
9,14
25,25
46,16
39,15
8,17
47,8
4,19
36,6
34,12
35,6
9,25
29,18
44,2
34,14
27,18
20,27
36,4
30,17
20,26
29,1
21,30
3,10
3,3
9,15
10,29
12,11
25,1
33,4
48,29
7,4
13,20
37,22
28,7
43,17
28,25
37,3
35,16
43,3
49,26
3,11
43,4
46,5
10,6
31,16
29,23
46,11
38,2
48,22
30,6
3,4
13,24
26,16
40,3
10,3
9,4
43,28
22,17
25,11
22,23
38,12
17,12
1,28
35,10
10,23
28,1
16,27
15,3
28,30
47,12
23,29
16,17
30,18
22,3
42,12
45,11
16,4
45,19
47,1
38,2
21,24
26,12
1,28
5,1
50,12
29,3
33,30
22,29
14,1
16,3
8,1
5,17
5,19
5,14
0,6
37,29
39,16
33,27
17,7
5,2
20,4
40,30
37,3
3,8
15,3
9,30
25,21
10,16
12,26
6,18
33,21
34,1
37,2
16,30
15,28
20,4
28,17
13,16
0,10
35,1
9,22
38,25
30,9
21,24
27,26
27,25
5,14
15,7
29,9
6,28
15,18
50,27
7,5
30,3
44,10
40,23
26,19
21,3
23,22
15,9
3,22
15,24
6,25
26,19
16,2
24,27
14,3
41,16
3,12
29,2
10,6
28,2
0,15
13,27
8,22
28,26
30,6
50,14
37,8
25,30
18,10
25,15
40,1
14,27
34,13
38,17
17,10
26,29
29,7
37,28
25,19
38,29
30,12
44,3
14,20
46,20
42,29
34,8
3,26
43,23
19,7
22,14
23,24
3,4
48,26
34,29
7,5
6,9
29,18
47,20
14,2
30,20
34,9
22,9
29,25
47,24
29,5
27,15
0,23
35,8
2,22
44,30
6,28
25,6
14,20
11,9
34,26
42,19
26,9
11,20
41,6
48,12
9,14
6,7
35,11
36,18
12,3
32,13
41,7
4,14
4,20
5,26
24,27
28,2
38,1
40,12
14,15
8,10
13,12
24,19
38,19
32,7
42,29
39,10
39,21
13,14
13,28
15,13
10,7
20,30
23,6
4,23
20,15
50,29
45,10
0,25
23,6
39,17
2,5
7,9
32,10
30,9
35,23
44,26
31,9
21,5
18,6
36,14
37,30
24,10
40,19
39,21
7,10
29,28
0,2
39,21
20,6
34,19
49,11
43,24
2,27
31,10
22,13
12,20
15,4
32,6
8,14
48,18
27,17
21,29
25,20
5,15
23,10
38,28
14,6
34,1
16,28
21,12
26,5
42,4
50,5
32,30
30,12
4,13
13,8
19,13
11,4
15,24
10,1
29,8
24,16
13,13
42,6
37,12
15,8
23,25
12,14
6,12
19,15
30,13
11,28
41,16
39,2
0,8
36,20
15,24
23,28
18,27
10,2
9,16
9,27
40,30
17,10
50,6
19,22
29,19
11,7
49,3
28,7
19,26
38,3
23,10
11,6
31,21
33,15
28,15
26,19
43,3
48,21
17,3
6,28
41,21
0,24
38,15
30,26
38,2
9,30
31,6
38,5
16,13
45,25
32,11
18,26
25,20
31,30
46,18
14,22
20,12
30,24
7,7
20,5
23,28
38,1
11,27
37,28
19,12
8,27
12,15
6,1
35,18
28,24
32,16
41,23
44,30
9,16
38,11
0,14
39,29
37,14
31,30
46,9
24,8
14,27
42,1
42,26
6,25
50,27
10,27
38,29
27,24
11,1
7,30
40,2
24,5
40,2
31,22
25,25
11,21
23,5
11,26
32,11
8,7
7,8
25,1
14,29
24,26
49,23
15,7
39,17
32,6
5,1
15,28
38,11
49,21
46,9
47,24
48,23
6,30
1,4
19,13
23,19
20,3
22,10
45,9
23,22
17,12
16,1
47,20
27,24
7,14
3,12
34,15
36,22
16,24
31,17
47,26
23,5
12,25
12,18
31,27
19,21
3,29
10,28
29,3
49,19
23,26
3,8
6,28
23,8
43,9
33,24
49,4
9,30
36,22
16,22
22,18
15,21
47,5
26,21
18,27
16,16
5,19
31,8
22,11
26,18
37,16
33,3
39,16
31,11
34,16
23,14
34,4
33,25
15,21
31,4
44,17
31,5
29,26
3,28
6,22
36,25
13,24
29,6
11,21
27,21
11,13
31,21
45,1
1,20
12,19
4,28
26,28
12,5
9,4
21,1
27,30
1,29
25,17
32,30
19,21
11,13
2,22
44,27
32,2
20,22
28,29
32,13
32,16
13,4
21,23
44,20
14,1
8,16
36,18
33,1
3,18
47,12
19,6
20,4
4,2
10,3
25,30
49,11
16,6
1,30
48,28
39,7
23,18
17,2
7,13
13,19
2,8
45,16
28,26
49,13
36,17
12,2
20,27
32,11
12,7
33,27
28,24
46,2
43,24
36,5
10,30
28,13
50,8
49,2
34,15
19,17
7,3
36,24
20,10
6,26
25,21
3,24
26,16
21,7
21,9
20,21
24,14
16,29
19,11
17,20
26,18
44,19
43,17
33,21
9,5
4,21
15,7
40,28
33,7
13,25
3,16
47,7
40,11
12,18
24,11
31,5
32,6
43,3
0,28
17,13
25,30
47,11
23,18
47,2
13,6
16,22
31,24
24,11
28,21
16,5
24,1
50,7
7,15
25,11
1,14
49,24
11,10
36,18
10,27
40,26
3,26
49,20
18,23
50,20
33,14
23,22
21,24
24,12
49,5
25,11
40,29
48,16
44,5
16,13
25,4
38,18
19,3
12,17
44,14
36,9
26,26
22,10
27,15
39,28
6,28
14,7
26,27
42,15
10,18
15,9
27,27
46,22
20,25
1,18
40,30
19,14
9,21
17,13
0,20
38,15
28,25
13,27
26,16
5,5
9,25
22,6
0,20
27,13
31,23
45,16
6,9
22,6
24,28
31,23
37,18
18,8
42,10
37,27
30,22
21,14
47,1
47,15
49,17
19,4
43,30
11,4
17,8
3,1
0,5
4,4
16,14
7,25
0,18
7,3
37,14
49,3
43,20
18,3
1,10
44,12
49,9
5,28
49,23
47,23
33,10
21,25
33,8
48,8
5,8
39,5
14,23
45,27
22,15
28,25
0,25
12,5
15,30
43,12
14,11
46,22
1,14
7,6
1,29
41,15
35,2
45,28
31,6
42,24
5,29
6,5
44,18
19,2
45,24
36,12
18,26
33,16
2,19
11,2
44,2
4,11
27,25
2,5
30,5
30,2
3,23
19,11
24,30
44,8
17,5
40,20
44,4
6,7
46,14
28,3
8,20
32,14
24,10
47,5
46,7
32,17
38,17
34,12
31,21
50,28
28,6
37,16
49,26
43,22
9,6
44,28
5,5
40,9
41,1
9,26
24,13
9,17
2,5
15,7
33,12
14,24
45,19
22,14
21,11
11,11
32,2
36,25
27,15
23,8
1,17
49,26
24,19
21,5
15,19
31,27
49,6
50,11
34,22
44,7
8,20
50,7
35,29
8,24
48,13
2,5
28,2
19,23
9,9
30,10
2,6
17,12
10,1
9,13
30,28
11,27
21,25
20,3
35,13
3,30
4,21
27,1
3,9
43,13
27,27
50,9
34,17
1,24
48,28
35,13
14,3
9,21
24,8
47,30
26,22
31,22
15,17
1,26
14,26
44,13
16,17
48,24
20,16
20,4
49,11
34,10
48,15
5,24
32,18
12,29
21,22
12,5
18,13
31,28
43,10
14,17
4,16
44,10
30,26
36,18
50,8
42,17
12,22
30,2
0,12
33,22
48,20
33,7
21,2
11,5
4,19
37,24
26,15
41,30
5,17
31,15
27,20
9,14
7,7
14,13
24,19
31,3
17,24
6,12
27,8
12,4
25,24
5,27
7,4
15,24
25,17
15,20
35,20
49,27
49,25
17,23
27,30
30,28
21,6
17,27
32,26
6,4
8,17
42,9
22,29
46,12
28,15
28,14
38,8
18,27
39,22
9,10
41,16
41,11
11,27
39,30
7,5
9,24
50,12
7,25
24,5
23,28
30,12
2,10
38,9
18,8
6,3
19,21
37,25
19,21
21,30
23,24
11,1
46,8
0,29
39,1
44,27
5,11
25,7
42,11
9,4
1,29
30,4
45,29
27,21
17,27
24,28
36,12
38,15
26,24
35,7
35,27
24,1
10,13
19,28
29,12
25,27
25,10
45,2
23,9
23,14
37,30
8,2
18,24
42,24
12,20
17,29
40,10
40,2
15,8
8,16
45,8
7,16
38,22
45,16
16,5
41,11
27,6
36,25
47,22
32,24
8,26
33,24
47,22
19,28
26,12
31,25
29,11
16,20
49,5
30,15
20,19
10,15
23,19
38,8
3,2
38,29
6,20
42,27
43,28
26,15
2,10
21,17
38,21
26,11
46,11
26,2
40,22
31,19
9,24
22,10
48,16
43,8
14,13
0,23
8,11
35,28
15,20
7,1
31,16
33,29
14,21
39,8
28,14
19,24
12,11
20,4
40,23
8,1
18,17
6,3
14,7
1,10
19,27
30,20
0,1
35,28
4,30
