14,15
45,16
27,23
3,1
21,15
31,2
23,12
45,7
38,21
12,7
6,12
6,23
30,2
35,20
36,10
23,20
17,15
19,30
39,9
20,7
34,20
14,16
21,20
29,25
37,24
44,11
43,29
15,7
17,15
40,7
49,9
35,8
37,3
24,6
34,12
37,21
9,16
6,15
33,2
36,21
28,3
6,29
29,9
1,27
31,9
35,7
19,1
41,28
0,9
14,16
9,23
8,22
11,16
33,20
15,18
9,13
29,14
8,13
47,27
35,8
2,6
20,14
39,26
22,30
40,1
10,24
50,23
22,11
34,8
1,11
29,2
37,11
2,8
30,28
48,12
42,20
50,15
40,3
19,22
19,30
36,11
0,21
3,4
19,12
10,8
47,6
36,16
4,12
42,14
18,12
30,15
44,10
17,1
14,10
3,13
1,4
40,29
14,1
36,6
5,16
49,19
48,7
1,14
29,1
14,28
47,18
31,20
20,3
5,26
42,13
8,23
7,14
31,1
15,28
22,24
27,29
25,25
41,24
26,13
36,29
31,1
38,17
41,27
24,3
35,26
4,11
18,4
31,2
8,16
25,8
4,2
39,27
35,16
35,4
28,26
15,9
22,27
48,29
27,17
16,25
26,19
15,26
43,24
22,28
16,15
50,3
9,27
27,23
18,2
48,3
16,18
3,12
23,23
34,28
33,25
26,15
39,8
40,3
26,5
46,7
15,26
29,5
31,16
2,1
19,10
20,7
40,29
25,4
42,17
9,15
50,24
19,25
30,16
40,7
5,21
12,4
11,9
18,22
1,27
21,10
27,17
27,20
42,26
25,13
40,17
50,4
33,17
12,28
40,16
5,29
7,23
1,22
39,25
23,16
16,23
33,8
4,15
36,22
40,9
28,4
27,15
22,4
33,26
50,19
20,6
24,23
32,13
30,25
39,20
10,22
40,5
18,2
9,28
8,24
41,4
11,8
3,7
35,7
41,21
25,13
28,19
10,4
0,21
33,6
24,30
50,16
10,23
33,2
44,1
25,25
46,19
48,8
34,10
16,1
6,21
19,1
13,2
18,24
0,14
10,13
39,6
39,20
40,28
28,8
37,14
27,7
33,18
14,11
13,20
17,19
8,19
32,14
17,1
26,23
29,11
9,29
23,18
4,14
18,25
41,3
3,27
30,24
41,26
28,22
50,26
28,13
6,11
10,24
23,4
44,8
46,18
37,9
19,26
6,30
37,13
14,28
44,18
12,25
28,22
12,28
10,7
42,6
17,26
31,28
5,25
41,23
35,7
37,5
17,22
30,21
33,14
39,20
0,2
12,5
19,13
31,21
0,15
42,17
15,21
1,5
18,10
5,15
3,9
39,10
50,15
9,15
40,16
36,14
8,1
13,20
10,1
6,28
42,28
40,15
46,11
5,8
22,27
43,30
2,15
36,19
19,11
16,4
6,11
50,9
47,8
14,17
21,24
4,28
7,10
13,6
6,10
8,2
44,14
27,4
33,10
38,18
25,28
19,14
30,27
42,29
32,28
36,17
48,25
2,24
36,3
34,2
4,5
7,10
32,30
5,20
50,20
12,12
29,11
40,9
40,21
30,20
7,14
9,3
34,9
42,30
20,14
48,21
14,28
20,28
25,14
48,17
45,20
31,19
19,1
5,14
45,19
7,15
49,6
25,28
12,24
47,10
3,28
0,25
41,22
49,11
5,20
39,24
11,1
6,6
16,21
18,14
2,25
46,17
7,5
48,2
40,8
45,4
26,10
48,1
29,20
30,18
7,4
25,1
2,7
48,17
20,4
33,8
20,4
25,20
18,14
0,16
5,13
44,4
47,9
18,13
11,21
10,28
30,15
36,25
13,30
19,16
48,12
44,30
12,19
10,20
3,15
28,22
19,11
24,8
1,28
44,16
12,22
27,12
27,8
1,23
46,18
13,10
47,10
42,5
30,6
26,6
27,27
6,24
19,21
44,14
5,21
5,19
9,5
42,14
10,9
20,13
41,29
34,30
30,8
14,1
36,21
0,8
16,27
16,11
32,29
33,17
24,10
30,8
13,7
8,24
44,12
49,4
45,2
46,18
44,24
4,22
10,18
39,22
2,1
15,21
12,8
24,26
41,7
26,4
41,1
31,16
22,21
12,5
11,30
42,9
10,24
37,19
21,7
49,4
7,25
1,17
46,13
35,10
9,24
39,10
28,23
0,5
40,23
48,18
14,24
8,12
42,22
5,28
40,19
13,6
31,28
41,5
39,13
7,1
32,8
35,25
50,24
32,28
12,18
20,25
47,16
29,28
50,27
46,15
1,26
17,29
37,22
14,1
35,19
24,10
26,10
30,4
50,25
32,17
9,30
17,6
38,29
42,8
43,17
16,11
26,29
15,24
7,12
18,16
48,10
35,19
43,2
48,6
38,30
10,8
33,3
6,28
11,14
8,30
37,16
12,6
24,19
12,6
24,5
31,16
21,28
3,22
19,12
0,8
21,30
40,21
12,9
18,8
37,2
20,24
8,11
29,25
49,14
15,13
45,7
35,27
42,9
34,17
2,7
5,22
47,8
1,15
48,13
28,22
33,11
46,5
40,18
24,11
47,20
6,5
22,9
26,23
3,24
0,8
6,18
15,30
32,2
43,5
10,5
29,13
36,15
5,10
35,24
30,13
29,29
25,10
5,16
39,23
42,18
9,20
23,10
30,9
9,25
40,20
17,11
42,13
34,12
18,26
34,11
32,10
6,19
15,12
27,6
16,1
19,1
19,7
32,10
34,20
39,26
26,16
35,8
4,22
41,21
34,20
32,2
4,2
11,30
42,5
43,16
45,8
45,3
17,29
5,18
5,12
42,10
13,23
29,15
14,24
11,21
41,18
22,1
26,30
12,16
17,9
36,29
45,25
1,29
39,7
40,13
30,2
16,19
33,26
9,4
10,28
37,18
12,5
13,15
17,8
48,19
30,2
13,8
26,30
31,21
41,14
24,17
40,6
13,17
30,29
22,4
50,25
4,13
18,18
22,1
11,23
7,17
42,8
41,6
18,18
17,14
16,15
36,28
48,1
6,24
43,16
4,15
19,29
35,11
9,14
34,25
29,23
36,25
34,10
2,25
7,22
4,28
13,29
36,28
0,26
46,20
28,19
23,14
29,25
6,22
43,5
19,5
28,20
8,19
13,22
1,26
10,30
40,28
22,23
1,28
30,20
24,9
18,15
0,2
32,1
12,20
39,29
45,23
23,22
10,6
17,4
32,27
38,18
9,11
42,23
4,4
29,6
5,5
24,5
1,27
30,27
46,24
1,28
18,25
23,18
2,16
28,11
12,25
3,7
40,2
26,12
24,18
38,19
15,4
20,29
18,13
48,24
42,27
42,1
37,4
43,28
41,4
3,14
6,28
16,9
31,20
19,9
48,30
38,8
5,18
11,27
43,6
22,27
26,6
2,22
18,2
30,21
19,23
43,12
21,17
49,2
20,2
43,7
8,3
15,26
1,22
31,29
9,5
48,7
37,25
8,24
22,4
9,17
26,26
6,16
4,10
29,8
43,9
37,28
3,19
10,17
47,13
45,6
29,9
29,17
27,29
23,15
2,21
21,17
42,4
2,5
20,4
35,24
46,28
38,8
25,17
19,15
45,28
40,21
2,4
24,10
6,28
27,16
6,13
5,11
2,7
1,6
48,30
28,26
14,3
20,8
37,8
39,20
18,11
3,6
34,18
27,3
33,27
42,4
42,19
33,1
45,2
40,14
49,7
2,8
28,28
13,6
0,8
34,13
8,24
49,20
21,27
12,28
46,18
31,24
50,20
33,10
42,24
7,10
3,14
11,5
31,12
5,27
17,10
11,5
34,7
4,21
21,11
42,18
32,18
31,16
15,16
29,10
6,17
14,6
36,20
8,10
45,22
17,7
28,11
19,21
3,30
11,8
37,2
32,19
12,15
17,18
47,2
9,18
33,8
18,6
45,10
36,17
17,29
2,26
18,13
43,4
1,18
41,6
40,17
35,6
44,25
27,21
43,29
4,10
30,18
18,30
18,2
33,24
13,3
28,29
13,20
17,13
30,17
6,16
7,13
47,5
37,2
28,27
18,11
35,1
