47,24
11,20
24,25
49,7
31,9
48,18
3,7
22,2
4,20
4,2
39,21
50,20
45,23
21,29
16,29
38,22
0,13
36,12
39,11
28,22
17,12
40,14
28,14
12,18
36,26
30,24
19,11
38,29
7,26
21,2
48,21
40,21
26,25
11,1
15,6
23,8
35,29
11,27
44,8
13,17
26,27
39,23
3,1
45,28
31,30
44,12
18,12
25,2
7,27
45,6
6,30
10,17
12,19
34,4
37,5
8,10
37,26
50,1
20,30
4,7
25,13
21,11
18,21
21,11
35,21
29,18
2,23
16,27
38,28
31,27
8,6
21,11
16,5
44,20
1,4
38,3
3,18
5,21
3,16
31,24
6,18
45,27
10,9
12,9
12,8
24,18
37,30
24,17
44,30
39,23
17,1
36,30
46,1
44,3
45,10
28,21
1,17
44,9
13,20
9,25
15,12
9,21
0,12
5,21
13,11
21,2
50,12
45,5
19,9
16,8
12,20
38,26
27,15
3,24
14,13
24,3
21,20
10,12
47,25
1,29
11,28
20,3
26,10
1,16
4,30
1,3
2,27
16,1
28,5
8,18
28,29
4,8
1,18
20,6
29,8
2,14
47,14
11,24
6,30
45,24
47,16
32,26
5,21
12,1
33,14
33,17
32,5
37,22
19,22
30,7
36,5
9,19
44,3
7,30
5,23
7,20
28,23
45,1
2,12
18,20
42,9
10,27
7,9
10,20
25,2
4,5
5,11
43,2
12,20
3,13
0,5
39,28
35,8
26,20
31,19
5,15
24,1
49,20
3,18
14,5
46,25
7,14
44,5
22,16
29,9
50,4
37,5
15,26
3,22
43,30
26,22
0,9
16,22
13,6
6,3
29,21
20,15
4,28
30,16
48,20
37,20
4,26
23,17
36,9
17,10
3,11
22,1
28,6
8,27
36,30
50,10
6,30
46,4
10,2
13,1
39,23
38,8
21,4
42,20
16,7
28,13
48,28
17,15
8,3
15,26
18,8
29,21
36,12
37,24
2,12
2,28
49,26
41,13
25,8
6,12
8,13
49,8
34,2
10,8
25,16
9,21
36,7
44,6
25,24
28,14
8,15
47,3
47,9
15,8
46,6
14,23
34,22
36,2
16,7
9,28
1,9
1,11
8,29
22,19
15,13
17,14
13,7
10,24
23,19
50,1
5,27
3,6
3,19
1,8
16,29
2,6
23,15
35,13
23,7
25,17
47,7
30,13
38,24
15,23
32,11
27,23
21,3
30,26
16,29
8,4
46,1
33,28
32,12
7,8
36,2
10,26
29,7
45,5
17,1
7,23
1,24
36,9
2,2
45,16
4,26
20,15
46,20
18,6
42,28
15,27
28,11
36,2
25,24
18,26
31,9
35,19
6,14
17,17
44,29
47,19
2,26
28,16
15,10
48,1
10,26
15,25
2,20
36,21
13,6
21,17
46,5
12,6
45,14
37,16
45,15
30,5
1,19
33,3
9,13
40,8
48,5
0,30
47,28
40,6
24,18
25,18
42,1
45,23
48,22
46,4
0,30
19,29
21,9
42,14
41,19
23,17
2,29
7,28
12,10
29,27
45,16
41,17
18,18
20,15
11,19
18,20
35,22
25,22
7,15
1,28
46,11
24,14
25,11
15,22
34,18
5,15
10,5
40,1
11,21
1,12
38,2
39,30
16,16
43,25
16,3
15,30
16,21
33,4
36,22
27,14
23,13
0,17
46,20
9,19
46,29
15,19
48,9
38,2
18,7
6,15
18,9
41,16
50,20
45,8
34,13
26,27
6,30
25,22
16,25
49,13
12,5
39,26
40,18
6,16
16,10
14,21
18,22
40,24
26,19
7,2
4,21
18,15
2,27
30,21
7,17
42,17
45,17
41,8
45,14
17,4
8,13
32,15
18,28
40,2
32,20
5,20
48,10
29,28
19,21
24,3
10,29
3,8
19,19
37,25
21,14
21,25
11,25
31,2
1,3
39,14
4,7
2,6
31,19
44,12
17,30
49,20
40,10
16,5
4,11
18,11
35,23
10,19
44,18
11,26
29,4
37,9
36,20
18,28
8,4
12,4
9,28
40,14
10,26
2,29
22,11
35,19
23,22
3,15
45,24
46,2
35,27
26,19
0,16
13,6
47,12
31,12
29,9
34,26
11,22
27,12
7,30
44,11
21,7
4,15
22,7
29,6
22,1
37,22
39,21
27,28
21,20
13,28
19,10
42,19
17,4
36,6
2,4
20,7
32,2
30,2
23,6
2,20
24,3
39,3
40,22
6,12
11,3
35,4
33,1
32,4
5,28
1,1
25,21
4,29
36,9
20,11
43,19
5,23
22,8
5,1
31,30
7,13
26,10
37,4
3,15
27,30
49,6
44,28
30,21
27,29
35,14
5,1
26,24
19,10
25,25
42,18
16,12
16,27
49,27
20,13
32,14
37,22
22,28
4,29
39,20
48,12
5,9
16,13
1,23
24,17
2,9
1,5
18,27
11,13
39,3
41,27
25,19
36,24
18,6
40,2
32,19
37,1
1,15
16,7
43,21
22,19
23,28
36,29
2,6
44,5
2,29
31,30
45,6
13,20
12,3
25,25
0,18
23,29
11,5
18,2
6,20
45,12
39,5
16,5
24,22
8,14
36,30
47,12
5,4
30,11
48,7
5,23
42,9
50,12
17,4
23,7
20,29
7,14
49,17
21,18
37,24
2,9
7,20
31,27
0,25
46,26
50,21
8,3
7,1
49,1
26,10
44,14
2,28
13,14
7,22
14,7
6,2
37,11
15,22
41,22
43,25
18,16
11,3
11,5
41,9
38,18
31,20
50,23
25,20
49,13
42,5
11,23
36,18
2,17
23,24
45,11
45,28
15,17
46,14
35,23
41,15
43,25
50,9
28,8
45,1
26,20
46,11
5,17
44,4
11,11
22,21
38,15
43,22
5,17
30,21
26,8
23,19
37,22
10,9
0,30
7,5
14,5
2,28
43,6
5,7
20,26
45,12
48,12
1,17
41,28
29,2
16,1
29,11
4,1
11,22
18,7
16,18
12,17
39,7
22,23
19,5
27,24
19,8
41,2
47,20
40,21
19,13
48,21
32,5
32,26
44,19
25,9
31,29
9,15
14,23
50,26
20,1
26,3
5,11
16,13
38,21
19,27
1,21
5,4
36,18
39,12
36,1
40,20
45,13
21,12
7,14
30,26
32,27
24,29
48,25
38,3
7,8
40,24
20,16
19,16
41,16
17,23
12,3
0,21
13,2
18,29
6,26
2,7
10,9
42,24
26,26
40,8
29,25
26,18
12,16
23,7
29,2
33,12
29,10
26,1
23,24
0,21
49,2
44,18
13,21
44,13
50,9
3,6
0,25
15,26
8,23
25,7
22,26
27,20
31,25
26,16
18,27
20,4
45,20
33,4
13,16
30,27
19,14
31,13
6,9
31,8
32,23
20,7
7,13
0,8
48,9
12,27
25,12
46,30
12,11
42,18
7,27
28,28
19,5
33,25
11,30
36,20
29,11
29,17
12,24
24,21
39,22
15,5
45,6
38,30
4,25
30,8
26,30
21,21
13,26
19,30
31,7
14,5
49,2
33,16
12,1
8,8
11,15
32,13
8,11
8,26
1,2
49,5
4,7
46,18
35,13
12,28
20,22
9,30
9,19
37,19
29,22
4,27
20,7
0,11
42,2
49,4
22,2
15,10
6,29
34,2
6,30
29,9
48,7
50,20
43,2
36,21
6,9
0,23
3,30
34,2
5,27
38,21
2,19
8,5
44,3
14,18
4,8
25,23
11,27
24,1
38,9
32,29
34,25
5,2
8,13
25,16
31,5
50,14
31,20
9,19
20,14
20,8
29,4
22,19
15,26
26,28
18,5
33,9
33,7
50,27
17,30
41,25
19,13
27,7
46,19
35,7
2,23
23,6
46,22
27,29
22,24
13,20
45,11
32,25
39,3
3,21
22,5
22,5
3,14
6,14
15,30
13,8
13,20
39,1
30,7
23,7
23,12
11,5
22,9
37,19
23,18
32,24
21,20
49,11
35,3
50,23
20,13
14,18
29,24
21,5
1,15
12,21
36,10
20,3
45,27
25,25
28,25
2,13
0,9
3,1
6,6
29,16
1,16
42,15
50,29
14,30
39,7
43,29
