14,21
38,30
22,21
2,5
26,21
5,17
49,24
26,24
19,9
47,23
36,30
37,22
5,4
50,10
35,17
44,11
10,19
14,26
12,14
27,8
38,16
18,21
1,4
16,2
11,22
40,9
42,9
48,8
12,19
19,9
47,25
13,18
47,17
10,1
23,14
36,27
48,2
26,28
10,1
33,23
8,3
42,12
22,14
19,30
42,28
31,21
41,25
47,26
50,21
41,23
4,14
30,25
5,10
2,18
7,23
14,30
19,17
11,18
44,16
30,20
29,10
13,3
13,1
45,7
31,1
29,12
38,30
25,26
35,9
34,6
6,6
28,29
46,22
14,6
7,1
45,21
50,4
27,8
22,21
44,27
24,27
36,4
44,13
16,29
39,14
26,5
9,19
26,5
35,15
11,25
26,11
0,16
31,7
45,23
0,9
14,15
23,15
17,4
7,3
43,17
10,19
9,29
40,24
35,13
9,11
5,28
1,1
21,22
19,21
1,8
17,6
16,21
38,26
1,8
32,19
42,22
24,11
37,9
41,10
18,4
33,22
24,1
40,7
34,7
14,15
23,1
6,20
48,10
25,11
29,29
40,8
28,13
50,7
50,5
20,18
26,1
49,13
39,27
16,12
27,23
2,20
37,1
48,19
32,29
30,8
27,6
22,20
10,10
18,20
12,11
15,26
31,6
21,12
28,14
18,26
16,4
7,3
8,22
32,26
22,1
31,6
50,7
1,12
38,14
38,21
42,22
39,28
46,6
30,19
48,18
23,29
48,3
32,17
11,4
27,9
24,23
42,16
38,11
15,27
46,4
13,9
32,1
0,20
20,22
9,25
47,1
8,24
36,24
9,24
0,24
28,10
49,2
22,5
11,27
34,8
14,15
34,17
47,16
10,19
30,28
38,22
46,15
23,25
16,28
43,2
50,16
11,25
6,8
12,22
23,14
48,10
35,18
5,4
46,20
10,1
12,15
50,5
32,28
12,4
41,24
26,24
41,10
10,6
4,4
6,29
31,26
36,19
44,13
35,2
49,29
34,30
4,30
41,17
45,2
43,5
18,24
37,24
15,16
31,24
25,28
42,25
10,17
7,12
32,29
4,28
39,17
23,4
7,21
47,14
6,21
36,22
32,9
18,5
18,26
15,22
33,3
30,23
49,27
40,30
5,25
40,29
16,8
2,24
32,6
4,17
24,8
16,13
38,19
9,16
15,15
44,13
4,20
19,15
46,15
11,17
13,6
13,13
5,30
17,19
8,30
3,7
36,19
44,16
33,8
46,9
23,8
50,14
48,19
46,17
50,14
22,23
35,26
47,2
4,18
10,8
43,12
29,16
19,22
48,15
35,2
31,7
2,22
36,26
43,7
42,3
13,2
3,1
46,18
49,2
49,24
45,11
23,12
42,23
21,24
25,30
12,5
20,26
40,24
16,30
22,3
41,14
16,24
46,22
18,6
46,6
0,1
9,26
31,14
28,13
10,20
44,21
12,26
14,18
48,16
42,22
38,27
15,3
1,20
3,28
2,29
16,18
14,3
17,11
17,9
0,19
50,27
39,20
29,22
4,11
37,18
16,2
48,28
16,15
39,1
9,6
32,14
24,5
15,29
2,14
10,8
42,5
35,7
12,21
18,8
45,21
1,12
36,8
10,10
40,23
9,30
40,29
4,22
23,10
2,21
29,1
48,19
16,22
3,4
50,8
48,7
17,18
46,2
4,8
17,14
16,6
18,5
5,4
30,23
46,27
16,11
39,16
3,25
35,10
9,6
40,21
18,15
30,2
17,17
18,26
8,11
46,2
4,20
0,16
1,17
28,20
7,2
44,15
49,13
35,4
40,26
50,26
0,30
4,10
23,2
10,11
19,21
27,17
10,25
33,13
17,8
5,10
29,28
30,11
2,17
49,21
21,10
28,18
36,23
33,10
9,21
14,23
49,11
12,7
18,8
13,16
13,20
17,3
19,25
22,15
21,3
41,5
36,19
12,13
41,24
31,5
3,8
35,12
25,12
49,18
8,28
11,30
11,26
21,24
5,13
47,14
30,10
27,2
15,29
28,10
44,17
21,25
38,16
29,19
38,4
25,21
1,20
48,3
11,6
19,13
33,14
3,8
17,17
41,18
50,27
35,6
11,16
37,21
43,15
18,3
47,17
11,28
41,30
47,16
27,24
23,26
31,28
21,30
9,11
0,23
1,18
29,14
16,20
20,28
41,9
24,19
23,24
0,9
47,6
50,19
5,20
18,19
39,12
29,10
49,23
11,1
0,15
29,8
8,27
17,3
19,28
27,21
27,24
33,6
35,8
4,21
15,22
3,25
25,30
26,30
35,14
6,15
13,22
2,2
16,5
21,18
45,29
24,2
33,28
50,28
17,4
30,22
15,14
37,10
17,11
11,10
32,22
34,1
19,26
24,4
19,28
50,5
1,2
20,25
5,22
32,13
37,27
36,28
36,27
3,10
48,27
8,5
34,16
20,13
41,23
39,25
33,5
19,23
46,17
0,5
2,6
48,19
31,25
27,19
33,2
34,18
13,21
43,16
39,13
11,8
37,3
36,18
19,14
37,1
8,12
24,1
12,29
9,14
38,6
22,27
16,28
8,1
34,19
33,23
15,9
41,15
22,2
18,10
45,27
49,24
26,8
14,20
34,6
30,18
4,2
23,10
17,30
44,25
36,19
15,6
31,12
31,4
45,4
4,14
27,4
45,5
35,14
49,12
23,23
40,10
27,30
17,17
47,28
9,14
21,28
17,29
44,18
8,26
33,9
48,8
47,18
33,24
47,6
14,23
49,9
37,15
35,30
0,26
22,24
17,22
34,25
22,3
28,2
38,17
43,12
23,11
32,26
48,11
43,22
42,14
18,22
8,12
7,30
46,28
44,5
4,22
7,26
35,22
25,6
19,14
31,21
35,26
25,5
36,26
5,28
21,12
28,3
34,28
3,12
40,19
13,4
22,29
0,6
21,15
3,25
28,18
49,7
13,7
0,9
48,22
7,16
28,8
35,24
29,13
26,6
49,17
11,3
33,6
45,12
13,19
15,9
13,25
45,7
16,24
2,19
21,26
28,6
4,16
30,30
11,14
1,23
20,12
35,25
31,13
22,1
5,30
40,18
19,26
40,11
34,11
23,24
41,14
9,8
15,7
24,9
29,9
34,5
6,23
7,22
34,12
11,19
31,4
36,26
47,10
47,27
14,20
25,27
32,19
4,26
50,5
22,15
11,26
21,19
10,16
44,10
12,9
49,12
45,14
3,18
1,1
2,21
25,11
29,11
18,18
2,16
44,27
11,15
38,5
39,7
41,21
48,17
26,10
29,15
36,3
23,29
17,11
16,27
29,27
3,6
6,22
22,11
34,8
22,1
43,8
6,13
32,14
37,21
2,18
44,4
23,12
40,28
7,12
12,25
50,9
46,18
16,10
3,4
20,7
47,14
24,16
46,9
10,20
49,17
15,23
13,10
34,20
14,5
8,3
9,25
38,4
49,22
29,26
31,9
21,6
7,23
13,17
6,29
21,25
35,17
9,13
20,2
34,3
8,1
23,1
4,18
10,16
23,27
12,23
35,22
10,19
8,26
25,10
38,30
37,4
25,28
39,22
32,20
14,12
40,24
22,17
10,8
49,22
29,20
16,15
44,7
50,19
21,27
18,2
14,2
0,11
42,1
9,28
22,13
44,29
35,24
36,26
23,8
28,7
27,27
7,10
28,27
45,12
10,2
0,10
10,10
36,3
41,22
14,7
50,23
42,8
35,25
30,6
2,12
7,19
34,27
31,3
1,14
26,26
47,27
33,19
37,19
19,14
7,10
43,6
50,18
35,28
40,11
12,28
29,13
1,1
17,14
46,7
18,7
37,4
22,28
24,19
35,4
37,25
2,26
26,15
34,25
36,23
24,8
14,6
41,9
13,14
14,21
14,8
25,9
7,30
14,8
31,26
16,16
2,28
1,7
38,3
19,2
25,25
4,22
44,14
22,5
7,16
38,9
16,15
4,10
17,5
50,21
48,1
35,5
10,5
11,24
50,3
38,14
39,22
28,29
37,25
0,9
43,14
18,22
6,17
28,4
29,27
32,29
27,27
27,4
44,13
4,14
10,19
43,24
39,11
15,5
11,12
5,26
30,7
0,15
23,8
34,7
38,12
2,11
19,20
17,21
3,7
31,20
31,25
4,18
