44,19
5,6
31,20
32,29
1,9
1,1
23,14
1,12
2,8
13,12
24,15
2,15
5,9
29,1
41,30
12,24
24,28
41,30
44,11
19,21
16,7
4,9
1,11
31,5
29,2
47,1
49,8
38,4
50,3
4,1
28,12
7,28
12,4
44,15
47,14
43,18
40,14
27,11
2,6
49,28
17,16
0,6
17,2
3,4
6,6
46,20
0,16
38,21
46,14
47,11
2,23
8,26
45,12
33,30
23,26
38,13
14,18
49,6
25,1
14,8
8,1
28,21
27,23
40,3
28,11
48,17
32,15
20,9
39,17
5,10
12,17
4,16
13,9
46,14
20,29
15,16
38,2
35,22
28,8
16,13
14,7
4,8
2,14
2,4
32,24
37,20
35,19
14,14
42,2
28,15
18,13
11,24
45,17
11,13
34,5
23,2
24,23
19,23
26,21
12,18
20,1
25,26
27,17
22,17
2,19
14,24
27,13
29,23
11,28
36,5
8,19
45,13
40,20
21,24
11,12
10,22
50,6
37,27
27,8
35,22
4,2
35,16
36,7
50,20
36,22
25,16
10,30
4,26
20,10
2,10
22,11
17,24
29,23
6,4
11,24
34,4
16,6
23,14
24,7
21,7
7,18
6,3
28,1
18,27
27,2
42,2
42,9
42,14
35,21
42,20
14,5
8,20
24,30
31,10
1,21
32,9
12,2
11,17
34,24
24,28
44,9
5,25
19,4
37,25
7,28
37,2
3,28
39,29
33,24
2,27
33,6
27,26
0,4
19,22
38,18
17,3
8,17
6,9
33,25
38,23
1,23
20,16
47,24
43,30
13,28
6,16
20,30
14,24
2,24
32,19
37,9
1,15
13,18
47,4
20,10
11,17
4,27
26,14
17,7
34,17
0,17
17,26
23,13
40,17
13,19
1,29
2,18
25,6
28,14
32,17
13,11
20,11
0,20
45,25
32,11
27,10
18,12
49,15
11,20
36,21
18,29
49,17
39,4
11,21
46,19
17,24
5,16
49,12
34,19
43,9
12,10
26,28
29,16
11,10
10,10
29,22
28,1
3,13
25,7
34,15
31,7
26,10
19,13
40,15
9,29
13,30
2,10
48,3
36,7
2,19
45,11
28,30
21,8
4,10
34,5
10,20
50,20
32,9
38,6
1,5
7,6
23,27
30,14
18,14
41,20
17,26
47,9
7,25
49,16
41,1
18,29
4,2
25,8
15,15
29,24
44,27
31,24
10,26
29,13
8,11
48,30
40,15
37,11
6,20
31,30
20,10
1,22
17,4
23,28
50,23
4,29
49,7
33,17
10,15
12,25
42,1
12,3
0,23
26,17
18,22
11,6
42,15
31,19
31,3
43,20
33,12
41,20
5,26
30,3
21,8
1,26
16,24
8,26
25,1
8,8
41,25
31,20
10,2
38,7
47,25
7,4
1,17
21,24
14,25
13,7
3,16
11,29
16,21
28,7
2,13
20,9
14,8
40,3
1,28
23,5
22,3
9,16
8,26
2,11
37,30
42,16
48,9
16,27
10,27
48,1
24,27
25,14
48,18
50,3
50,1
37,26
23,19
16,11
42,22
48,12
18,30
14,7
45,28
14,15
44,9
14,29
9,11
31,27
29,21
48,6
7,14
7,25
21,13
37,4
6,6
40,28
22,25
49,19
36,30
30,2
31,5
28,18
30,20
13,16
19,7
23,13
32,27
4,7
14,8
38,22
44,25
7,25
9,24
18,26
2,23
6,29
17,26
31,3
46,17
48,17
33,10
27,16
4,23
39,5
9,3
33,6
13,16
38,27
40,23
39,30
4,5
28,30
50,7
43,2
25,9
37,18
50,9
41,23
38,8
33,20
19,17
5,8
21,30
46,15
7,4
44,8
27,25
9,30
5,13
15,19
37,29
34,16
31,17
41,12
9,26
24,26
28,19
15,9
49,1
16,17
29,7
24,6
11,11
6,9
28,19
12,7
24,20
47,4
18,23
19,22
5,24
32,22
9,9
35,19
11,11
39,11
21,28
2,7
41,6
29,20
34,28
19,19
41,24
16,25
24,1
28,20
33,11
14,24
13,15
9,13
4,12
16,26
38,30
49,8
20,24
48,19
14,3
45,12
39,2
38,3
49,9
15,26
10,25
0,30
22,22
15,4
32,28
36,30
49,13
23,7
31,18
37,11
36,26
7,24
27,20
37,23
28,11
43,9
8,23
5,9
0,27
50,20
42,5
1,7
41,25
46,25
49,11
47,25
7,27
23,15
17,16
13,17
18,1
33,22
48,29
22,30
13,23
43,8
22,19
34,2
34,23
7,24
42,8
27,25
16,26
40,13
12,28
26,6
29,19
27,20
31,16
48,16
38,12
9,5
49,16
0,26
15,11
5,29
43,27
8,4
20,18
22,12
0,11
48,28
24,19
37,12
27,2
7,27
19,26
37,9
48,14
37,3
10,30
14,27
25,11
29,17
18,3
37,8
37,26
45,22
49,13
28,5
13,11
18,8
48,22
36,29
11,3
35,23
21,6
50,17
19,24
33,11
32,11
20,17
36,16
1,7
33,16
15,4
19,21
48,4
49,23
36,17
9,23
16,3
11,12
17,11
30,8
3,9
29,1
12,9
28,13
26,13
20,9
7,10
47,11
50,24
12,17
37,10
39,1
2,4
2,22
0,2
37,25
36,21
15,7
33,30
39,6
18,29
12,14
16,14
32,14
30,18
13,14
20,24
50,18
11,11
29,16
22,8
12,17
6,20
1,20
10,5
48,2
50,28
11,8
38,15
30,5
49,7
4,1
17,26
17,29
1,4
44,15
13,23
36,9
35,18
2,7
41,8
31,5
14,10
32,13
32,17
18,26
32,19
49,13
21,12
26,13
20,6
34,30
48,10
29,10
41,27
27,1
20,19
25,6
36,13
1,24
6,16
18,10
2,21
17,6
40,9
6,25
20,1
5,3
24,26
47,17
13,11
15,7
24,2
43,24
34,30
11,12
20,2
13,6
48,27
16,5
47,4
19,10
35,17
40,14
23,11
11,27
19,12
4,29
24,1
0,22
44,7
18,25
45,16
41,26
18,10
4,26
13,14
4,12
23,15
34,13
25,21
23,28
33,26
17,14
40,15
35,7
2,5
0,4
10,7
29,22
40,1
27,20
10,25
39,29
34,19
0,23
1,3
50,4
27,12
41,23
11,14
20,5
42,29
35,16
3,3
23,24
19,9
43,24
16,29
9,7
4,14
34,12
45,10
16,8
38,18
40,12
43,29
25,16
39,20
19,18
17,8
34,29
9,11
14,20
19,1
2,20
48,21
22,9
39,14
46,11
7,26
6,1
41,29
8,6
46,9
48,21
47,18
14,29
23,26
41,29
20,9
37,17
26,3
46,23
30,24
23,8
16,22
3,9
7,7
17,5
14,13
49,8
24,7
14,21
6,5
0,1
4,13
35,14
23,13
49,18
37,14
40,7
5,16
42,22
24,12
42,30
2,30
27,27
24,26
30,29
49,13
4,16
21,30
4,27
32,11
19,14
20,12
2,3
29,16
43,16
26,21
12,22
22,10
27,10
12,25
38,25
43,26
34,19
31,25
19,8
42,12
4,8
10,3
0,2
42,26
0,20
39,21
5,2
22,14
5,13
1,22
45,14
7,15
3,17
3,26
45,20
23,24
37,18
17,21
32,18
43,20
50,9
1,6
48,29
34,7
5,12
19,4
3,4
37,4
25,16
13,14
21,8
9,24
50,4
27,11
39,18
35,7
19,12
5,9
3,23
26,19
20,10
47,25
12,13
10,29
33,19
25,17
0,5
6,4
47,12
50,20
44,16
41,23
31,17
37,11
17,2
3,21
36,6
37,26
24,18
18,19
20,23
8,11
7,16
47,16
44,6
10,6
16,29
32,3
48,15
47,14
0,19
2,23
45,13
16,27
26,4
17,3
20,21
28,5
20,22
38,4
35,3
33,29
1,7
48,5
34,24
37,29
37,17
7,9
1,5
4,27
36,12
28,29
16,19
49,12
17,6
30,26
3,17
25,22
11,28
46,14
36,20
7,24
45,22
12,29
44,17
11,4
4,8
4,15
31,19
16,17
22,16
13,15
36,9
33,15
17,8
27,19
6,20
28,3
27,16
3,5
38,23
40,18
21,7
40,26
30,16
26,24
50,3
50,7
38,29
4,16
0,28
31,6
38,12
31,25
24,25
48,16
32,21
40,1
25,15
38,9
50,7
43,15
39,11
44,18
35,22
31,18
34,20
