33,5
27,17
31,29
40,16
37,27
19,9
10,17
42,11
37,9
30,23
12,16
44,16
25,14
50,23
41,25
49,10
6,8
19,30
4,13
36,7
35,16
42,11
21,14
38,25
5,12
42,20
6,4
39,3
30,3
15,21
13,11
43,1
46,19
3,30
0,12
36,30
27,5
38,8
1,26
7,13
1,7
26,27
1,8
38,4
19,24
13,14
20,12
0,28
33,20
33,5
36,7
14,2
5,1
38,18
37,17
0,18
2,3
1,22
38,11
24,17
29,14
50,3
47,14
8,12
42,13
9,30
45,1
6,5
6,12
48,13
6,17
48,3
24,12
34,27
36,16
47,1
14,25
0,1
24,24
12,29
10,11
44,20
16,4
35,11
8,17
18,5
23,13
11,17
18,16
31,20
3,10
42,2
0,20
19,20
31,30
18,16
15,13
37,10
30,30
24,9
15,18
25,26
9,16
18,24
8,5
42,23
39,8
7,3
48,1
46,1
15,5
50,8
40,3
43,4
3,2
33,30
39,12
12,10
19,19
28,12
25,2
39,16
22,9
23,3
39,23
32,11
16,18
7,22
18,26
32,3
18,27
45,20
10,12
9,30
27,26
9,6
18,30
50,29
18,18
35,12
2,20
10,29
9,19
6,28
16,11
46,10
31,11
6,16
47,6
46,28
14,7
49,24
9,8
48,9
3,29
13,16
1,28
48,18
15,23
16,17
7,16
4,24
48,13
22,16
19,15
28,6
4,12
11,28
9,25
2,18
8,6
43,8
32,7
13,1
20,23
23,1
14,29
28,4
35,30
48,2
47,13
36,27
9,20
19,26
46,29
26,13
40,19
27,28
31,18
7,17
8,23
16,9
5,29
34,3
18,2
24,4
10,9
23,14
14,8
46,3
19,22
23,22
34,24
20,15
1,9
1,13
27,19
43,22
16,19
6,24
3,27
49,16
36,5
39,12
30,16
29,25
25,23
7,18
23,29
41,29
33,10
38,18
11,12
50,30
2,3
50,28
22,30
49,19
35,1
17,24
10,21
41,29
26,28
9,18
3,30
35,19
48,5
0,11
28,4
30,27
29,1
8,19
12,25
28,29
35,9
38,16
43,10
2,27
43,28
45,18
11,20
18,4
3,23
16,2
28,19
30,14
7,15
31,5
31,28
9,1
13,12
34,25
35,22
10,20
7,2
22,2
9,6
10,14
7,4
47,12
0,25
32,11
24,7
43,7
25,29
17,14
18,15
3,7
50,17
38,23
44,20
19,30
46,16
13,9
12,4
41,12
33,22
2,13
12,7
10,29
45,19
44,17
20,22
16,7
45,19
28,23
21,12
15,1
50,6
14,11
7,21
47,22
30,20
31,19
42,19
5,7
44,26
19,9
24,17
49,5
25,24
21,14
6,26
22,1
11,7
1,14
2,12
2,19
5,4
27,24
40,21
29,28
23,8
47,2
50,28
19,25
37,21
18,8
17,29
43,18
1,3
33,3
28,20
4,13
18,10
34,25
21,9
10,17
41,5
13,17
6,4
48,12
3,7
11,27
9,24
44,12
35,22
24,12
27,26
30,18
33,26
32,23
24,12
16,14
38,13
32,22
23,25
1,3
43,10
15,2
20,15
49,28
29,13
33,12
23,27
37,23
47,2
23,15
35,19
40,20
3,13
49,6
19,1
17,21
22,15
17,2
1,2
11,23
15,23
16,4
6,5
28,11
6,5
37,27
24,1
44,16
3,28
23,6
38,30
20,15
38,23
17,14
29,15
1,21
33,5
30,3
25,6
36,20
22,29
14,24
12,10
15,30
27,26
24,4
29,28
46,6
42,17
34,12
15,13
18,8
23,20
29,27
49,13
4,10
37,30
12,5
41,14
28,29
23,15
10,29
9,3
12,28
11,2
38,16
24,2
39,1
44,12
40,7
44,29
29,17
25,2
23,25
48,19
14,20
7,30
27,9
3,2
22,28
4,9
46,13
13,17
43,9
1,28
12,5
40,30
25,27
19,6
44,21
4,30
10,30
26,18
25,11
8,12
9,5
35,16
4,25
45,30
30,8
1,10
41,18
37,10
20,4
30,26
15,10
8,28
25,26
23,30
37,18
20,30
22,7
9,3
13,18
25,12
49,20
48,10
37,24
40,2
5,11
4,24
36,29
27,21
20,16
0,11
6,3
14,17
1,2
43,12
26,16
7,6
37,13
25,11
11,4
5,26
48,9
30,26
14,13
25,13
34,17
5,26
45,14
39,25
17,2
23,17
15,14
45,9
41,5
46,3
21,23
23,18
12,10
41,21
17,18
26,28
37,8
15,18
21,20
36,13
20,27
35,4
3,30
45,1
11,3
44,18
26,27
38,29
9,28
14,26
0,22
24,8
13,14
40,9
44,25
35,10
13,29
43,1
47,25
46,2
42,21
44,2
39,11
11,15
4,8
4,10
18,25
45,3
38,25
28,9
12,1
26,23
50,21
7,1
32,27
20,27
39,5
11,8
3,8
25,30
31,3
10,3
49,28
48,5
50,27
30,25
11,6
20,29
15,15
32,27
30,12
30,2
13,25
49,8
23,20
32,27
49,23
16,20
48,22
35,21
28,21
1,22
8,5
35,14
4,10
12,11
17,30
16,6
13,23
28,28
36,30
33,16
45,27
2,22
29,11
28,28
37,27
17,12
45,25
0,26
22,13
31,17
45,25
49,11
5,16
44,23
32,24
46,26
43,14
41,20
4,20
17,9
48,9
32,7
2,20
8,20
8,11
21,4
8,14
8,28
27,12
22,9
35,23
50,13
36,10
34,27
10,14
36,24
8,20
39,23
10,18
22,16
27,20
44,26
18,20
22,6
16,29
30,27
31,21
0,8
0,14
43,13
48,8
40,17
49,1
4,26
2,29
13,27
50,25
32,28
8,14
50,27
37,5
24,8
32,19
50,9
7,7
9,28
41,2
42,25
16,6
11,11
18,15
44,1
13,11
13,24
39,24
10,15
39,21
43,21
40,15
50,1
49,7
43,20
26,2
17,23
47,9
50,10
4,17
11,16
48,11
49,22
28,12
35,24
49,29
13,19
1,18
33,9
46,20
16,6
5,3
10,30
25,4
19,23
13,5
20,12
14,15
19,22
41,18
11,20
42,22
42,28
11,5
16,3
10,3
17,8
22,24
3,25
42,26
16,2
28,27
9,29
9,26
12,1
29,6
45,12
50,22
22,21
28,10
35,8
44,7
4,12
39,8
13,17
28,11
9,23
45,5
25,26
1,2
23,26
8,21
2,23
20,6
35,8
26,26
3,15
27,11
9,26
30,19
14,15
4,30
36,18
14,4
9,23
37,17
27,15
30,11
32,7
4,14
28,22
3,3
37,10
33,11
12,1
24,11
15,30
7,9
14,20
16,24
33,8
4,24
15,27
37,22
29,19
38,20
37,5
21,24
1,23
25,1
13,7
38,6
33,6
4,2
24,28
44,22
24,27
24,9
49,23
28,14
13,7
2,1
10,7
41,7
16,1
4,21
45,3
46,30
0,24
30,23
44,27
45,25
4,7
34,13
12,21
40,22
20,20
44,9
49,16
24,5
21,23
9,23
7,19
45,9
11,10
18,1
41,24
9,10
26,21
18,16
0,26
34,24
39,10
15,8
39,26
44,3
12,28
10,18
6,17
26,10
40,22
45,14
17,11
20,16
37,15
46,16
35,18
14,8
50,19
4,17
14,11
7,16
31,21
18,20
14,24
43,9
28,1
5,11
11,26
4,20
1,23
3,6
0,30
46,28
17,7
49,6
7,5
45,27
40,26
6,24
5,28
4,21
39,20
38,23
1,19
15,17
1,7
48,22
33,28
46,28
46,15
5,15
49,15
49,16
8,26
1,26
48,27
8,2
4,3
19,4
17,6
15,12
44,5
25,5
15,21
30,13
18,24
2,25
23,29
33,2
6,8
18,22
21,26
38,6
12,3
4,9
2,25
19,8
50,4
41,3
50,27
47,17
18,9
4,4
45,19
6,28
34,15
39,30
6,13
45,7
18,4
40,29
26,13
38,4
8,25
36,17
26,2
33,6
17,11
16,28
30,13
47,12
43,6
44,15
11,15
38,5
48,10
18,21
34,30
6,3
22,23
39,7
30,19
36,14
21,29
25,25
2,14
9,8
49,14
2,14
29,13
0,1
10,12
24,27
43,18
37,20
43,17
38,5
17,17
8,5
2,17
39,24
40,12
26,9
15,20
33,27
48,16
26,25
8,1
49,7
50,10
22,6
41,23
29,28
44,17
10,10
