1,19
45,25
44,30
17,6
28,9
27,16
21,19
39,16
39,3
24,7
5,10
10,13
46,16
16,28
17,12
1,21
19,8
4,10
9,2
41,22
39,22
15,29
9,29
25,25
48,16
11,14
21,24
9,17
0,20
41,29
27,11
19,21
38,10
13,29
7,12
3,30
17,14
25,7
50,24
24,7
11,11
40,26
24,5
46,6
49,15
49,16
32,3
43,3
10,29
24,14
47,14
25,18
19,5
7,15
16,22
1,21
48,25
15,30
38,19
37,5
13,8
4,8
33,5
28,30
30,5
19,4
45,14
50,12
46,9
29,13
12,22
50,26
1,16
26,15
17,14
16,9
43,14
47,11
38,2
8,27
38,20
30,30
3,18
5,16
1,27
22,12
34,10
1,19
42,11
32,10
20,5
26,6
48,19
21,18
33,23
18,16
49,6
16,19
22,21
28,21
20,25
47,10
25,29
23,12
40,24
32,30
25,29
14,6
37,14
35,30
43,28
24,7
15,20
34,24
37,10
49,28
23,6
12,10
43,15
29,9
34,21
18,17
16,10
4,18
9,24
21,19
29,12
18,9
28,5
37,4
45,27
38,29
39,21
1,17
3,9
21,5
27,2
33,13
6,29
49,1
11,25
19,5
45,24
2,28
14,21
40,8
50,20
10,14
7,22
11,24
43,5
33,2
10,21
11,18
14,7
3,22
9,30
46,8
35,16
50,5
27,5
48,28
28,11
26,24
3,10
6,18
0,9
25,26
8,21
13,26
15,19
3,12
22,1
33,29
12,7
38,1
10,26
36,1
36,20
17,1
10,2
7,13
26,13
5,4
7,6
45,30
27,28
36,13
10,22
49,18
42,24
29,27
39,25
7,11
26,22
26,13
35,16
39,25
28,29
11,29
35,23
32,12
31,9
22,22
10,22
43,19
11,1
1,29
42,15
4,17
32,5
20,4
7,1
28,23
32,27
42,2
12,14
23,9
1,25
12,24
28,10
19,7
2,9
37,14
18,22
33,17
35,3
13,16
12,20
6,20
9,19
3,22
39,4
10,6
29,30
44,2
15,24
15,28
18,7
44,30
32,30
47,16
41,1
17,23
3,20
17,30
33,6
48,22
37,1
46,21
50,27
20,2
29,19
43,28
2,15
42,22
17,7
11,20
8,27
14,10
35,1
18,20
17,1
18,21
31,11
11,2
21,19
25,29
47,6
41,25
2,3
26,16
24,6
30,27
45,6
28,21
7,8
27,14
38,20
16,2
46,28
8,15
44,10
50,9
1,1
35,8
50,10
15,28
3,16
16,19
35,10
19,21
34,11
27,14
0,15
12,2
29,2
24,28
0,15
30,5
33,14
7,2
15,11
29,2
22,18
47,10
33,2
33,6
10,15
49,17
40,25
2,21
36,25
21,17
40,7
36,17
23,18
34,18
32,22
3,3
49,5
18,29
8,7
11,25
5,10
16,4
18,15
39,3
44,28
4,27
49,1
18,27
11,8
45,23
29,14
45,13
20,30
41,18
7,24
3,3
45,25
37,5
41,19
2,12
14,26
32,11
28,30
34,15
25,9
15,2
34,26
17,8
19,21
31,13
10,6
28,1
3,6
34,29
48,26
8,3
13,30
28,2
30,20
0,17
39,5
44,22
13,2
41,1
9,23
17,19
12,23
29,5
14,24
22,29
22,20
7,11
38,5
37,24
43,21
22,10
1,15
28,21
33,16
16,12
27,18
40,25
38,2
42,26
13,17
11,11
8,10
48,6
49,3
47,8
40,23
12,18
40,5
43,14
48,20
32,2
25,16
6,3
50,14
44,14
15,21
36,3
43,20
26,20
43,1
25,3
38,28
0,17
45,9
8,6
34,29
50,9
27,19
2,26
43,23
36,1
39,4
15,14
13,17
10,8
5,17
11,25
33,2
36,22
14,20
20,17
33,18
38,16
10,19
46,27
39,29
19,21
2,27
44,7
40,8
13,29
13,16
40,15
7,9
32,13
10,24
48,7
9,16
0,4
41,11
8,14
49,2
16,8
19,10
5,10
16,1
40,28
27,25
16,17
46,9
40,30
48,4
0,20
12,13
24,10
35,10
2,24
24,4
30,27
16,10
8,1
8,18
48,20
31,18
16,23
26,1
12,30
23,4
39,6
5,25
8,10
11,11
18,16
7,3
42,4
8,13
33,3
46,27
38,4
27,25
13,17
4,24
49,12
13,4
15,12
27,18
40,1
23,8
3,11
14,1
44,9
20,7
23,30
41,20
42,28
6,19
19,27
38,27
47,21
42,29
41,16
13,10
7,15
11,16
6,14
5,14
44,25
11,28
2,30
11,11
16,13
41,3
40,27
12,14
27,11
8,26
13,25
7,13
11,5
42,20
18,2
50,22
16,9
15,14
21,25
22,5
20,14
15,25
11,30
44,10
28,25
37,8
16,13
16,12
38,24
0,18
4,24
30,8
26,12
9,17
44,24
34,12
4,24
12,7
14,27
7,23
47,22
17,16
35,2
49,28
46,6
39,30
49,22
38,9
50,17
46,22
4,12
35,5
15,19
29,29
6,29
46,10
19,1
10,1
50,27
45,27
50,6
16,21
0,9
17,17
34,7
8,1
26,2
12,15
47,11
45,21
39,8
47,16
14,20
38,19
19,11
33,7
19,11
20,19
2,22
8,10
15,23
13,20
22,22
23,10
11,27
43,24
11,22
50,3
33,29
4,25
8,2
46,25
23,3
34,4
35,19
39,21
38,13
13,27
20,14
28,19
1,9
39,24
5,22
48,19
10,26
45,30
41,19
25,5
3,26
41,4
28,5
18,12
37,12
25,25
25,28
1,14
32,7
45,25
22,21
11,15
29,12
26,18
3,26
35,10
15,15
22,14
44,23
12,18
18,26
6,29
31,3
25,2
18,21
15,13
4,14
21,5
15,16
1,16
13,2
46,8
9,23
4,11
43,4
3,30
43,27
36,25
49,16
8,5
15,19
15,13
2,24
34,14
3,26
48,11
22,10
4,15
27,25
32,9
6,2
1,14
13,28
9,27
35,12
37,4
28,30
20,26
4,21
14,3
47,22
48,3
48,12
28,21
46,10
28,20
33,6
22,7
10,4
7,16
35,4
27,30
4,17
21,7
27,26
15,26
43,3
26,23
1,28
12,9
47,20
28,2
45,15
24,15
25,9
30,25
16,21
2,21
8,3
2,20
6,14
39,6
37,20
15,19
1,2
9,23
47,27
19,27
0,17
21,19
21,15
6,9
29,23
20,30
29,10
41,10
0,13
47,2
21,10
17,16
40,29
6,16
34,21
9,1
23,28
22,4
40,6
8,17
13,6
2,22
26,6
19,3
7,3
29,18
3,23
4,9
37,6
22,6
21,7
31,21
28,17
22,23
17,22
28,15
9,17
2,8
6,1
5,12
25,1
44,15
10,12
31,19
7,21
31,11
38,24
41,28
44,16
28,30
11,28
1,8
41,3
26,26
40,2
2,17
31,20
4,9
9,12
3,16
0,28
14,8
45,28
50,3
2,16
14,3
26,10
28,20
14,29
5,12
44,11
20,30
35,3
31,13
47,11
39,8
38,17
43,8
42,29
5,29
32,19
37,18
36,9
49,5
32,6
10,9
34,6
15,26
7,21
48,11
9,25
45,7
40,21
32,29
19,11
4,3
29,6
27,2
9,5
7,5
22,6
35,23
5,21
5,7
11,26
13,26
9,4
11,4
26,13
41,5
15,22
16,23
10,23
31,15
49,15
10,19
35,17
12,1
4,9
46,5
21,19
46,26
17,2
11,10
10,13
20,15
8,26
47,25
11,18
26,8
49,17
29,18
32,5
46,11
40,9
15,14
13,2
47,20
14,19
23,21
30,5
41,21
43,23
6,20
11,19
28,30
31,25
22,19
5,25
13,28
48,2
46,27
30,7
16,18
50,24
1,19
33,20
7,16
6,6
16,29
4,30
44,23
37,20
45,14
42,17
32,15
16,14
48,26
32,5
28,29
9,27
25,28
41,18
21,26
33,29
38,15
13,3
2,14
9,4
31,1
2,9
28,9
10,22
26,28
25,21
17,2
45,4
3,19
31,16
43,27
22,6
50,7
49,24
29,15
35,6
4,29
35,15
11,23
2,17
11,1
12,14
20,18
36,2
25,4
5,29
2,15
20,22
6,13
26,19
21,24
35,7
50,21
31,17
32,21
23,20
33,26
11,27
26,2
34,27
34,14
3,22
42,5
29,8
27,13
34,3
15,11
19,10
42,25
10,14
48,19
5,25
4,24
