33,10
43,14
0,29
4,1
48,8
28,8
5,1
36,28
32,12
11,21
48,25
32,25
3,13
19,5
7,29
23,16
35,11
7,13
43,11
35,4
50,28
18,25
40,12
25,13
50,14
16,6
35,14
46,8
20,9
10,19
5,9
11,9
33,10
40,24
50,6
19,18
1,25
20,20
3,8
34,25
3,19
29,24
22,20
16,30
37,3
38,9
28,17
7,7
46,21
42,12
39,13
7,8
46,5
48,19
45,15
31,30
32,3
16,24
12,25
3,14
24,10
14,20
4,25
11,1
1,27
43,5
15,16
33,8
35,13
11,7
4,21
27,30
13,17
34,26
41,15
28,9
48,29
48,5
14,12
44,21
16,14
22,13
7,15
25,26
25,17
4,3
35,19
44,3
35,25
47,20
35,20
31,13
13,12
31,23
17,1
14,9
22,29
19,7
14,25
13,28
40,10
45,2
12,30
26,12
11,16
44,23
26,10
17,25
30,6
43,8
35,13
6,17
19,25
15,29
16,17
21,5
36,23
19,29
26,5
14,16
11,11
1,27
8,3
22,3
8,9
41,25
13,25
7,6
28,2
48,5
17,4
38,30
35,17
7,18
6,7
27,11
24,29
12,8
46,1
4,5
41,11
12,18
11,10
35,23
50,30
46,11
42,9
48,24
8,8
37,17
30,6
2,20
50,28
29,17
2,4
37,30
17,7
44,18
4,18
4,25
50,2
3,3
50,18
17,1
46,4
30,3
10,14
38,4
27,28
27,11
18,14
8,5
30,16
19,2
6,19
44,19
34,7
0,20
15,23
4,3
20,3
42,13
28,27
37,14
8,9
38,22
1,19
4,8
37,28
45,2
43,22
23,2
32,27
8,30
1,27
11,25
4,28
24,24
33,25
31,2
33,26
47,20
37,9
16,27
2,11
48,30
16,4
5,21
2,6
22,4
30,29
11,18
5,6
37,29
0,27
3,27
25,18
39,1
21,4
1,15
2,6
3,2
34,26
41,11
37,2
17,28
29,29
1,25
19,11
48,19
18,18
4,6
44,13
9,27
23,8
21,23
21,1
11,1
4,26
20,8
43,28
0,27
49,10
41,30
4,18
46,10
30,27
8,25
29,19
12,29
11,19
1,21
46,2
4,9
22,14
49,30
40,18
0,26
41,23
18,18
20,28
0,29
14,10
21,28
22,8
8,25
40,1
22,12
44,2
31,22
27,19
13,7
34,21
39,7
5,2
17,4
18,11
8,24
26,18
7,30
32,21
10,27
11,4
25,28
12,5
45,22
21,10
17,18
46,7
34,10
6,10
34,18
48,17
4,24
32,1
23,13
18,22
33,28
13,10
30,26
33,2
37,1
5,9
22,3
30,15
4,6
18,18
31,27
17,25
13,2
16,13
17,12
40,1
29,20
49,16
29,16
43,14
9,25
0,17
4,22
8,14
47,4
9,28
48,3
12,23
18,17
4,10
49,23
50,15
1,9
37,30
40,22
25,2
34,21
13,25
44,7
46,22
18,14
28,4
35,26
49,7
5,2
25,19
35,20
8,10
6,7
15,18
14,12
26,29
2,21
22,16
31,14
32,5
29,27
11,11
11,1
48,19
20,15
21,12
11,20
32,29
13,7
18,13
1,14
21,24
13,11
9,24
47,7
17,5
27,17
6,19
17,29
36,12
16,21
1,7
26,11
27,5
17,30
43,29
2,16
23,24
5,5
35,21
9,3
39,30
9,29
39,11
32,1
14,29
11,3
46,5
6,27
44,30
49,28
1,8
16,25
30,3
49,29
16,5
0,3
38,24
31,29
46,3
1,4
11,13
17,19
13,16
17,28
6,25
36,16
19,21
18,24
5,18
5,12
38,29
34,19
2,15
43,8
42,2
2,8
8,9
5,5
17,27
1,10
21,22
35,29
49,19
11,29
24,24
8,25
20,30
6,4
6,22
50,29
42,20
19,17
31,26
22,14
1,5
45,21
9,2
33,14
28,12
11,19
36,13
47,13
16,14
28,30
19,15
37,28
46,4
27,9
17,17
31,28
32,11
23,27
36,10
33,10
30,16
22,12
31,29
0,2
2,29
13,26
8,11
2,24
32,24
35,17
49,13
4,27
8,8
33,18
18,6
12,2
19,17
48,29
49,25
2,8
2,18
27,11
30,16
24,7
41,14
28,9
44,26
42,18
13,24
5,18
18,26
46,17
4,25
50,26
0,23
23,10
24,3
15,16
50,12
2,26
46,1
38,15
46,21
21,19
21,23
43,28
22,3
3,16
40,4
7,27
6,5
17,5
13,10
50,21
25,4
16,7
19,24
18,5
50,24
12,29
27,2
44,14
38,30
18,26
30,21
38,30
9,7
48,16
24,13
31,15
43,7
30,9
1,28
21,6
28,21
42,30
13,4
49,13
34,29
43,24
44,2
39,18
6,23
10,26
1,18
4,7
20,10
0,22
27,15
12,30
38,27
15,30
38,22
49,29
31,11
15,10
17,15
21,9
40,29
14,13
24,14
11,11
47,2
47,24
35,10
39,1
28,23
1,29
18,9
30,1
14,21
6,6
32,29
19,2
8,12
25,4
20,5
5,21
10,10
15,16
42,20
40,17
35,21
6,28
38,20
23,16
5,16
12,11
16,12
49,12
11,7
8,1
15,23
42,23
45,16
18,24
36,20
25,28
8,5
27,3
26,15
19,24
15,11
43,16
8,30
27,7
21,13
31,21
1,20
45,19
14,21
38,30
18,10
23,23
26,14
15,28
33,20
1,6
25,27
18,1
17,17
11,21
22,24
28,16
34,11
26,29
7,6
31,4
48,20
21,10
20,12
8,5
34,26
1,7
41,4
17,30
48,14
21,25
35,30
6,21
25,4
25,20
25,13
9,5
50,12
11,27
45,19
38,12
47,27
46,24
22,8
17,17
47,15
6,23
30,10
16,17
27,11
1,1
12,10
3,15
48,14
20,2
35,14
22,30
16,7
5,22
18,10
47,21
9,16
25,1
34,1
15,21
38,9
36,10
11,4
1,12
35,25
46,27
40,29
6,27
5,2
35,1
16,10
17,16
44,15
48,5
49,18
29,6
12,5
38,17
27,20
19,8
36,28
6,8
1,3
47,12
10,12
44,3
31,11
2,5
42,7
44,7
41,22
6,28
20,13
5,7
31,1
38,26
46,7
0,2
26,21
36,13
19,4
41,8
38,14
9,14
43,11
19,18
23,17
9,5
4,3
37,26
33,14
43,15
10,16
13,17
37,4
17,24
30,14
18,16
27,27
24,4
46,22
0,15
0,8
33,7
2,20
36,20
15,4
20,28
26,14
0,4
40,2
32,18
12,9
35,29
28,13
49,1
3,23
6,28
4,10
21,3
27,30
15,29
19,25
27,24
43,19
50,15
38,5
37,26
19,4
26,10
45,20
41,16
12,3
37,2
34,17
50,21
35,10
36,29
29,12
24,1
14,18
32,3
22,17
21,4
9,3
14,15
21,2
30,13
44,17
27,13
5,11
46,15
11,30
19,25
5,21
2,25
37,17
13,30
8,13
23,28
50,14
25,8
36,9
46,4
2,7
1,14
24,25
42,17
46,1
14,12
11,22
23,2
44,23
19,28
27,10
14,16
32,13
42,5
31,24
36,6
42,24
10,27
17,11
2,6
14,25
44,12
8,9
8,2
15,6
22,12
27,6
31,1
21,21
18,21
49,29
32,25
24,29
28,8
49,30
7,24
6,16
16,7
18,20
23,24
5,27
49,10
41,2
12,17
4,10
13,19
46,4
17,15
8,3
29,15
24,21
6,14
5,4
48,20
45,7
41,13
7,2
21,21
3,23
35,27
43,14
24,1
38,10
6,4
9,16
37,1
31,1
33,22
40,11
4,19
8,7
30,6
16,13
21,24
33,25
50,2
1,28
23,18
9,14
35,5
43,23
9,7
22,23
1,13
24,11
0,12
16,29
32,1
35,7
17,30
35,7
42,17
46,19
38,23
36,5
37,7
50,22
20,5
34,26
19,19
49,20
1,15
25,14
40,5
9,24
41,2
4,7
49,27
26,11
49,12
17,30
10,19
36,8
4,11
48,24
8,20
46,25
7,29
16,10
0,17
12,9
20,14
39,4
44,30
26,19
30,9
50,6
42,10
46,19
10,13
11,17
35,29
43,20
47,9
15,2
37,1
38,2
29,21
42,23
45,27
13,3
5,6
17,21
24,29
39,24
40,23
11,24
5,7
20,19
44,9
19,12
15,5
9,1
44,5
11,8
1,8
43,10
44,7
48,12
2,16
21,22
43,28
