24,28
13,17
5,27
50,12
2,28
14,10
39,15
47,12
43,30
3,7
35,16
2,17
19,1
38,25
39,23
20,18
24,16
40,4
20,15
37,24
26,7
3,5
7,1
5,2
45,15
2,10
33,27
4,29
4,22
30,25
35,21
14,15
43,13
8,5
0,20
22,26
44,15
49,26
27,14
24,30
50,20
48,19
26,16
18,2
13,9
42,23
17,6
38,16
9,7
20,8
23,28
12,9
16,3
7,12
32,18
34,4
31,16
32,12
0,11
6,17
9,11
22,3
20,3
17,6
17,14
2,30
18,29
33,6
26,26
43,9
12,28
37,22
34,2
12,25
23,4
41,17
39,15
42,1
25,5
40,29
13,11
11,23
9,4
21,23
44,30
28,17
4,18
19,25
21,16
35,4
23,29
12,21
3,4
20,24
23,13
35,25
15,15
1,17
39,8
24,23
16,20
28,24
15,3
34,25
43,15
34,20
9,16
47,25
16,27
6,27
49,1
30,7
1,27
4,10
34,16
28,1
10,5
3,30
39,10
8,27
6,30
13,15
41,16
28,17
41,12
39,22
32,5
50,1
46,29
35,2
29,22
2,13
38,28
30,18
22,3
14,26
40,22
13,3
34,21
46,17
9,6
41,12
44,3
22,29
38,5
13,28
38,21
27,29
36,29
9,13
39,2
16,29
1,2
2,25
20,7
34,15
25,6
12,5
27,18
0,14
44,15
39,29
48,1
36,25
22,24
15,8
10,19
41,9
25,13
13,28
14,15
28,22
8,15
41,3
40,22
6,11
31,27
6,18
27,1
50,12
3,25
36,2
39,3
21,14
0,14
47,8
13,11
34,4
47,10
2,23
14,8
21,29
13,26
47,8
25,6
44,28
37,22
29,26
24,12
22,18
14,24
46,29
3,11
11,6
43,29
5,26
47,24
0,5
11,30
25,17
23,16
2,16
29,12
12,25
41,27
31,20
35,16
32,2
50,17
45,13
11,27
5,21
33,5
4,30
11,2
48,21
27,16
33,9
1,12
18,22
41,27
38,27
28,20
32,1
18,14
42,30
35,5
3,7
8,5
14,14
23,27
32,30
1,26
1,6
50,10
29,14
7,17
49,27
39,20
46,8
25,3
12,20
50,15
16,9
42,23
28,7
4,2
48,18
29,17
19,15
41,26
13,1
30,6
20,2
11,16
29,16
42,7
27,16
41,5
26,14
15,1
27,19
5,2
49,19
19,11
12,11
3,21
37,12
2,28
10,18
6,2
13,8
48,18
20,12
3,10
40,3
50,30
1,1
7,8
0,28
2,28
32,4
29,21
8,29
34,23
43,25
8,24
32,26
29,7
26,10
12,13
32,17
46,1
37,8
2,8
16,22
38,13
21,7
16,28
34,20
43,27
22,7
21,3
30,25
29,21
24,19
35,11
5,19
38,28
32,9
13,24
27,23
21,4
13,29
0,11
36,12
35,9
44,5
2,2
37,4
48,28
10,10
17,19
45,4
8,18
29,3
10,6
40,30
29,2
26,12
7,3
6,22
10,5
11,9
36,13
4,5
19,5
10,13
6,16
47,13
35,6
1,7
21,20
46,12
4,3
39,17
41,6
13,23
49,30
48,23
41,18
0,12
36,21
4,21
8,4
19,2
21,28
37,8
24,6
18,20
20,4
7,4
3,27
32,19
23,24
0,21
30,19
25,7
22,29
26,19
29,1
2,21
33,23
8,30
17,7
36,21
37,30
9,5
10,16
45,9
3,25
41,16
37,12
41,22
4,6
44,5
24,16
22,2
43,2
4,15
45,6
49,19
26,19
29,1
45,13
40,30
1,20
34,17
10,4
50,23
6,30
24,21
32,5
13,8
3,30
43,26
28,28
40,13
8,1
12,8
39,5
12,19
23,15
48,17
36,21
45,13
30,21
14,16
26,14
45,25
0,14
34,11
32,11
28,5
9,18
29,6
22,7
18,18
35,22
30,14
22,7
5,10
14,12
49,22
47,2
44,1
39,14
3,22
11,1
47,11
21,5
0,10
34,26
24,17
33,20
26,26
26,10
19,11
41,12
16,4
6,26
38,28
10,13
15,20
42,25
42,14
42,16
45,8
44,7
41,26
42,5
29,16
1,18
30,3
34,24
22,7
27,15
46,16
31,30
38,2
16,5
5,13
6,27
17,2
22,30
36,10
25,26
26,15
25,7
33,16
49,22
12,25
36,22
18,30
35,21
36,15
20,19
19,1
40,26
21,3
5,14
45,10
37,14
23,27
26,23
25,14
41,10
23,29
37,25
3,27
3,21
11,4
11,12
0,15
24,29
15,21
25,17
19,8
2,17
22,26
23,16
14,12
15,8
38,24
8,17
37,20
42,21
0,20
37,7
0,8
17,20
12,17
23,16
35,15
6,3
50,14
16,28
17,24
48,16
5,11
13,29
18,10
20,25
29,25
44,22
45,21
21,12
41,24
14,18
32,11
9,14
37,11
34,3
11,21
8,27
19,23
22,27
33,15
9,2
23,7
38,25
17,4
24,15
31,9
44,12
7,1
34,1
26,29
8,2
8,3
34,25
14,17
3,17
36,18
50,6
43,20
29,17
39,27
46,24
49,13
24,14
45,28
4,13
5,10
21,30
8,6
9,1
45,9
29,21
6,25
9,16
18,14
49,5
5,13
45,10
41,18
39,20
10,3
48,21
6,25
3,8
5,9
45,19
4,19
10,7
0,26
13,11
6,19
41,8
3,29
44,6
50,18
7,12
21,24
18,4
36,26
33,27
40,6
18,15
42,26
21,18
9,26
44,6
47,13
44,30
18,17
13,9
21,27
27,18
2,28
33,10
35,26
31,10
50,15
39,1
39,22
24,9
47,18
30,13
42,6
46,27
32,3
44,7
22,19
47,18
28,2
50,17
6,20
15,11
20,20
14,2
49,18
15,28
42,11
47,22
39,8
30,24
13,18
17,4
21,28
10,26
47,21
26,14
15,2
33,21
38,15
36,17
30,17
12,4
6,26
26,15
7,10
27,3
50,4
37,18
37,18
44,2
25,20
5,22
6,20
47,20
34,19
1,24
11,15
49,3
24,22
27,4
48,29
7,5
35,16
15,15
42,29
12,6
37,15
38,4
24,22
6,14
27,2
45,12
37,30
38,19
48,21
36,14
17,11
5,14
36,30
4,8
11,5
33,24
17,28
35,13
27,15
47,27
48,14
35,8
33,29
19,5
47,24
41,26
31,11
25,13
2,6
47,2
5,17
8,27
1,7
47,30
22,23
12,23
41,22
33,27
23,24
17,4
28,5
29,13
20,12
16,4
2,1
33,5
34,11
12,14
11,17
11,9
41,17
19,27
50,13
47,28
28,24
9,3
7,17
50,30
6,8
39,18
15,17
15,7
4,11
50,17
27,5
34,21
20,2
47,30
26,17
4,29
0,7
28,24
44,19
25,3
30,3
26,15
10,9
4,10
14,24
24,13
23,9
23,17
18,6
17,15
14,12
4,13
14,18
12,18
0,4
45,26
31,25
9,8
36,3
0,2
47,2
33,16
20,25
24,22
16,15
28,14
28,19
42,8
49,18
37,2
18,3
46,22
41,3
41,23
10,29
28,3
49,10
2,26
37,27
36,20
15,6
9,4
24,28
40,29
34,13
41,27
11,12
14,22
44,18
29,13
12,7
6,26
22,28
45,17
22,2
42,25
38,9
42,18
16,2
32,15
22,28
35,17
11,3
35,25
28,5
3,11
27,15
41,17
45,10
30,28
12,6
47,11
31,22
0,8
50,4
15,24
13,12
41,6
25,7
31,30
0,17
43,7
40,17
40,5
19,23
33,13
7,20
37,8
49,19
28,3
37,22
48,16
29,15
46,16
12,17
42,11
0,17
14,10
33,21
21,4
15,21
47,19
3,21
35,3
8,24
30,18
4,30
7,23
21,8
22,14
42,2
48,19
4,12
42,4
12,21
44,23
7,15
26,6
40,7
50,5
43,5
3,3
33,24
11,19
34,7
40,12
16,4
37,15
15,14
23,3
30,16
33,14
33,15
12,20
50,3
23,3
0,14
16,26
13,21
30,14
44,7
23,20
0,26
8,30
39,5
42,5
28,22
21,26
1,27
11,8
6,1
45,30
5,23
45,16
9,4
8,21
33,6
10,4
5,27
18,4
0,15
18,22
19,1
5,30
21,25
45,13
6,18
36,14
34,27
25,25
22,29
3,28
7,4
18,15
47,25
7,23
19,4
13,21
48,18
17,17
4,28
47,20
39,25
13,27
36,30
35,7
16,15
16,7
5,29
3,8
5,22
34,27
42,21
18,7
48,5
45,26
15,5
48,30
0,10
