33,19
11,2
10,19
21,19
23,21
41,30
10,29
37,2
39,3
48,21
4,5
29,16
49,23
10,10
9,30
12,25
7,18
35,15
50,28
38,16
2,23
50,17
45,19
41,6
27,25
16,17
14,2
39,14
41,3
46,23
8,21
28,18
49,14
28,18
2,12
39,21
24,29
33,25
3,3
44,16
50,30
9,20
25,9
39,1
15,19
34,10
50,25
14,14
6,17
16,30
37,24
33,26
11,20
47,17
22,3
1,6
0,2
17,22
19,17
26,14
0,18
13,4
22,13
20,21
34,29
20,22
0,14
20,16
37,14
20,30
27,10
28,25
36,8
44,14
15,20
13,19
10,6
39,5
33,8
14,5
44,26
38,18
40,1
46,18
16,24
25,15
22,19
33,13
33,21
0,13
47,27
50,21
18,15
42,27
27,18
34,15
17,24
23,17
47,7
44,23
0,14
8,15
12,29
41,3
43,21
16,22
43,11
6,24
38,23
16,22
27,20
46,15
50,20
0,1
46,30
29,29
19,23
29,16
49,17
10,23
48,5
8,29
6,6
14,24
7,29
43,4
33,8
20,2
17,6
1,6
10,24
30,28
31,20
29,3
36,5
46,26
9,4
32,12
10,28
31,24
22,1
4,14
6,26
27,22
21,18
30,28
44,27
8,19
43,2
44,18
18,16
10,4
49,12
33,6
15,11
37,6
4,25
4,1
4,15
30,9
49,16
14,13
32,8
6,24
49,8
48,10
42,30
38,4
45,23
47,14
22,25
12,2
48,25
20,3
19,20
40,5
1,18
13,14
26,4
31,17
6,29
3,16
5,21
4,1
26,5
46,16
11,1
31,22
15,30
19,2
29,7
29,24
36,11
27,23
13,28
41,30
17,18
33,10
32,26
9,5
28,28
3,30
6,30
5,30
43,22
13,12
17,12
2,6
31,1
4,7
3,26
23,20
3,13
11,12
1,2
24,5
18,30
19,20
31,12
46,18
15,10
1,14
12,4
12,3
48,3
49,24
22,27
27,28
8,28
29,24
48,10
9,24
8,24
24,13
44,6
5,23
49,16
3,2
26,3
11,10
30,18
6,29
6,22
43,16
49,2
8,14
24,17
7,12
10,29
19,24
15,4
36,3
9,8
3,30
18,1
16,11
15,4
14,19
14,16
19,20
38,9
19,11
22,19
3,5
35,11
6,19
42,2
6,4
29,6
31,13
39,4
8,2
23,19
37,29
20,20
12,11
1,18
26,23
40,11
50,20
16,11
9,11
46,21
23,17
3,8
2,12
43,22
7,15
13,18
16,20
39,2
17,26
48,28
3,4
2,22
20,23
42,22
39,25
25,23
28,29
36,1
16,8
41,20
22,1
39,23
38,9
0,8
16,25
32,3
38,13
23,23
39,1
8,10
37,21
4,16
18,22
47,30
27,25
14,6
15,9
33,17
21,13
8,14
15,7
29,30
12,5
31,12
0,11
34,10
34,4
8,26
35,28
11,24
32,19
2,5
44,13
39,2
5,22
23,17
35,29
49,7
21,9
21,1
24,29
29,11
3,24
5,30
48,16
14,16
49,1
21,18
30,11
18,1
48,6
31,6
41,18
0,23
39,4
27,4
0,8
32,18
0,8
1,8
40,20
20,22
0,3
47,20
12,11
7,17
24,19
12,30
24,30
13,2
28,16
35,1
42,19
28,7
16,15
15,14
13,11
45,3
33,12
6,30
0,30
7,21
6,23
7,9
5,22
15,24
43,22
9,29
29,17
11,15
8,28
46,25
17,22
42,18
22,20
35,16
25,19
15,12
44,11
40,15
39,21
8,30
40,15
46,26
11,13
12,13
4,13
38,9
25,6
6,11
45,17
4,30
33,27
14,17
2,4
28,13
18,27
10,21
33,7
15,15
34,22
10,13
3,16
11,20
18,21
9,19
37,10
43,9
10,9
11,26
10,16
35,26
38,14
43,11
50,28
31,20
12,16
0,24
19,1
14,5
39,10
0,30
12,11
23,3
19,11
29,11
4,29
2,28
32,25
18,29
5,24
12,10
15,25
25,22
20,11
48,5
22,13
11,4
28,21
5,12
25,17
20,3
14,11
28,5
18,6
16,18
10,7
32,13
6,26
42,23
22,23
42,26
48,25
0,19
20,3
38,4
37,27
50,13
46,21
34,2
17,12
5,4
42,5
40,19
17,21
27,17
30,16
6,19
22,10
15,3
39,18
9,26
17,20
37,5
31,6
29,21
47,18
0,2
15,3
41,16
12,10
9,16
23,8
23,7
14,21
21,16
10,6
0,20
20,22
30,27
7,26
25,16
45,7
47,2
41,15
7,9
41,3
30,30
4,16
5,1
46,22
29,17
5,1
39,9
20,9
10,27
0,22
2,13
32,21
13,20
17,26
37,4
3,1
11,20
9,17
36,20
5,22
1,18
29,8
30,4
42,4
7,23
42,26
8,4
10,15
1,3
26,9
50,8
5,25
3,11
34,10
14,5
31,26
20,8
31,2
40,8
14,8
20,27
44,24
2,30
13,25
40,2
0,1
14,9
24,13
31,28
19,26
13,19
7,2
44,8
22,17
36,27
18,2
12,8
49,28
29,17
12,25
7,27
50,11
22,20
1,25
9,4
17,20
10,25
4,1
15,21
14,16
17,22
4,18
16,8
48,3
37,19
5,13
14,13
40,7
40,30
38,5
34,11
7,2
17,10
40,25
9,23
17,2
29,21
39,21
12,17
0,27
7,10
29,9
46,30
12,18
31,18
49,5
0,20
24,30
28,17
10,27
42,21
44,24
50,16
13,15
24,1
34,25
6,16
43,16
38,26
19,30
11,21
46,18
28,6
0,28
1,12
39,4
27,28
5,15
5,8
38,11
35,4
27,3
29,17
0,16
7,24
0,6
42,21
45,8
23,30
4,5
13,11
14,10
44,25
6,4
8,2
5,29
28,27
15,23
43,8
32,28
23,12
48,12
7,7
26,12
46,13
46,1
34,3
30,28
15,20
25,23
42,30
28,24
20,2
42,6
2,27
38,1
44,29
32,5
0,11
24,27
22,2
49,20
15,12
10,28
17,24
46,22
19,12
28,14
12,4
32,4
44,6
24,8
5,14
29,15
1,23
43,28
1,11
28,18
5,16
12,19
4,12
5,9
43,6
27,11
17,15
44,30
23,23
6,30
13,19
2,2
27,12
50,30
5,6
16,5
50,5
27,9
26,28
16,18
4,27
21,26
10,15
18,26
35,14
15,26
2,18
24,13
49,13
39,20
19,20
35,19
23,7
42,30
38,13
13,24
7,14
33,20
46,8
19,22
5,27
30,3
9,26
19,14
17,22
47,21
28,16
35,20
2,1
29,30
10,17
23,13
23,16
19,17
33,1
42,9
36,2
16,6
37,6
43,28
48,26
28,25
31,25
21,11
6,28
24,25
13,23
44,8
38,12
13,4
33,14
25,1
12,3
2,24
50,7
40,3
19,17
22,23
9,17
23,28
11,15
5,24
41,3
33,6
45,3
9,4
17,29
7,24
32,4
29,17
31,22
12,19
42,8
25,24
29,17
14,9
46,27
30,5
2,1
23,8
15,3
47,20
9,7
50,28
45,7
38,11
28,12
11,22
27,7
26,9
6,9
21,1
17,15
37,22
16,24
36,24
8,10
10,4
6,20
35,29
18,3
9,30
5,4
23,24
14,29
42,13
21,7
39,25
44,13
28,13
24,29
35,27
25,27
10,27
14,1
45,27
16,6
15,20
31,1
20,5
19,1
16,15
34,22
7,2
0,14
5,18
18,12
44,2
40,7
6,3
47,21
8,15
46,18
21,22
36,10
27,28
47,15
36,16
23,21
23,7
21,9
20,19
47,3
5,22
33,29
50,30
41,17
43,13
11,3
0,26
34,7
42,1
9,13
7,8
48,5
27,6
21,9
1,15
26,22
10,22
48,27
20,24
12,26
37,10
18,21
27,22
8,17
40,22
32,2
46,21
31,30
14,22
31,10
30,1
14,7
18,21
32,7
13,21
39,29
44,7
15,14
25,23
6,13
10,25
33,11
39,12
19,26
19,6
38,19
34,1
9,27
27,1
12,28
44,3
26,5
33,11
23,3
26,23
39,11
16,12
38,27
15,29
22,3
40,9
23,25
18,3
13,28
40,18
26,10
30,6
50,17
47,9
29,17
10,10
3,14
18,2
35,7
2,1
5,28
45,23
12,2
25,21
8,21
3,13
35,11
29,21
2,11
50,15
12,4
3,8
45,3
20,14
32,26
25,11
8,25
45,5
30,10
25,19
7,30
32,22
21,3
49,17
37,3
41,10
1,11
16,29
38,17
23,23
8,17
