2,22
3,14
45,5
48,5
12,6
37,16
23,15
44,30
0,6
19,13
31,29
0,14
28,30
24,22
9,9
24,12
4,23
42,15
45,2
29,6
40,9
43,19
24,2
26,30
34,10
37,24
40,5
22,25
26,6
38,8
47,4
31,10
9,8
33,2
3,16
39,10
21,7
6,12
11,14
50,8
50,5
25,17
23,17
15,24
5,30
37,30
18,11
30,4
46,22
33,12
43,6
22,1
23,27
32,26
16,7
2,4
50,8
45,28
45,26
9,14
15,30
38,9
29,30
6,28
10,7
8,10
3,12
29,18
10,28
4,21
18,2
24,23
47,3
12,16
15,25
30,9
33,26
35,14
34,4
7,17
16,8
43,11
6,26
38,1
27,21
44,16
11,30
3,12
26,3
15,29
10,22
35,5
13,5
17,10
17,20
31,13
42,18
39,16
29,21
15,17
27,8
44,15
14,6
45,15
17,12
40,15
0,26
28,21
4,11
0,27
13,1
24,30
31,6
3,24
34,16
26,28
25,18
25,4
15,25
10,23
4,7
0,18
23,17
24,8
30,18
27,17
16,28
20,16
8,30
35,16
15,6
9,22
30,19
29,20
39,3
47,7
18,7
42,29
39,1
38,3
28,19
9,25
38,17
14,24
26,2
4,13
28,29
26,27
4,17
9,9
11,13
43,4
2,1
16,25
45,5
23,27
32,7
46,21
47,1
21,15
35,19
23,7
20,30
0,7
15,10
21,12
16,1
28,20
33,18
43,30
3,3
40,22
12,6
0,8
42,29
44,15
25,21
1,14
12,22
46,9
17,15
48,9
27,16
18,18
46,8
2,13
17,11
36,10
9,25
29,13
42,30
12,3
16,19
20,6
12,15
11,3
43,10
13,24
24,26
14,24
22,26
28,11
26,29
36,8
18,16
20,25
21,24
24,24
23,18
35,25
25,10
12,27
14,23
15,23
22,8
47,23
43,19
42,2
0,3
10,3
13,10
40,28
14,26
19,16
50,17
29,19
46,28
38,11
12,6
33,1
43,30
6,29
23,11
41,25
30,23
19,22
16,12
47,1
1,24
23,30
10,12
4,6
4,24
26,9
34,21
22,1
37,4
26,11
10,9
50,21
46,19
26,11
1,8
12,14
49,12
31,17
18,2
3,2
24,17
26,26
2,16
14,19
46,3
44,2
36,12
47,8
37,11
19,10
11,2
27,15
1,17
32,27
22,4
37,6
21,22
26,21
21,6
14,9
5,24
28,15
22,23
8,18
42,26
19,25
18,19
25,7
10,14
10,14
0,7
16,25
4,11
5,28
31,13
2,12
14,20
9,2
48,5
22,15
26,20
33,22
20,29
46,8
29,15
41,28
20,19
31,30
14,9
48,9
36,23
32,28
10,27
9,8
25,19
41,30
18,12
14,7
8,26
20,9
37,11
14,20
5,19
50,25
45,28
40,27
1,25
41,11
40,5
15,1
17,10
49,19
18,10
14,11
37,27
32,15
2,24
19,12
22,29
37,20
10,30
46,2
37,20
48,3
10,28
40,12
46,1
7,19
32,30
44,19
49,22
11,10
29,25
32,5
11,19
42,27
20,25
7,22
16,17
39,9
8,10
8,24
46,5
47,17
24,9
39,7
49,7
36,14
16,28
16,15
2,2
33,29
7,13
41,12
36,20
7,19
27,15
11,29
8,12
49,25
48,8
29,2
32,26
12,19
6,30
25,22
22,3
8,1
49,5
39,17
47,11
17,30
27,23
13,8
36,11
41,28
17,4
22,3
46,7
9,21
22,30
33,6
19,16
13,24
22,5
21,18
50,16
30,6
10,6
40,6
24,9
48,7
5,10
30,14
42,8
45,26
27,6
24,10
14,1
3,10
27,14
41,8
19,29
49,9
2,20
30,8
38,2
21,30
7,20
13,2
38,10
45,6
16,19
14,13
3,2
18,22
6,18
0,24
43,26
17,10
47,17
23,19
21,27
23,1
25,14
26,5
24,10
3,1
9,24
10,28
25,11
19,27
44,21
38,23
44,14
4,14
7,19
27,9
45,26
22,17
26,19
0,17
13,4
20,2
33,20
20,22
3,9
7,19
39,14
38,13
37,15
28,10
29,4
13,26
20,25
45,28
0,11
24,20
1,19
39,24
23,15
14,23
11,14
0,12
10,30
5,21
36,19
7,28
30,25
2,4
40,7
17,30
18,14
20,4
49,11
41,26
45,14
19,16
40,11
49,30
29,17
40,9
33,2
44,20
4,26
21,24
9,5
35,27
46,4
34,7
36,24
15,25
35,21
39,22
40,6
50,25
21,30
28,29
0,26
7,21
21,26
2,22
5,29
15,29
0,23
11,17
25,11
42,6
38,23
3,6
27,10
35,12
46,7
37,29
0,5
28,12
20,1
34,26
46,23
35,24
2,29
11,28
34,28
24,18
34,28
12,30
43,30
2,19
18,8
20,4
38,19
22,15
49,18
8,19
1,11
13,4
17,21
20,10
36,24
29,29
21,6
32,11
50,25
36,21
24,8
12,1
24,24
14,30
4,28
26,24
23,23
22,2
3,9
21,25
14,27
37,8
2,18
26,28
48,7
30,8
11,4
18,20
26,12
7,14
33,16
42,26
8,19
37,8
9,20
39,13
44,7
0,22
32,28
19,27
43,11
49,12
16,8
13,28
6,12
14,4
49,27
17,23
39,10
45,27
15,20
4,29
6,11
23,26
10,15
0,27
2,26
6,7
14,6
48,21
43,13
25,30
16,10
20,11
37,20
40,30
39,7
21,6
1,28
7,15
41,19
20,12
8,7
17,11
17,16
15,6
32,21
45,4
26,10
18,7
44,6
45,6
25,28
6,27
19,21
31,28
43,3
45,14
23,9
2,8
24,6
7,3
4,10
44,22
33,21
47,9
2,8
13,17
33,29
3,11
37,18
45,20
38,20
13,2
48,16
27,20
36,21
3,2
14,1
23,1
8,10
48,9
45,28
1,18
8,8
8,28
10,22
26,3
46,16
14,2
20,6
27,20
45,6
24,24
14,27
27,6
44,29
35,4
45,12
38,24
38,7
15,18
31,6
33,9
3,15
50,16
11,29
38,28
20,20
27,13
42,24
33,3
15,14
18,6
49,7
32,22
9,3
13,15
28,17
38,7
42,16
46,15
22,27
37,4
8,17
47,9
27,19
49,12
39,21
20,11
35,13
50,13
6,29
17,1
40,20
50,21
35,19
1,11
27,8
41,19
10,29
20,6
46,23
15,20
37,27
24,24
14,4
31,29
16,7
1,24
11,3
14,13
50,6
5,14
43,25
45,4
41,7
32,17
22,26
12,28
19,6
7,23
39,29
20,17
35,21
30,21
41,7
33,25
47,25
45,12
22,25
7,10
28,24
22,30
19,3
27,3
16,4
33,1
27,17
36,28
4,24
47,30
40,25
2,27
5,27
17,8
45,16
26,16
8,15
8,12
44,19
11,11
25,2
35,25
48,15
37,23
42,23
21,26
22,26
14,10
11,30
0,29
18,3
50,30
0,8
3,7
6,29
39,24
11,9
17,3
28,28
31,27
32,10
19,10
24,4
37,24
33,6
21,2
27,7
50,20
46,22
37,6
21,29
50,16
34,3
49,10
12,7
2,12
43,17
41,30
8,11
14,15
42,21
17,25
40,25
42,20
0,7
14,11
23,29
1,20
20,3
46,20
26,13
43,4
33,14
9,8
47,10
41,11
49,18
42,26
19,1
9,29
11,7
11,17
6,26
41,5
34,11
11,4
27,1
0,19
30,26
23,23
26,27
38,21
32,9
3,27
26,24
46,15
17,23
28,5
45,21
47,20
19,4
17,16
14,21
32,13
33,26
50,18
33,15
40,8
18,15
42,5
48,14
0,11
26,13
46,11
40,7
41,9
34,4
49,12
41,3
22,29
1,5
7,28
42,27
42,23
31,25
37,24
11,26
2,29
2,25
37,11
30,25
1,10
37,10
26,4
18,5
47,28
39,30
36,18
27,6
47,5
0,28
37,20
41,21
10,8
46,22
43,10
24,26
5,7
48,15
39,9
12,27
25,22
28,16
38,27
41,17
8,13
10,24
31,28
27,25
38,24
50,15
16,27
18,15
33,28
20,13
26,17
44,30
25,15
35,30
35,4
5,5
17,10
33,23
28,3
20,13
29,7
5,2
43,4
37,22
45,19
20,22
8,5
36,18
44,10
23,5
36,26
2,10
6,15
32,12
13,8
48,3
42,12
22,17
13,15
9,8
48,13
12,6
0,16
1,28
8,23
38,3
46,5
12,2
41,26
7,10
39,14
10,5
11,17
42,5
10,28
7,22
20,18
46,8
16,28
6,14
13,19
10,23
49,21
48,28
1,8
46,17
17,18
21,16
10,2
32,1
28,18
25,9
38,20
11,24
